%    UNITS: X,Y,Z in in;  Magnetic Field Intensity in Amps/meter
%             X (in)              Y (in)              Z (in)        RealScatX        RealScatY        RealScatZ         RealTotX         RealTotY         RealTotZ
                0              -11                0    -7.171973e-06        3816.5604   -1.6964518e-07    -7.171973e-06        3885.5661   -1.6964522e-07 
                0       -10.777778                0   -7.5382182e-06        4051.2594   -1.8757168e-07   -7.5382182e-06        4125.2106    -1.875717e-07 
                0       -10.555556                0   -7.9263843e-06        4306.2917   -2.0787105e-07   -7.9263843e-06         4385.666   -2.0787108e-07 
                0       -10.333333                0   -8.3376732e-06        4584.0425   -2.3092821e-07   -8.3376732e-06        4669.3738   -2.3092825e-07 
                0       -10.111111                0   -8.7732633e-06        4887.2685   -2.5718083e-07   -8.7732633e-06         4979.155   -2.5718087e-07 
                0       -9.8888889                0   -9.2343168e-06        5219.1741   -2.8716462e-07   -9.2343168e-06        5318.2869   -2.8716466e-07 
                0       -9.6666667                0    -9.721884e-06        5583.5064   -3.2151161e-07   -9.7218841e-06        5690.5998   -3.2151165e-07 
                0       -9.4444444                0    -1.023689e-05        5984.6777   -3.6096256e-07    -1.023689e-05        6100.6004   -3.6096261e-07 
                0       -9.2222222                0   -1.0780041e-05        6427.9229   -4.0644584e-07   -1.0780041e-05        6553.6313   -4.0644588e-07 
                0               -9                0   -1.1351754e-05        6919.5057   -4.5902797e-07   -1.1351754e-05        7056.0783   -4.5902802e-07 
                0       -8.7777778                0   -1.1951942e-05        7466.9923   -5.2002667e-07   -1.1951942e-05         7615.647    -5.200267e-07 
                0       -8.5555556                0   -1.2579919e-05        8079.6217   -5.9101892e-07   -1.2579919e-05        8241.7337   -5.9101894e-07 
                0       -8.3333333                0   -1.3234103e-05         8768.814   -6.7392748e-07   -1.3234103e-05        8945.9361   -6.7392751e-07 
                0       -8.1111111                0   -1.3911686e-05        9548.8843   -7.7105299e-07   -1.3911686e-05        9742.7687   -7.7105304e-07 
                0       -7.8888889                0   -1.4608195e-05        10438.067   -8.8522163e-07   -1.4608195e-05        10650.686   -8.8522168e-07 
                0       -7.6666667                0   -1.5316849e-05        11460.021   -1.0198321e-06   -1.5316849e-05        11693.591   -1.0198322e-06 
                0       -7.4444444                0   -1.6027662e-05        12646.111   -1.1789817e-06   -1.6027662e-05        12903.101   -1.1789818e-06 
                0       -7.2222222                0   -1.6726326e-05        14038.947   -1.3675763e-06   -1.6726326e-05        14322.092   -1.3675763e-06 
                0               -7                0   -1.7392313e-05        15698.089    -1.591442e-06   -1.7392313e-05        16010.375    -1.591442e-06 
                0       -6.7777778                0   -1.7996292e-05        17709.514    -1.857185e-06   -1.7996292e-05         18054.13    -1.857185e-06 
                0       -6.5555556                0   -1.8495872e-05        20201.827   -2.1720547e-06   -1.8495872e-05         20582.07   -2.1720547e-06 
                0       -6.3333333                0   -1.8828084e-05         23374.63   -2.5429197e-06   -1.8828084e-05        23793.712   -2.5429197e-06 
                0       -6.1111111                0   -1.8894946e-05        27547.488   -2.9738357e-06   -1.8894946e-05        28008.213   -2.9738358e-06 
                0       -5.8888889                0   -1.8531558e-05        33233.232   -3.4602191e-06   -1.8531558e-05        33737.464   -3.4602192e-06 
                0       -5.6666667                0    -1.742926e-05        41160.834    -3.974596e-06    -1.742926e-05        41708.669    -3.974596e-06 
                0       -5.4444444                0   -1.4962408e-05        51593.792   -4.4414517e-06   -1.4962408e-05        52182.359   -4.4414518e-06 
                0       -5.2222222                0   -1.0126928e-05        59490.657   -4.7597955e-06   -1.0126929e-05        60112.497   -4.7597956e-06 
                0               -5                0   -3.8010608e-06        46299.713   -5.1524008e-06    -3.801061e-06        46940.848   -5.1524009e-06 
                0       -4.7777778                0   -2.9275063e-07        20925.941   -6.2300668e-06   -2.9275078e-07        21564.013   -6.2300669e-06 
                0       -4.5555556                0    1.5995631e-06        10858.391   -8.5397526e-06    1.5995635e-06        11461.662   -8.5397526e-06 
                0       -4.3333333                0    3.9837081e-06        8922.8617   -1.2893631e-05    3.9837082e-06        9451.1688   -1.2893631e-05 
                0       -4.1111111                0     7.246473e-06        7653.2832   -1.9583297e-05    7.2464737e-06        8061.8648   -1.9583297e-05 
                0       -3.8888889                0    1.0491034e-05        4661.8205   -2.6474777e-05    1.0491034e-05         4907.966   -2.6474777e-05 
                0       -3.6666667                0    1.2231693e-05        575.22987   -2.9909697e-05    1.2231691e-05        626.26625   -2.9909697e-05 
                0       -3.4444444                0    1.2722016e-05       -4853.8061   -3.0260163e-05    1.2722016e-05       -5013.6645   -3.0260163e-05 
                0       -3.2222222                0    1.2177413e-05       -16500.046   -2.8284522e-05    1.2177413e-05       -16866.286   -2.8284522e-05 
                0               -3                0    9.7282436e-06       -32663.169   -2.2714187e-05    9.7282437e-06        -33212.16   -2.2714187e-05 
                0       -2.7777778                0    6.1702118e-06       -42707.409   -1.5413803e-05    6.1702116e-06       -43401.773   -1.5413803e-05 
                0       -2.5555556                0    3.1791517e-06       -45772.824   -9.6921066e-06    3.1791512e-06       -46569.199   -9.6921066e-06 
                0       -2.3333333                0     1.118815e-06       -45945.418   -6.0964273e-06     1.118815e-06        -46802.06   -6.0964272e-06 
                0       -2.1111111                0   -2.7219198e-07       -45435.357   -3.9190158e-06   -2.7219211e-07       -46317.491   -3.9190159e-06 
                0       -1.8888889                0   -1.2298069e-06       -44798.298   -2.5833291e-06   -1.2298069e-06       -45680.449   -2.5833291e-06 
                0       -1.6666667                0   -1.8991674e-06       -44173.583   -1.7457823e-06   -1.8991676e-06       -45039.437   -1.7457823e-06 
                0       -1.4444444                0   -2.3703359e-06       -43603.323   -1.2054933e-06   -2.3703359e-06        -44444.19   -1.2054934e-06 
                0       -1.2222222                0   -2.7020719e-06       -43102.065    -8.450558e-07    -2.702072e-06        -43914.94   -8.4505588e-07 
                0               -1                0   -2.9342862e-06       -42677.548    -5.945945e-07   -2.9342862e-06       -43463.333   -5.9459458e-07 
                0      -0.77777778                0   -3.0941869e-06       -42334.409   -4.1191157e-07   -3.0941871e-06       -43096.526   -4.1191157e-07 
                0      -0.55555556                0   -3.1999011e-06       -42075.004   -2.7024199e-07   -3.1999011e-06       -42818.415   -2.7024199e-07 
                0      -0.33333333                0   -3.2641971e-06       -41900.776   -1.5354321e-07   -3.2641973e-06       -42631.334   -1.5354321e-07 
                0      -0.11111111                0   -3.2946382e-06       -41813.653   -4.9912053e-08   -3.2946382e-06       -42537.683   -4.9912076e-08 
                0       0.11111111                0   -3.2946992e-06       -41813.653    4.9866398e-08   -3.2946991e-06       -42537.683      4.98664e-08 
                0       0.33333333                0   -3.2642141e-06       -41900.776    1.5374603e-07   -3.2642142e-06       -42631.334    1.5374603e-07 
                0       0.55555556                0   -3.1998259e-06       -42075.004    2.7035133e-07    -3.199826e-06       -42818.415     2.703513e-07 
                0       0.77777778                0   -3.0939729e-06       -42334.409    4.1159737e-07    -3.093973e-06       -43096.526    4.1159737e-07 
                0                1                0   -2.9344044e-06       -42677.548     5.945367e-07   -2.9344045e-06       -43463.333    5.9453675e-07 
                0        1.2222222                0   -2.7022905e-06       -43102.065    8.4494716e-07   -2.7022906e-06        -43914.94    8.4494719e-07 
                0        1.4444444                0   -2.3704523e-06       -43603.323    1.2052265e-06   -2.3704525e-06        -44444.19    1.2052265e-06 
                0        1.6666667                0   -1.8992358e-06       -44173.583     1.745575e-06   -1.8992362e-06       -45039.437    1.7455751e-06 
                0        1.8888889                0   -1.2297375e-06       -44798.298    2.5833155e-06   -1.2297376e-06       -45680.449    2.5833155e-06 
                0        2.1111111                0   -2.7203361e-07       -45435.357    3.9190488e-06   -2.7203387e-07       -46317.491    3.9190488e-06 
                0        2.3333333                0     1.118954e-06       -45945.418    6.0965962e-06     1.118954e-06        -46802.06    6.0965962e-06 
                0        2.5555556                0    3.1793099e-06       -45772.824    9.6921662e-06    3.1793097e-06       -46569.199    9.6921662e-06 
                0        2.7777778                0    6.1701781e-06       -42707.409    1.5414455e-05    6.1701781e-06       -43401.773    1.5414455e-05 
                0                3                0    9.7275177e-06       -32663.169    2.2715576e-05    9.7275173e-06        -33212.16    2.2715576e-05 
                0        3.2222222                0    1.2177168e-05       -16500.046    2.8282926e-05    1.2177167e-05       -16866.286    2.8282926e-05 
                0        3.4444444                0    1.2722185e-05       -4853.8061    3.0260493e-05    1.2722184e-05       -5013.6645    3.0260493e-05 
                0        3.6666667                0    1.2232065e-05        575.22987    2.9909388e-05    1.2232064e-05        626.26625    2.9909388e-05 
                0        3.8888889                0    1.0491476e-05        4661.8205    2.6475276e-05    1.0491476e-05         4907.966    2.6475276e-05 
                0        4.1111111                0    7.2467969e-06        7653.2832    1.9583326e-05    7.2467981e-06        8061.8648    1.9583326e-05 
                0        4.3333333                0    3.9837977e-06        8922.8617    1.2893807e-05    3.9837982e-06        9451.1688    1.2893807e-05 
                0        4.5555556                0    1.5996909e-06        10858.391    8.5397534e-06    1.5996916e-06        11461.662    8.5397536e-06 
                0        4.7777778                0   -2.9256606e-07        20925.941    6.2300385e-06   -2.9256588e-07        21564.013    6.2300386e-06 
                0                5                0   -3.8009898e-06        46299.713    5.1522889e-06   -3.8009898e-06        46940.848    5.1522891e-06 
                0        5.2222222                0    -1.012682e-05        59490.657    4.7597689e-06    -1.012682e-05        60112.497     4.759769e-06 
                0        5.4444444                0   -1.4962388e-05        51593.792    4.4414298e-06   -1.4962387e-05        52182.359      4.44143e-06 
                0        5.6666667                0   -1.7429203e-05        41160.834    3.9745614e-06   -1.7429203e-05        41708.669    3.9745615e-06 
                0        5.8888889                0   -1.8531501e-05        33233.232    3.4602222e-06   -1.8531501e-05        33737.464    3.4602224e-06 
                0        6.1111111                0   -1.8894897e-05        27547.488    2.9738714e-06   -1.8894897e-05        28008.213    2.9738715e-06 
                0        6.3333333                0   -1.8828024e-05         23374.63    2.5429148e-06   -1.8828024e-05        23793.712    2.5429149e-06 
                0        6.5555556                0   -1.8495833e-05        20201.827    2.1720433e-06   -1.8495833e-05         20582.07    2.1720434e-06 
                0        6.7777778                0    -1.799626e-05        17709.514    1.8571878e-06    -1.799626e-05         18054.13     1.857188e-06 
                0                7                0   -1.7392279e-05        15698.089    1.5914453e-06   -1.7392278e-05        16010.375    1.5914454e-06 
                0        7.2222222                0   -1.6726298e-05        14038.947    1.3675813e-06   -1.6726298e-05        14322.092    1.3675814e-06 
                0        7.4444444                0   -1.6027639e-05        12646.111    1.1789786e-06   -1.6027639e-05        12903.101    1.1789787e-06 
                0        7.6666667                0   -1.5316823e-05        11460.021     1.019825e-06   -1.5316822e-05        11693.591    1.0198251e-06 
                0        7.8888889                0   -1.4608182e-05        10438.067    8.8522363e-07   -1.4608182e-05        10650.686    8.8522372e-07 
                0        8.1111111                0   -1.3911672e-05        9548.8843    7.7105289e-07   -1.3911672e-05        9742.7687    7.7105297e-07 
                0        8.3333333                0   -1.3234088e-05         8768.814    6.7392209e-07   -1.3234088e-05        8945.9361    6.7392216e-07 
                0        8.5555556                0   -1.2579898e-05        8079.6217     5.910243e-07   -1.2579898e-05        8241.7337    5.9102437e-07 
                0        8.7777778                0   -1.1951924e-05        7466.9923    5.2002382e-07   -1.1951924e-05         7615.647    5.2002387e-07 
                0                9                0   -1.1351737e-05        6919.5057    4.5903081e-07   -1.1351737e-05        7056.0783    4.5903088e-07 
                0        9.2222222                0   -1.0780034e-05        6427.9229    4.0644567e-07   -1.0780034e-05        6553.6313    4.0644573e-07 
                0        9.4444444                0   -1.0236879e-05        5984.6777    3.6096748e-07   -1.0236879e-05        6100.6004    3.6096755e-07 
                0        9.6666667                0   -9.7218694e-06        5583.5064    3.2150959e-07   -9.7218694e-06        5690.5998    3.2150965e-07 
                0        9.8888889                0      -9.2343e-06        5219.1741    2.8716346e-07      -9.2343e-06        5318.2869    2.8716352e-07 
                0        10.111111                0   -8.7732548e-06        4887.2685    2.5718194e-07   -8.7732548e-06         4979.155      2.57182e-07 
                0        10.333333                0   -8.3376565e-06        4584.0425    2.3092641e-07   -8.3376565e-06        4669.3738    2.3092646e-07 
                0        10.555556                0   -7.9263747e-06        4306.2917    2.0787368e-07   -7.9263747e-06         4385.666    2.0787374e-07 
                0        10.777778                0   -7.5382099e-06        4051.2594    1.8757325e-07   -7.5382099e-06        4125.2106    1.8757329e-07 
                0               11                0   -7.1719617e-06        3816.5604    1.6964514e-07   -7.1719617e-06        3885.5661    1.6964518e-07 


