-0.00065451211859324264549 
0.00065451209519335135437 
   0.10835502530460111581 
   0.28289260456789383502 
   -11.392783185595384055 
   -11.567089166451124171 
-0.00065451210342189073202 
0.00065451210008920244002 
   0.10835502531329603559 
    0.2828926045795318589 
   -11.392783185606623064 
   -11.567089166456096194 
-0.00065451210152883297286 
0.00065451210155904101379 
   0.10835502531361386469 
    0.2828926045797977018 
   -11.392783185607649798 
   -11.567089166456620219 
-0.00065451210003524831153 
0.00065451210352797687883 
   0.10835502531329661846 
   0.28289260457953119277 
   -11.392783185606544905 
    -11.56708916645606422 
-0.00065451209506852596563 
   0.00065451211871376798 
   0.10835502530459611981 
   0.28289260456788967169 
    -11.39278318559537162 
   -11.567089166451108184 
-0.00077508980272428566142 
0.00077508978747743554651 
   0.08945770620905608983 
   0.28656569031703787998 
   -11.708715353648177171 
   -11.907777551687340534 
-0.00077508979565878600038 
 0.0007750897910655187191 
  0.089457706211710910638 
   0.28656569032159517896 
    -11.70871535365059124 
   -11.907777551688386808 
-0.00077508979309870050176 
  0.000775089793192318432 
  0.089457706211941670493 
   0.28656569032189416202 
   -11.708715353650811508 
   -11.907777551688244699 
-0.00077508979100158201594 
0.00077508979563232290218 
  0.089457706211707954669 
     0.286565690321597899 
   -11.708715353650564595 
   -11.907777551688283779 
-0.00077508978753840511357 
0.00077508980268220517302 
  0.089457706209062418101 
   0.28656569031703388317 
   -11.708715353648154078 
    -11.90777755168732277 
-0.00072748559430082723742 
0.00072748558102057577293 
   0.07902155160390712807 
   0.26438107481848865943 
   -12.049832224675094849 
   -12.237063753648413922 
-0.00072748558840934527368 
0.00072748558420095013957 
  0.079021551604320547368 
   0.26438107481971589996 
   -12.049832224674773329 
   -12.237063753646204134 
-0.0007274855862463540249 
0.00072748558615073053747 
  0.079021551604417511472 
   0.26438107481991240943 
   -12.049832224674474901 
   -12.237063753645783137 
-0.00072748558424171711704 
0.00072748558845479036668 
  0.079021551604319853479 
   0.26438107481971384605 
   -12.049832224674679182 
   -12.237063753646188147 
-0.00072748558096675825391 
0.00072748559430049872417 
  0.079021551603912387751 
   0.26438107481848127644 
   -12.049832224675048664 
   -12.237063753648298459 
-0.00065853141206907467742 
0.00065853140599200375629 
  0.070289463536252094755 
   0.23806284482810896597 
   -12.367763883330177066 
   -12.537246949859209622 
-0.00065853141073934408096 
0.00065853140759490960687 
  0.070289463536386848075 
    0.2380628448286320753 
   -12.367763883327507202 
   -12.537246949857209444 
-0.0006585314091015466529 
0.00065853140902026987072 
  0.070289463536418905765 
   0.23806284482876433062 
   -12.367763883327025809 
   -12.537246949856617917 
-0.0006585314076731577787 
0.00065853141067678051986 
  0.070289463536376273201 
   0.23806284482864129015 
   -12.367763883327560492 
   -12.537246949857303591 
-0.0006585314060310264693 
0.00065853141210225039654 
  0.070289463536258423026 
   0.23806284482810241565 
    -12.36776388333007759 
   -12.537246949859170542 
-0.00058631416064015276154 
0.00058631415769373057545 
  0.062268070834399356916 
    0.2116406894749905121 
   -12.654505033339713549 
   -12.805404490633344849 
-0.00058631416018036181057 
0.00058631415839343931258 
    0.0622680708344539105 
   0.21164068947526415432 
   -12.654505033338093511 
   -12.805404490632191994 
-0.00058631415935938852989 
0.00058631415933275315196 
  0.062268070834480000741 
   0.21164068947532838072 
   -12.654505033337526854 
   -12.805404490631772774 
-0.00058631415839847478115 
0.00058631416016549815773 
  0.062268070834454840312 
   0.21164068947526418207 
   -12.654505033338191211 
   -12.805404490632273706 
-0.00058631415771125301728 
 0.0005863141606243581043 
  0.062268070834399544267 
   0.21164068947499561912 
   -12.654505033339672693 
   -12.805404490633312875 
-0.00051633249811656707975 
0.00051633249663464594013 
  0.054756746057762005486 
   0.18629985697715745196 
   -12.909227651811432835 
   -13.042116980513112523 
-0.00051633249786901022193 
0.00051633249702945046341 
  0.054756746057794757065 
   0.18629985697730799821 
   -12.909227651810505577 
   -13.042116980512453495 
-0.00051633249741575841952 
0.00051633249748414295367 
  0.054756746057802847816 
   0.18629985697736553552 
   -12.909227651810196491 
   -13.042116980512201252 
-0.00051633249695793572917 
 0.0005163324979560111579 
  0.054756746057791141902 
   0.18629985697731574201 
   -12.909227651810628146 
   -13.042116980512609814 
-0.00051633249657928917929 
0.00051633249806815907906 
  0.054756746057760770363 
   0.18629985697716128223 
   -12.909227651811383097 
   -13.042116980512970414 
-0.00045004748591759736066 
0.00045004748521360022446 
  0.047707781117040624907 
    0.1623637087719017047 
   -13.133094995970191476 
   -13.248924929801370709 
-0.0004500474858502381565 
0.00045004748535904833115 
  0.047707781117067103727 
   0.16236370877199118867 
   -13.133094995969676333 
   -13.248924929800995898 
-0.0004500474856732874715 
0.00045004748555980197012 
  0.047707781117075825916 
    0.1623637087720279093 
   -13.133094995969447183 
   -13.248924929800820038 
-0.00045004748546230926394 
 0.0004500474857727344521 
  0.047707781117062746101 
   0.16236370877199995943 
   -13.133094995969832652 
   -13.248924929801196626 
-0.00045004748526509549085 
0.00045004748593126584323 
  0.047707781117049666286 
   0.16236370877189240658 
   -13.133094995969994301 
   -13.248924929801221495 
-0.00038762807421486802526 
0.00038762807395124638122 
  0.041086294433823361549 
   0.13984003310394613195 
     -13.3277807718262018 
    -13.42754592836196359 
-0.00038762807419767865034 
0.00038762807398842941999 
   0.04108629443383603197 
   0.13984003310400924813 
   -13.327780771825928241 
   -13.427545928361762861 
-0.00038762807413501843262 
0.00038762807414511831795 
  0.041086294433850069352 
   0.13984003310402279285 
   -13.327780771825795014 
   -13.427545928361718452 
-0.00038762807399580877102 
0.00038762807407706126707 
  0.041086294433830786166 
   0.13984003310401396658 
   -13.327780771826079231 
   -13.427545928361816152 
-0.00038762807409505647526 
0.00038762807417895941194 
  0.041086294433825415462 
   0.13984003310394077513 
   -13.327780771826121864 
   -13.427545928361988459 
-0.00032879907050384262618 
0.00032879907037338589135 
  0.034848454264217260112 
   0.11861280527520254302 
   -13.494984973372428527 
   -13.579607353384314905 
-0.00032879907045679866023 
0.00032879907036548113594 
   0.03484845426423333753 
    0.1186128052752416645 
    -13.49498497337222247 
   -13.579607353384067991 
-0.00032879907047107044711 
0.00032879907038637588021 
  0.034848454264231720767 
   0.11861280527525795703 
   -13.494984973372231352 
   -13.579607353384135493 
-0.00032879907046628846501 
  0.000328799070341005814 
  0.034848454264235127764 
   0.11861280527523776485 
   -13.494984973372220693 
   -13.579607353384043122 
-0.00032879907049911534208 
0.00032879907039995665084 
    0.0348484542642232345 
   0.11861280527519220407 
   -13.494984973372444514 
   -13.579607353384325563 
-0.00027287768253714798526 
0.00027287768266406100528 
   0.02894325426756039904 
  0.098520024848163384457 
   -13.636264684520071455 
   -13.706553562598143614 
-0.00027287768263057704749 
0.00027287768268001894338 
  0.028943254267577357697 
  0.098520024848182646826 
   -13.636264684519886714 
   -13.706553562598067231 
-0.00027287768258210610885 
0.00027287768263992400863 
  0.028943254267576403599 
  0.098520024848204448831 
   -13.636264684519931123 
   -13.706553562598051244 
-0.00027287768262913939541 
0.00027287768271998773121 
  0.028943254267574231725 
  0.098520024848187531807 
   -13.636264684519851187 
   -13.706553562598077889 
-0.0002728776825363464888 
0.00027287768262323190303 
  0.028943254267556940001 
  0.098520024848164272635 
   -13.636264684520085666 
   -13.706553562598124074 
-0.00022048136632050568647 
0.00022048136639512709361 
    0.0233336396408412583 
  0.079446125805478870485 
   -13.752986387093081078 
    -13.80968453462435086 
-0.00022048136633574157302 
0.00022048136638939865722 
  0.023333639640841168095 
  0.079446125805501310868 
   -13.752986387093057985 
   -13.809684534624372176 
-0.00022048136633525202864 
0.00022048136638310857701 
  0.023333639640850997038 
  0.079446125805502032513 
   -13.752986387093043774 
   -13.809684534624329544 
-0.00022048136634077346373 
0.00022048136634498003263 
  0.023333639640833819806 
  0.079446125805515452334 
   -13.752986387093077525 
   -13.809684534624368624 
-0.00022048136640899696674 
0.00022048136632468227718 
  0.023333639640848134744 
   0.07944612580546039915 
   -13.752986387093073972 
   -13.809684534624327767 
-0.0011216778417786231123 
 0.0011216778363004550629 
  -0.61510866174553258112 
  -0.19957029060151409983 
    11.154116060785172593 
    10.732792426490473048 
-0.0011216778320153417831 
 0.0011216778361172567713 
  -0.61510866174708167531 
  -0.19957029060222647443 
    11.154116060771876562 
    10.732792426486271964 
-0.0011216778349595560998 
 0.0011216778350450187698 
  -0.61510866174728862088 
  -0.19957029060234102169 
    11.154116060773617392 
    10.732792426486026827 
  -0.00112167783609290082 
 0.0011216778318871121079 
  -0.61510866174708167531 
  -0.19957029060222794548 
     11.15411606077180906 
    10.732792426486353676 
-0.0011216778364109367822 
 0.0011216778418945377686 
  -0.61510866174551936947 
  -0.19957029060151559863 
    11.154116060785341347 
    10.732792426490455284 
-0.0015045322804926545418 
 0.0015045322801692695598 
  -0.78243321663318876613 
  -0.21934789329847848016 
    10.372185839034729682 
    9.8044367362646500652 
-0.0015045322793519457037 
 0.0015045322803639625629 
  -0.78243321663372156216 
   -0.2193478932986553942 
    10.372185839034070653 
    9.8044367362645630237 
-0.0015045322796822086474 
 0.0015045322794952911086 
  -0.78243321663384923781 
  -0.21934789329870157948 
    10.372185839033269517 
    9.8044367362642166341 
-0.0015045322805053095664 
 0.0015045322794080663933 
  -0.78243321663373077701 
  -0.21934789329865936325 
    10.372185839034123944 
    9.8044367362644280206 
-0.0015045322800779712801 
 0.0015045322804596286594 
  -0.78243321663319431725 
  -0.21934789329847459438 
    10.372185839034649746 
    9.8044367362646642761 
-0.0019876255200246056506 
 0.0019876255208093680966 
   -1.0087638357321762062 
  -0.26461331700589701965 
    9.3245755062464183993 
    8.5742493412122815499 
-0.0019876255200159749677 
 0.0019876255206515143319 
   -1.0087638357324404392 
  -0.26461331700598123007 
    9.3245755062465374152 
    8.5742493412123987895 
  -0.00198762552027667138 
  0.001987625520281810932 
   -1.0087638357325121596 
  -0.26461331700600232431 
    9.3245755062463775431 
    8.5742493412122975371 
-0.0019876255206691569033 
 0.0019876255199257845258 
   -1.0087638357324377747 
  -0.26461331700597506833 
    9.3245755062463757668 
    8.5742493412123081953 
-0.0019876255209030193119 
 0.0019876255199971120183 
   -1.0087638357321726534 
  -0.26461331700589768579 
    9.3245755062464361629 
    8.5742493412122460228 
  -0.00263755404783620577 
 0.0026375540485386824753 
   -1.3230493291396725475 
  -0.29045384994999479122 
    7.9269024189692380844 
    6.8894361506464667499 
-0.0026375540479924063433 
  0.002637554048479362305 
   -1.3230493291398204292 
  -0.29045384995004291939 
    7.9269024189692780524 
     6.889436150646307766 
-0.0026375540480657504519 
 0.0026375540482510115466 
   -1.3230493291398794931 
  -0.29045384995005307793 
    7.9269024189692345317 
    6.8894361506463885902 
-0.0026375540483630256772 
 0.0026375540479383332779 
   -1.3230493291398273126 
  -0.29045384995003986628 
    7.9269024189692602889 
    6.8894361506464596445 
-0.0026375540486284713287 
 0.0026375540478123390108 
    -1.323049329139675212 
  -0.29045384994999179362 
    7.9269024189691679183 
    6.8894361506463557276 
-0.0074073266632250960376 
 0.0074073266642437889801 
   -2.2351686894378204329 
  -0.17465918636140626008 
    5.8313363705134992898 
    3.6450531143350297647 
-0.0074073266632422394423 
 0.0074073266639664743505 
   -2.2351686894379443338 
  -0.17465918636143715204 
    5.8313363705133314241 
    3.6450531143350142216 
-0.0074073266636117225323 
 0.0074073266636469382862 
    -2.235168689437990075 
  -0.17465918636144986409 
    5.8313363705134184656 
    3.6450531143350346497 
-0.0074073266638837453879 
 0.0074073266634621642152 
   -2.2351686894379461101 
  -0.17465918636143926146 
    5.8313363705134912962 
    3.6450531143350515251 
-0.0074073266640250871873 
  0.007407326663347577056 
   -2.2351686894378364201 
  -0.17465918636140548292 
    5.8313363705133882675 
    3.6450531143349857999 
    -11.15411606077872797 
    -10.73279242649048193 
   -0.1995702906029371837 
  -0.61510866174788847438 
  0.001121677834723661029 
-0.0011216778359586750732 
   -10.372185839037209476 
   -9.8044367362675135524 
  -0.21934789329896484111 
  -0.78243321663430576152 
 0.0015045322800298476656 
-0.0015045322796104533287 
   -9.3245755062493103082 
   -8.5742493412148395038 
  -0.26461331700614737494 
   -1.0087638357329138383 
 0.0019876255203161649621 
-0.0019876255203628090742 
   -7.9269024189714665241 
   -6.8894361506481320845 
  -0.29045384995015621765 
   -1.3230493291402671829 
 0.0026375540483203493113 
-0.0026375540481808667018 
    -5.831336370514799583 
   -3.6450531143358166908 
  -0.17465918636151181453 
    -2.235168689438478129 
  0.007407326663691910125 
-0.0074073266636999228127 
   -11.154116060778642705 
   -10.732792426491078785 
  -0.19957029060292746925 
  -0.61510866174790457261 
 0.0011216778341613109493 
-0.0011216778357964959922 
   -10.372185839037960875 
   -9.8044367362678777056 
  -0.21934789329896717258 
  -0.78243321663431242285 
 0.0015045322801680791058 
-0.0015045322798274644166 
   -9.3245755062494968257 
   -8.5742493412148466092 
  -0.26461331700614354467 
   -1.0087638357329156147 
 0.0019876255204404279751 
-0.0019876255204117568992 
   -7.9269024189714567541 
    -6.889436150648219126 
  -0.29045384995015816054 
    -1.323049329140267627 
 0.0026375540483157384163 
-0.0026375540480875255683 
     -5.83133637051488396 
   -3.6450531143358402275 
  -0.17465918636151123167 
   -2.2351686894384661386 
 0.0074073266637363797613 
 -0.007407326663740759938 
   -11.154116060778449082 
   -10.732792426490899373 
  -0.19957029060293035583 
  -0.61510866174789391447 
 0.0011216778346083249029 
-0.0011216778353462550193 
   -10.372185839037825872 
   -9.8044367362679238909 
  -0.21934789329896492438 
  -0.78243321663430165369 
 0.0015045322798767923628 
-0.0015045322799741188066 
   -9.3245755062495945253 
   -8.5742493412150224685 
  -0.26461331700613482942 
   -1.0087638357329145045 
 0.0019876255203600291799 
-0.0019876255204163799373 
   -7.9269024189715979745 
   -6.8894361506481018864 
  -0.29045384995015460783 
   -1.3230493291402745104 
 0.0026375540483652669399 
-0.0026375540482834222526 
   -5.8313363705147303051 
   -3.6450531143357971509 
  -0.17465918636151459009 
   -2.2351686894384727999 
 0.0074073266637067697662 
-0.0074073266636427619394 
   -11.154116060778560993 
   -10.732792426490435744 
  -0.19957029060293482448 
  -0.61510866174788902949 
  0.001121677834865073952 
 -0.001121677835710017208 
   -10.372185839037232569 
   -9.8044367362675863831 
  -0.21934789329897089183 
  -0.78243321663429354906 
 0.0015045322798658740133 
-0.0015045322797156170363 
   -9.3245755062493795862 
   -8.5742493412148323984 
  -0.26461331700613976992 
   -1.0087638357329093974 
  0.001987625520388451323 
-0.0019876255204073793245 
   -7.9269024189714674122 
   -6.8894361506483079438 
  -0.29045384995015971485 
   -1.3230493291402731781 
  0.002637554048186593024 
-0.0026375540481506031497 
   -5.8313363705149710015 
   -3.6450531143358451125 
  -0.17465918636150670751 
   -2.2351686894384839022 
 0.0074073266637845825225 
 -0.007407326663742865025 
   -11.154116060778530795 
   -10.732792426491002402 
  -0.19957029060292946765 
  -0.61510866174790224115 
 0.0011216778344935811849 
-0.0011216778354125721967 
   -10.372185839037879163 
   -9.8044367362678013222 
  -0.21934789329897039223 
  -0.78243321663431819601 
 0.0015045322800723366814 
-0.0015045322799627695951 
    -9.324575506249443535 
   -8.5742493412149087817 
  -0.26461331700614409979 
   -1.0087638357329202776 
 0.0019876255203946182649 
-0.0019876255203148010357 
   -7.9269024189715171502 
   -6.8894361506482058033 
   -0.2904538499501599369 
   -1.3230493291402638523 
 0.0026375540483760144192 
 -0.002637554048130662937 
   -5.8313363705148431038 
   -3.6450531143358313457 
  -0.17465918636151311905 
   -2.2351686894384723558 
 0.0074073266636575417834 
-0.0074073266637656757713 
    13.809684534624246055 
    13.752986387093018905 
  0.023333639640837743751 
  0.079446125805428396971 
-0.00022048136639721597173 
0.00022048136632318000665 
    13.706553562598060125 
    13.636264684519931123 
  0.028943254267548186587 
  0.098520024848119808203 
-0.00027287768268107576945 
 0.0002728776826122160837 
    13.579607353384156809 
     13.49498497337233438 
  0.034848454264205790121 
   0.11861280527514334038 
-0.00032879907039664576845 
0.00032879907046966597162 
    13.427545928361933392 
    13.327780771826246209 
  0.041086294433801941184 
   0.13984003310386466934 
-0.00038762807394390259201 
0.00038762807420508570274 
    13.248924929801505712 
    13.133094995970557406 
  0.047707781117015381211 
   0.16236370877177500049 
-0.0004500474851760863414 
 0.0004500474858234216626 
    13.042116980513700497 
    12.909227651812356541 
  0.054756746057714814069 
   0.18629985697695733426 
-0.00051633249659131319823 
0.00051633249797467168675 
     12.80540449063464159 
    12.654505033341688858 
   0.06226807083431307871 
   0.21164068947461847636 
-0.00058631415747029309599 
0.00058631416046611174991 
    12.537246949862229428 
    12.367763883335362252 
  0.070289463536057930626 
   0.23806284482726694507 
-0.00065853140522999578654 
  0.000658531411307974727 
     12.23706375365790322 
    12.049832224694489113 
  0.079021551603430870148 
    0.2643810748161373736 
-0.00072748557698639208704 
0.00072748559028850085049 
     11.90777755171830421 
    11.708715353708722517 
  0.089457706194880345918 
   0.28656569028616668549 
-0.00077508978240920488063 
0.00077508979759504303617 
    11.567089166503828679 
    11.392783185588326589 
   0.10835502538580456255 
   0.28289260545208511077 
-0.00065451208237012970317 
 0.0006545121058809222998 
    13.809684534624274477 
    13.752986387092976273 
  0.023333639640813988447 
  0.079446125805427911248 
-0.00022048136638599361188 
0.00022048136637101850305 
    13.706553562598063678 
    13.636264684519977308 
  0.028943254267541598107 
  0.098520024848088041947 
-0.00027287768265099989276 
0.00027287768262346332598 
    13.579607353384250956 
    13.494984973372503134 
   0.03484845426419218295 
   0.11861280527510198457 
-0.00032879907035918479446 
0.00032879907046289881534 
    13.427545928362180305 
    13.327780771826628126 
  0.041086294433788805858 
   0.13984003310380110907 
-0.00038762807399183007431 
  0.000387628074070867979 
    13.248924929801948025 
    13.133094995970999719 
  0.047707781116989554648 
   0.16236370877168931903 
-0.00045004748533251091088 
0.00045004748572313794898 
    13.042116980514238733 
    12.909227651813155902 
  0.054756746057677808948 
   0.18629985697681400447 
-0.00051633249675947338886 
0.00051633249765473598555 
    12.805404490635726944 
    12.654505033343316001 
   0.06226807083425498629 
   0.21164068947434966361 
-0.00058631415787876366239 
0.00058631415972988252996 
    12.537246949864238488 
    12.367763883337930864 
  0.070289463535930588045 
   0.23806284482674011649 
-0.00065853140663395520055 
0.00065853140974746096452 
    12.237063753660018861 
    12.049832224694835503 
  0.079021551603020170895 
    0.2643810748149008627 
-0.00072748558287074899936 
0.00072748558700573475594 
    11.907777551717311226 
    11.708715353706290685 
   0.08945770619221994624 
    0.2865656902816148266 
-0.00077508978944617690568 
0.00077508979410267366504 
    11.567089166498808694 
     11.39278318557691172 
   0.10835502537709880422 
   0.28289260544045613521 
-0.00065451209764578284142 
0.00065451210096351846758 
    13.809684534624183883 
    13.752986387092905218 
  0.023333639640816743188 
   0.07944612580541278446 
-0.00022048136631206728675 
0.00022048136643754661203 
    13.706553562597964202 
    13.636264684519895596 
  0.028943254267538125191 
  0.098520024848079507107 
-0.00027287768264156077444 
0.00027287768261923591329 
    13.579607353384181678 
    13.494984973372474713 
  0.034848454264188366558 
   0.11861280527508560878 
-0.00032879907039136884806 
0.00032879907040326070275 
    13.427545928362128791 
    13.327780771826482464 
  0.041086294433779910196 
   0.13984003310378290141 
-0.00038762807411789562771 
0.00038762807405134507574 
     13.24892492980180414 
    13.133094995970985508 
  0.047707781116987167669 
   0.16236370877165309801 
-0.00045004748544969565586 
0.00045004748551311427301 
     13.04211698051433288 
    12.909227651813399262 
  0.054756746057668288785 
   0.18629985697676576528 
-0.00051633249717675233897 
0.00051633249712400796326 
    12.805404490636078663 
    12.654505033343797393 
  0.062268070834238117839 
   0.21164068947426889489 
-0.00058631415875901472107 
0.00058631415878620174106 
    12.537246949864773171 
    12.367763883338456665 
  0.070289463535892743318 
   0.23806284482661191348 
 -0.000658531408217901933 
0.00065853140826150886964 
    12.237063753660473608 
    12.049832224695089522 
   0.07902155160293024283 
   0.26438107481469852456 
-0.00072748558515203006619 
0.00072748558503035569422 
    11.907777551717396491 
    11.708715353706100615 
  0.089457706192000108203 
   0.28656569028131173571 
-0.00077508979191790458932 
0.00077508979199146922461 
    11.567089166498330854 
    11.392783185575899196 
   0.10835502537678351476 
   0.28289260544018707266 
-0.00065451209950489661581 
0.00065451209957811018643 
    13.809684534624230068 
    13.752986387093024234 
  0.023333639640824434952 
  0.079446125805411729748 
-0.00022048136628956106569 
0.00022048136641574197819 
    13.706553562598067231 
    13.636264684519973756 
  0.028943254267541414226 
   0.09852002484808845828 
-0.00027287768264590891304 
0.00027287768263451297242 
    13.579607353384220758 
     13.49498497337241254 
  0.034848454264191100482 
   0.11861280527510455196 
-0.00032879907043130792875 
0.00032879907044735374143 
    13.427545928362048855 
    13.327780771826425621 
   0.04108629443378709889 
   0.13984003310380080376 
-0.00038762807411127879606 
0.00038762807402023562913 
    13.248924929801747297 
    13.133094995970909125 
   0.04770778111699242735 
    0.1623637087716849059 
-0.0004500474856959252876 
0.00045004748525793341393 
    13.042116980514173008 
    12.909227651813036886 
  0.054756746057680508177 
   0.18629985697681161749 
-0.00051633249768805937301 
0.00051633249678267206274 
    12.805404490635593717 
    12.654505033343202314 
  0.062268070834255478951 
   0.21164068947434896972 
-0.00058631415970871066361 
0.00058631415788226834591 
    12.537246949864163881 
    12.367763883337925535 
  0.070289463535930157834 
   0.23806284482673878422 
-0.00065853140973071470302 
0.00065853140657956630698 
    12.237063753660022414 
     12.04983222469475912 
  0.079021551603018727605 
   0.26438107481490785711 
-0.00072748558711085140917 
0.00072748558282623046554 
    11.907777551717217079 
    11.708715353706237394 
  0.089457706192226052466 
   0.28656569028160827628 
-0.00077508979403646425729 
0.00077508978948394617256 
    11.567089166498812247 
    11.392783185576991656 
   0.10835502537709092163 
    0.2828926054404665158 
-0.00065451210091943036202 
0.00065451209758869623601 
    13.809684534624228291 
    13.752986387092969167 
  0.023333639640833674089 
   0.07944612580543605751 
-0.00022048136632092836269 
0.00022048136641988563627 
    13.706553562597958873 
    13.636264684519774804 
  0.028943254267547298408 
  0.098520024848127080164 
-0.00027287768260150676832 
0.00027287768273543143221 
    13.579607353384032464 
    13.494984973372323722 
   0.03484845426420341008 
   0.11861280527514575511 
-0.00032879907040231099585 
0.00032879907034528770785 
    13.427545928361976024 
    13.327780771826324369 
  0.041086294433805674309 
   0.13984003310386303176 
-0.00038762807416160203989 
0.00038762807395787199491 
    13.248924929801562556 
    13.133094995970512997 
  0.047707781117015173045 
   0.16236370877177791483 
-0.00045004748590511727208 
0.00045004748518866796551 
    13.042116980513656088 
    12.909227651812393844 
  0.054756746057718054532 
   0.18629985697695458646 
-0.00051633249796515217483 
0.00051633249652905657476 
    12.805404490634710868 
    12.654505033341767017 
  0.062268070834311343986 
   0.21164068947461861514 
-0.00058631416047277840065 
0.00058631415745331687522 
    12.537246949862273837 
    12.367763883335319619 
  0.070289463536059859639 
   0.23806284482727016472 
-0.00065853141135696559479 
0.00065853140526147256086 
    12.237063753657830389 
    12.049832224694418059 
  0.079021551603434020405 
   0.26438107481613259964 
-0.00072748559031058984345 
0.00072748557697117368324 
    11.907777551718247366 
     11.70871535370870653 
   0.08945770619487970754 
   0.28656569028616712957 
-0.00077508979757873533445 
0.00077508978238683247722 
    11.567089166503768283 
    11.392783185588140071 
   0.10835502538580797649 
   0.28289260545208400055 
-0.00065451210592088328137 
0.00065451208246268348899 
   -3.6450531143349556018 
   -5.8313363705132772452 
   -2.2351686894376578962 
   -0.1746591863613630724 
-0.0074073266640946218431 
 0.0074073266633400032533 
   -6.8894361506461940792 
   -7.9269024189689449855 
   -1.3230493291394540556 
  -0.29045384994993123096 
-0.0026375540486822677058 
 0.0026375540478241797995 
   -8.5742493412118498952 
   -9.3245755062456066042 
   -1.0087638357317787463 
   -0.2646133170057842765 
-0.0019876255207672143162 
 0.0019876255199764163335 
   -9.8044367362628399576 
   -10.372185839030560572 
  -0.78243321663228049268 
  -0.21934789329819950887 
-0.0015045322793638099112 
  0.001504532279546189847 
   -10.732792426479017323 
    -11.15411606075564066 
  -0.61510866174265876882 
  -0.19957029060106779017 
-0.0011216778282092088569 
 0.0011216778342010987838 
   -3.6450531143349009788 
    -5.831336370513226619 
   -2.2351686894375628611 
  -0.17465918636133151431 
-0.0074073266640616490866 
  0.007407326663440701349 
   -6.8894361506461603284 
   -7.9269024189689467619 
   -1.3230493291392986244 
   -0.2904538499498851567 
-0.0026375540485722593492 
  0.002637554048082569897 
    -8.574249341211858777 
   -9.3245755062455994988 
   -1.0087638357315142912 
  -0.26461331700570284164 
-0.0019876255207638385443 
 0.0019876255201482333212 
    -9.804436736263046015 
   -10.372185839031324406 
  -0.78243321663173925895 
  -0.21934789329802273361 
-0.0015045322805170371645 
 0.0015045322793143930604 
   -10.732792426483245052 
   -11.154116060768741292 
  -0.61510866174110234716 
    -0.199570290600366268 
-0.0011216778379293170387 
 0.0011216778342405030276 
   -3.6450531143349444996 
   -5.8313363705134229065 
   -2.2351686894375193404 
  -0.17465918636131494424 
-0.0074073266638601184542 
 0.0074073266638270112566 
   -6.8894361506463832612 
   -7.9269024189690808768 
   -1.3230493291392495525 
  -0.29045384994987244465 
-0.0026375540482781851225 
 0.0026375540483268280698 
   -8.5742493412120044383 
   -9.3245755062458623996 
   -1.0087638357314363535 
  -0.26461331700567897185 
-0.0019876255204682013317 
 0.0019876255206130060728 
    -9.804436736263523855 
    -10.37218583903225344 
   -0.7824332166316190218 
  -0.21934789329797543811 
-0.0015045322802254396891 
 0.0015045322801384547994 
   -10.732792426483712234 
   -11.154116060767480079 
  -0.61510866174091183289 
  -0.19957029060024644718 
 -0.001121677835117221864 
 0.0011216778353851362439 
   -3.6450531143349249596 
   -5.8313363705133047787 
   -2.2351686894375544234 
  -0.17465918636132876651 
-0.0074073266634565931507 
 0.0074073266641068325616 
   -6.8894361506462411526 
   -7.9269024189689840654 
   -1.3230493291392964039 
   -0.2904538499498851567 
-0.0026375540480464971897 
 0.0026375540485691854192 
   -8.5742493412118516716 
   -9.3245755062455195628 
   -1.0087638357315107385 
  -0.26461331700570350778 
 -0.001987625520030001508 
 0.0019876255208124086332 
   -9.8044367362629394336 
   -10.372185839031210719 
  -0.78243321663173570624 
   -0.2193478932980214291 
-0.0015045322794019723098 
  0.001504532280429241942 
   -10.732792426483161563 
   -11.154116060768716423 
  -0.61510866174110057081 
  -0.19957029060036410306 
-0.0011216778339487554986 
 0.0011216778382897116956 
   -3.6450531143349524932 
   -5.8313363705133065551 
   -2.2351686894376756598 
  -0.17465918636136401609 
 -0.007407326663267961922 
 0.0074073266641848777708 
   -6.8894361506462287181 
   -7.9269024189689742954 
   -1.3230493291394558319 
    -0.290453849949933951 
-0.0026375540478424997805 
 0.0026375540486637343539 
   -8.5742493412118729879 
   -9.3245755062456172624 
   -1.0087638357317834092 
   -0.2646133170057837769 
-0.0019876255199588444521 
 0.0019876255207677698614 
   -9.8044367362628577212 
   -10.372185839030567678 
  -0.78243321663227349827 
  -0.21934789329819906478 
-0.0015045322796308222349 
 0.0015045322792871895605 
   -10.732792426479003112 
   -11.154116060755521644 
  -0.61510866174266398687 
   -0.1995702906010741462 
-0.0011216778338561778604 
 0.0011216778284528329881 
 0.0074073266636994648457 
-0.0074073266636258301709 
  -0.17465918636150679077 
    -2.235168689438487899 
    3.6450531143357904895 
    5.8313363705147178706 
 0.0074073266638274206514 
-0.0074073266636952590086 
  -0.17465918636151481214 
    -2.235168689438483014 
    3.6450531143358415598 
    5.8313363705149363625 
 0.0074073266636910540389 
-0.0074073266637856788677 
  -0.17465918636151178678 
   -2.2351686894384914517 
     3.645053114335827793 
    5.8313363705148937299 
 0.0074073266636381683917 
-0.0074073266637806906704 
  -0.17465918636151561705 
   -2.2351686894384936721 
    3.6450531143358220199 
    5.8313363705148351102 
 0.0074073266636647113956 
-0.0074073266637554799341 
  -0.17465918636150695731 
   -2.2351686894384887871 
    3.6450531143358118058 
    5.8313363705148262284 
  0.002637554048288441675 
-0.0026375540483477588095 
  -0.29045384995015965934 
    -1.323049329140267627 
    6.8894361506480814583 
    7.9269024189715500128 
 0.0026375540480761670327 
-0.0026375540483889502522 
  -0.29045384995015538498 
   -1.3230493291402691813 
    6.8894361506483052793 
    7.9269024189715988626 
 0.0026375540481111845945 
-0.0026375540483178343959 
  -0.29045384995015727236 
   -1.3230493291402702916 
    6.8894361506482288959 
    7.9269024189714869522 
 0.0026375540481761157278 
-0.0026375540483074715915 
  -0.29045384995015655072 
    -1.323049329140267627 
    6.8894361506481791579 
    7.9269024189714984985 
  0.002637554048205527097 
-0.0026375540481803805455 
  -0.29045384995015605112 
   -1.3230493291402614098 
    6.8894361506481294199 
    7.9269024189713421791 
 0.0019876255204740950547 
 -0.001987625520366039563 
   -0.2646133170061446549 
   -1.0087638357329211658 
    8.5742493412150189158 
     9.324575506249647816 
 0.0019876255203798549008 
-0.0019876255204882404236 
  -0.26461331700615059459 
   -1.0087638357329185013 
     8.574249341215029574 
    9.3245755062496780141 
 0.0019876255202724807218 
-0.0019876255205210830758 
   -0.2646133170061491513 
   -1.0087638357329182792 
    8.5742493412148768073 
    9.3245755062494506404 
 0.0019876255202952363907 
-0.0019876255204022866101 
   -0.2646133170061501505 
   -1.0087638357329236083 
    8.5742493412148714782 
    9.3245755062493600462 
 0.0019876255203910733575 
-0.0019876255204836529474 
  -0.26461331700614881823 
   -1.0087638357329145045 
    8.5742493412147382514 
    9.3245755062493902443 
 0.0015045322797584412874 
-0.0015045322799442225822 
  -0.21934789329896131616 
  -0.78243321663430609458 
    9.8044367362679505362 
    10.372185839037729949 
 0.0015045322799058097329 
-0.0015045322797792310809 
  -0.21934789329896139942 
  -0.78243321663431508739 
    9.8044367362679771816 
    10.372185839037747712 
 0.0015045322800616063325 
-0.0015045322797467884993 
    -0.219347893298968033 
  -0.78243321663430986934 
    9.8044367362677693478 
    10.372185839037639354 
 0.0015045322800762356893 
-0.0015045322796462350361 
   -0.2193478932989662844 
  -0.78243321663431208979 
    9.8044367362676041466 
     10.37218583903739777 
 0.0015045322801466773886 
-0.0015045322797610570335 
  -0.21934789329896259291 
  -0.78243321663430343005 
    9.8044367362677675715 
    10.372185839037754818 
 0.0011216778349440812822 
-0.0011216778352461228771 
  -0.19957029060292663658 
  -0.61510866174790046479 
     10.73279242649084253 
    11.154116060778633823 
 0.0011216778350437487353 
-0.0011216778350637164868 
  -0.19957029060293166034 
  -0.61510866174789857741 
     10.73279242649082299 
    11.154116060778525465 
 0.0011216778352237152371 
-0.0011216778349708029627 
  -0.19957029060292938438 
  -0.61510866174789646799 
    10.732792426490769699 
    11.154116060778541453 
 0.0011216778351418271818 
-0.0011216778354648205499 
  -0.19957029060293110523 
  -0.61510866174788914051 
    10.732792426490647131 
    11.154116060778839881 
 0.0011216778346574563918 
-0.0011216778354012297073 
  -0.19957029060292680311 
  -0.61510866174790479466 
    10.732792426490890492 
    11.154116060778553887 
    11.332966662431909199 
    11.351324338732320385 
 -0.076319571118394352593 
 -0.096791939601263268789 
7.2118519973110782021e-05 
-7.2118520456570774438e-05 
    11.332966662432140126 
    11.351324338732339925 
 -0.076319571118395462817 
 -0.096791939601272122817 
7.2118519861157976596e-05 
-7.2118520368264269317e-05 
    11.332966662431838145 
    11.351324338732199593 
  -0.07631957111839456076 
   -0.0967919396012634492 
7.2118519959310975454e-05 
-7.2118520435616087342e-05 
    11.332966662432015781 
    11.351324338732283081 
 -0.076319571118397599996 
 -0.096791939601266724358 
7.2118519874234945574e-05 
-7.2118520421183824991e-05 
    11.332966662432315985 
    11.351324338732499797 
 -0.076319571118397155907 
 -0.096791939601260867931 
7.2118519948793008206e-05 
-7.2118520265086169573e-05 
    11.332966662432106375 
    11.351324338732485586 
   0.09679193960126489249 
  0.076319571118397142029 
7.2118520266644574671e-05 
-7.2118520135091223559e-05 
    11.332966662431958937 
    11.351324338732281305 
  0.096791939601268667248 
  0.076319571118400070242 
7.2118520146108967351e-05 
-7.2118520192764301027e-05 
    11.332966662432015781 
    11.351324338732393215 
  0.096791939601268542348 
  0.076319571118398377152 
7.2118520092083837169e-05 
-7.2118520301803868766e-05 
    11.332966662432395921 
    11.351324338732583286 
  0.096791939601267931725 
  0.076319571118402040888 
7.2118520028767135028e-05 
-7.2118520192937299036e-05 
     11.33296666243196249 
    11.351324338732242225 
  0.096791939601269735838 
  0.076319571118399973098 
7.2118520174376991123e-05 
-7.2118520118675752146e-05 
    11.351324338687856397 
    11.332966662403901381 
 -0.096791939546628222302 
 -0.076319571089036267186 
-7.2118540560942677041e-05 
7.2118515368014475563e-05 
    11.351324338680347736 
    11.332966662413944903 
 -0.096791939542780383587 
 -0.076319571086543733229 
-7.2118519251967069784e-05 
7.2118520636338081164e-05 
    11.351324338678882242 
     11.33296666241214723 
 -0.096791939542610394565 
 -0.076319571086410825655 
-7.2118519910749655016e-05 
7.2118520349426161703e-05 
    11.351324338680260695 
    11.332966662413934245 
 -0.096791939542779661942 
 -0.076319571086543358529 
-7.2118520219373698763e-05 
7.2118519601829068422e-05 
     11.35132433868806956 
    11.332966662404061253 
  -0.09679193954663475874 
 -0.076319571089034907163 
-7.2118515024992776194e-05 
7.2118540945914001608e-05 
-7.2118499429633272616e-05 
 7.211852515983845698e-05 
  -0.09679193959687081017 
 -0.076319571115186835009 
   -11.332966662435094207 
   -11.351324338718303153 
-7.211852087143467776e-05 
7.2118520129589331214e-05 
 -0.096791939600717094572 
 -0.076319571117677356686 
   -11.332966662424698967 
    -11.35132433872583313 
-7.2118520012007483635e-05 
7.2118520167017657169e-05 
 -0.096791939600864948523 
 -0.076319571117818507666 
   -11.332966662426988691 
   -11.351324338727325269 
-7.2118519979982197892e-05 
7.2118520989103505458e-05 
 -0.096791939600717261105 
 -0.076319571117674747662 
    -11.33296666242481443 
   -11.351324338725927277 
-7.2118524991888208545e-05 
7.2118499767247174837e-05 
 -0.096791939596868964424 
 -0.076319571115188389321 
   -11.332966662434909466 
   -11.351324338718285389 
1.4467522811814563041e-14 
8.3123226407187825878e-14 
9.7483620240648478135e-14 
3.2887983683171210717e-14 
   -13.999020133862071447 
   -13.999020133862074999 
8.7834401556099277752e-14 
2.6320161518714899271e-14 
9.3043047455800676437e-14 
3.0922892999589519887e-14 
   -13.999020133862117632 
   -13.999020133862002169 
-4.4200649086262746464e-15 
-3.0240571218479171256e-14 
9.4521611774890018682e-14 
2.5447246478684923248e-14 
   -13.999020133862099868 
    -13.99902013386199684 
-3.8129972403914134714e-14 
-4.7670509946596852513e-14 
 9.548915147428031676e-14 
3.1251624147694461333e-14 
    -13.99902013386195776 
   -13.999020133861886706 
-7.2844286238001663983e-14 
 -1.22563694949070188e-13 
1.0816824133163090446e-13 
3.0773609007689126353e-14 
   -13.999020133862163817 
   -13.999020133862039472 
    13.999020133862019932 
    13.999020133862046578 
1.1359277076266584334e-13 
3.8383185872444104441e-14 
-1.2065819409354978775e-13 
-7.2679066962287409516e-14 
    13.999020133861955983 
    13.999020133861995063 
1.2416147938228466099e-13 
4.0135379108507355613e-14 
-3.3839614012868357532e-14 
1.4641536142083746869e-14 
    13.999020133862048354 
    13.999020133862106974 
1.3572483568298137829e-13 
3.7241052075811774138e-14 
 4.555592205217426251e-14 
 8.483420984528380538e-14 
    13.999020133861838744 
    13.999020133861989734 
1.2993733717353346364e-13 
3.6200842405428466964e-14 
8.3944992386077795119e-14 
 3.389523813826241875e-14 
    13.999020133861954207 
    13.999020133862057236 
1.2018596557819806578e-13 
3.2532314240180694421e-14 
1.1440715036153768597e-14 
4.7677700688473919317e-15 
5.9784575574418071604e-05 
-5.978457548627296353e-05 
-0.0063795382627890237504 
 -0.021707447243236869389 
   -13.993736323918085418 
   -13.978258236677676862 
5.9784575565817705634e-05 
-5.9784575462331590828e-05 
-0.0063795382627872265768 
 -0.021707447243227876582 
    -13.99373632391797706 
   -13.978258236677620019 
5.9784575575041155816e-05 
-5.9784575518706715666e-05 
-0.0063795382627876671966 
 -0.021707447243226336148 
   -13.993736323918069431 
   -13.978258236677643112 
5.9784575519537465251e-05 
-5.9784575512430736851e-05 
-0.0063795382627892336519 
 -0.021707447243226579009 
   -13.993736323918065878 
    -13.97825823667770706 
 5.978457551216581205e-05 
-5.9784575630398018302e-05 
-0.0063795382627881034796 
 -0.021707447243231533379 
   -13.993736323918144038 
   -13.978258236677666204 
0.00012551164208746210926 
-0.00012551164198631539781 
  -0.01330316232043182896 
 -0.045278396159450576275 
   -13.960780592902787944 
   -13.928477254271795616 
0.00012551164203354768967 
-0.00012551164196197679376 
 -0.013303162320430899149 
 -0.045278396159439140978 
   -13.960780592902787944 
   -13.928477254271884433 
0.00012551164208040200155 
-0.0001255116419646278307 
 -0.013303162320432101312 
 -0.045278396159434769475 
   -13.960780592902770181 
   -13.928477254271825814 
0.00012551164203382990749 
-0.0001255116420732987426 
 -0.013303162320429549534 
 -0.045278396159438717705 
   -13.960780592902811037 
   -13.928477254271800945 
0.00012551164193768502724 
-0.00012551164206307937818 
 -0.013303162320436002705 
 -0.045278396159445670477 
   -13.960780592902782615 
   -13.928477254271873775 
0.00019272161797848896543 
-0.00019272161791892070256 
 -0.020405110020969889628 
 -0.069462568049354245225 
   -13.898552823072716222 
   -13.848983693256393224 
0.00019272161800475856065 
-0.00019272161799802959539 
 -0.020405110020976769541 
 -0.069462568049339437626 
   -13.898552823072776619 
   -13.848983693256368355 
0.00019272161790691275693 
-0.00019272161801300025899 
 -0.020405110020980471441 
 -0.069462568049329292963 
   -13.898552823072716222 
   -13.848983693256412764 
 0.0001927216179182446754 
-0.00019272161798949041908 
 -0.020405110020973879492 
  -0.06946256804933965967 
   -13.898552823072670037 
   -13.848983693256357697 
0.00019272161792480504722 
-0.00019272161804783778899 
 -0.020405110020972960089 
 -0.069462568049349165955 
   -13.898552823072773066 
   -13.848983693256384342 
    13.848983693256505134 
    13.898552823072790829 
 -0.020405110020987729524 
 -0.069462568049342698906 
0.00019272161788312858676 
-0.00019272161801847987098 
    13.928477254271907526 
    13.960780592902876762 
 -0.013303162320439022859 
 -0.045278396159455537584 
0.00012551164196225077165 
-0.00012551164209539638207 
    13.978258236677740811 
    13.993736323918058773 
-0.0063795382627996749525 
 -0.021707447243240540063 
5.9784575407677460757e-05 
-5.9784575577500451604e-05 
     13.84898369325647316 
    13.898552823072762408 
 -0.020405110020980797569 
  -0.06946256804935327378 
0.00019272161793060436333 
-0.00019272161795807490219 
    13.928477254271825814 
    13.960780592902715114 
 -0.013303162320441805355 
 -0.045278396159457834358 
0.00012551164194539552073 
-0.0001255116420315416717 
    13.978258236677554294 
    13.993736323917900677 
-0.0063795382627975967538 
  -0.02170744724324802713 
5.9784575507376057574e-05 
-5.978457549832168872e-05 
    13.848983693256482042 
    13.898552823072813922 
 -0.020405110020981449825 
  -0.06946256804936280782 
0.00019272161799534147874 
-0.00019272161790754766572 
    13.928477254271859564 
    13.960780592902805708 
 -0.013303162320440223287 
  -0.04527839615946673002 
0.00012551164202560542086 
-0.00012551164199777796265 
     13.97825823667768752 
    13.993736323918090747 
-0.0063795382627975117523 
 -0.021707447243252679658 
5.9784575558814640514e-05 
-5.9784575498956441658e-05 
    13.848983693256403882 
    13.898552823072813922 
 -0.020405110020975569113 
 -0.069462568049365389089 
0.00019272161800437792437 
-0.0001927216179726460644 
    13.928477254271937724 
    13.960780592902860775 
  -0.01330316232043594199 
 -0.045278396159465363058 
0.00012551164204287410518 
-0.00012551164195177355685 
    13.978258236677705284 
    13.993736323918067654 
-0.0063795382627945349668 
 -0.021707447243257859543 
5.9784575554614705572e-05 
-5.9784575450929998809e-05 
    13.848983693256442962 
    13.898552823072789053 
 -0.020405110020973206419 
 -0.069462568049364112333 
0.00019272161793959207408 
-0.00019272161796847470496 
    13.928477254271879104 
    13.960780592902812813 
 -0.013303162320437707938 
 -0.045278396159455044923 
0.00012551164209340744029 
-0.00012551164192708949888 
    13.978258236677685744 
    13.993736323918090747 
-0.0063795382627955870766 
 -0.021707447243243631341 
5.9784575603119179934e-05 
-5.9784575455027707039e-05 
   -13.848983693257538974 
   -13.898552823073620388 
  0.020405110020894560996 
   0.06946256804907587068 
-0.00019272161788183272122 
0.00019272161798284350082 
   -13.928477254272575436 
   -13.960780592903319075 
  0.013303162320360864893 
  0.045278396159191290626 
-0.00012551164190089287047 
 0.0001255116421150285187 
   -13.978258236678057003 
   -13.993736323918254172 
 0.0063795382627200528797 
  0.021707447242988862912 
-5.9784575440035630448e-05 
5.9784575598709363781e-05 
   -13.848983693257572725 
   -13.898552823073805129 
  0.020405110020902780116 
  0.069462568049098005751 
-0.00019272161794426273572 
0.00019272161805079120992 
   -13.928477254272799257 
   -13.960780592903503816 
  0.013303162320368031035 
  0.045278396159203398996 
-0.00012551164194555880158 
0.00012551164203299938153 
   -13.978258236678197335 
   -13.993736323918360753 
 0.0063795382627268928943 
  0.021707447242997057746 
-5.9784575465182561427e-05 
5.9784575537435013929e-05 
   -13.848983693257563843 
   -13.898552823073622164 
  0.020405110020906492424 
  0.069462568049096992673 
-0.00019272161788352513371 
0.00019272161794542890358 
   -13.928477254272566555 
   -13.960780592903335062 
  0.013303162320370190766 
  0.045278396159213085692 
-0.00012551164201697658103 
0.00012551164201319607648 
   -13.978258236678076543 
   -13.993736323918296804 
 0.0063795382627294377337 
  0.021707447242999316356 
-5.9784575519736863583e-05 
5.9784575538187253725e-05 
   -13.848983693257546079 
   -13.898552823073684337 
  0.020405110020902707257 
  0.069462568049093995071 
-0.00019272161802743543514 
0.00019272161788063315994 
   -13.928477254272618069 
   -13.960780592903320851 
  0.013303162320365187823 
  0.045278396159205730465 
-0.00012551164203692069684 
0.00012551164192921935984 
   -13.978258236678023252 
   -13.993736323918177789 
 0.0063795382627260298694 
   0.02170744724299941697 
-5.9784575519675938198e-05 
5.9784575469288855183e-05 
   -13.848983693257554961 
   -13.898552823073709206 
  0.020405110020898249018 
  0.069462568049076175991 
-0.00019272161805083774929 
 0.0001927216178881815923 
    -13.92847725427268557 
   -13.960780592903452302 
  0.013303162320361106019 
  0.045278396159186697079 
-0.00012551164211620487805 
0.00012551164192949718665 
   -13.978258236678190229 
   -13.993736323918390951 
 0.0063795382627217876031 
  0.021707447242989810071 
-5.9784575593933216042e-05 
5.9784575449907548727e-05 
-5.9784575594862126582e-05 
5.9784575456174603202e-05 
 0.0063795382627157178057 
  0.021707447242966495388 
    13.993736323918209763 
    13.978258236678021476 
-5.9784575571024850841e-05 
5.9784575511870956493e-05 
  0.006379538262713272713 
  0.021707447242960729167 
    13.993736323918172459 
    13.978258236677953974 
-5.978457551454365715e-05 
  5.97845755439611995e-05 
 0.0063795382627081812996 
   0.02170744724295450151 
    13.993736323918266606 
    13.978258236678071214 
-5.9784575482711955704e-05 
5.9784575601637434707e-05 
 0.0063795382627135121048 
  0.021707447242956361133 
    13.993736323918193776 
     13.97825823667797529 
-5.9784575432593131412e-05 
5.9784575608930178318e-05 
 0.0063795382627182531041 
  0.021707447242972032625 
    13.993736323918277265 
    13.978258236678094306 
-0.00012551164208129852833 
 0.0001255116419768576041 
  0.013303162320350891967 
  0.045278396159173936453 
    13.960780592903276442 
    13.928477254272500829 
-0.00012551164204480067823 
0.00012551164195816023948 
   0.01330316232034676853 
  0.045278396159154778167 
    13.960780592903235586 
    13.928477254272527475 
-0.00012551164204571338672 
0.00012551164206948812433 
    0.0133031623203459827 
  0.045278396159150788303 
    13.960780592903320851 
    13.928477254272504382 
-0.00012551164193818872047 
0.00012551164206795674297 
  0.013303162320351927597 
  0.045278396159154243872 
    13.960780592903244468 
    13.928477254272545238 
-0.00012551164195216213491 
0.00012551164212127086692 
  0.013303162320355547965 
  0.045278396159172722146 
    13.960780592903349273 
    13.928477254272564778 
-0.00019272161803353258158 
0.00019272161789983578988 
  0.020405110020886456368 
  0.069462568049048448171 
    13.898552823073538676 
    13.848983693257403971 
-0.00019272161801036469904 
 0.0001927216179614212922 
  0.020405110020881498528 
  0.069462568049024703276 
    13.898552823073575979 
    13.848983693257419958 
-0.00019272161793578863865 
0.00019272161802940095815 
  0.020405110020880593003 
  0.069462568049013628801 
    13.898552823073513807 
    13.848983693257380878 
-0.00019272161788225515349 
0.00019272161804441786297 
  0.020405110020884138777 
  0.069462568049019776661 
     13.89855282307360973 
    13.848983693257510552 
-0.00019272161787539806264 
0.00019272161806460765899 
  0.020405110020887726185 
  0.069462568049048975527 
    13.898552823073591966 
    13.848983693257450156 
   -13.809684534623022145 
   -13.752986387091569398 
 -0.023333639640912187674 
 -0.079446125805727588198 
 0.0002204813663481530045 
-0.00022048136637313215519 
   -13.706553562596452522 
   -13.636264684518097923 
  -0.02894325426764496334 
 -0.098520024848445603149 
0.00027287768278782707429 
-0.00027287768249364312625 
   -13.579607353382156631 
   -13.494984973370073078 
 -0.034848454264312371531 
  -0.11861280527553005881 
0.00032879907044177324443 
-0.00032879907040185237833 
   -13.427545928359471361 
   -13.327780771823489303 
 -0.041086294433939560267 
  -0.13984003310432521761 
0.00038762807412359614589 
-0.00038762807399986141032 
   -13.248924929798423733 
   -13.133094995966889229 
 -0.047707781117184593078 
  -0.16236370877236608323 
0.00045004748562034869834 
-0.00045004748554085938607 
   -13.042116980509591784 
   -12.909227651807615445 
 -0.054756746057954421014 
  -0.18629985697775058862 
 0.0005163324973037217375 
-0.0005163324973372668443 
   -12.805404490629323178 
   -12.654505033335395225 
 -0.062268070834675538772 
  -0.21164068947579794955 
 0.0005863141590773208664 
-0.00058631415901608545296 
   -12.537246949854784717 
   -12.367763883325675778 
 -0.070289463536737761817 
   -0.2380628448293083399 
0.00065853140865983835102 
-0.00065853140874861521015 
   -12.237063753644992659 
   -12.049832224674739578 
 -0.079021551604972983807 
  -0.26438107482055828168 
0.00072748558565290273852 
-0.00072748558560073244787 
   -11.907777551689363804 
   -11.708715353653234459 
 -0.089457706212851623162 
  -0.28656569032264317398 
0.00077508979249242071843 
-0.00077508979265804062338 
   -11.567089166459989968 
   -11.392783185612254115 
  -0.10835502531468603482 
  -0.28289260458050280445 
0.00065451210102656579969 
-0.00065451210119286343941 
   -13.809684534623029251 
   -13.752986387091619136 
 -0.023333639640913578922 
 -0.079446125805721370949 
 0.0002204813663687154408 
-0.00022048136631777609908 
   -13.706553562596484497 
   -13.636264684518039303 
 -0.028943254267643128003 
  -0.09852002484844490926 
0.00027287768273988918365 
-0.00027287768263167794637 
   -13.579607353382071366 
   -13.494984973370026893 
 -0.034848454264315646689 
  -0.11861280527552349462 
 0.0003287990704389646187 
-0.00032879907038415304892 
    -13.42754592835939853 
    -13.32778077182333476 
 -0.041086294433935688364 
  -0.13984003310432419065 
0.00038762807416069781528 
-0.00038762807403453354528 
   -13.248924929798278072 
   -13.133094995966807517 
 -0.047707781117184711039 
  -0.16236370877236294685 
0.00045004748555360716417 
-0.00045004748554482279553 
    -13.04211698050953494 
   -12.909227651807555048 
 -0.054756746057949570727 
  -0.18629985697775333642 
0.00051633249729802035196 
-0.00051633249734534718625 
   -12.805404490629227254 
   -12.654505033335222919 
 -0.062268070834672124836 
  -0.21164068947579742219 
0.00058631415909396065924 
-0.00058631415907197997808 
   -12.537246949854637279 
    -12.36776388332567933 
 -0.070289463536740023897 
  -0.23806284482930401003 
0.00065853140859227347371 
-0.00065853140867932775243 
   -12.237063753645015751 
   -12.049832224674663195 
  -0.07902155160496894537 
  -0.26438107482056111275 
0.00072748558570067897461 
-0.00072748558563828780166 
    -11.90777755168927321 
   -11.708715353653193603 
 -0.089457706212857798778 
  -0.28656569032263273789 
0.00077508979249733519004 
-0.00077508979262244778394 
   -11.567089166459936678 
   -11.392783185612112007 
  -0.10835502531468199638 
  -0.28289260458050030644 
0.00065451210117728909205 
-0.0006545121011299549936 
   -13.809684534623048791 
   -13.752986387091533871 
 -0.023333639640909446811 
  -0.07944612580572224525 
0.00022048136640430041977 
-0.0002204813663760034478 
   -13.706553562596422324 
   -13.636264684518122792 
 -0.028943254267644040467 
 -0.098520024848443313314 
 0.0002728776826169948674 
-0.00027287768261778275712 
     -13.5796073533821815 
   -13.494984973370076631 
 -0.034848454264313794004 
  -0.11861280527552234276 
0.00032879907044443338867 
-0.00032879907043392855382 
   -13.427545928359421623 
   -13.327780771823327655 
 -0.041086294433938630455 
  -0.13984003310432310818 
0.00038762807409316112723 
 -0.000387628074138787282 
   -13.248924929798262085 
   -13.133094995966787977 
  -0.04770778111718294856 
  -0.16236370877236752652 
0.00045004748557244935109 
-0.00045004748552754803969 
   -13.042116980509518953 
   -12.909227651807551496 
 -0.054756746057948543771 
  -0.18629985697775275355 
0.00051633249729492549686 
-0.00051633249733183943665 
   -12.805404490629261005 
   -12.654505033335343711 
 -0.062268070834673949765 
   -0.2116406894757892343 
0.00058631415903230544272 
-0.00058631415906075653403 
   -12.537246949854752742 
   -12.367763883325709529 
  -0.07028946353673680425 
  -0.23806284482930625823 
0.00065853140867846808853 
-0.00065853140866763701725 
   -12.237063753645029962 
   -12.049832224674711156 
 -0.079021551604964213045 
  -0.26438107482056438791 
 0.0007274855856515318733 
-0.00072748558564841696045 
   -11.907777551689338935 
   -11.708715353653269986 
 -0.089457706212858520423 
  -0.28656569032263240482 
0.00077508979254508573054 
-0.0007750897925596185933 
   -11.567089166459986416 
   -11.392783185612097796 
  -0.10835502531468468868 
  -0.28289260458049975133 
0.00065451210118401862651 
-0.00065451210118921390648 
   -13.809684534622993723 
   -13.752986387091505449 
 -0.023333639640909120683 
 -0.079446125805723355473 
0.00022048136632019324651 
-0.00022048136643495417622 
   -13.706553562596377915 
   -13.636264684517993118 
 -0.028943254267640678573 
 -0.098520024848449155863 
0.00027287768265058545648 
-0.0002728776826587155091 
    -13.57960735338205005 
    -13.49498497337002334 
 -0.034848454264315223416 
  -0.11861280527552015007 
0.00032879907040371812764 
-0.00032879907040396261523 
   -13.427545928359441163 
   -13.327780771823446671 
  -0.04108629443393508468 
  -0.13984003310432932543 
0.00038762807400966205586 
-0.00038762807411347273336 
   -13.248924929798402417 
   -13.133094995966908769 
 -0.047707781117186057185 
  -0.16236370877236599997 
 0.0004500474855824858106 
-0.00045004748553799156291 
   -13.042116980509620205 
   -12.909227651807604786 
 -0.054756746057951694029 
   -0.1862998569777490343 
  0.000516332497300044449 
-0.00051633249737972940555 
   -12.805404490629282321 
    -12.65450503333529042 
 -0.062268070834676315928 
  -0.21164068947579339763 
0.00058631415904942846447 
-0.00058631415911030685013 
   -12.537246949854683464 
   -12.367763883325656238 
 -0.070289463536736512816 
  -0.23806284482930381574 
0.00065853140867337656671 
-0.00065853140866218402242 
   -12.237063753644989106 
   -12.049832224674680958 
 -0.079021551604969972327 
   -0.2643810748205578931 
0.00072748558565331495219 
-0.0007274855856453234064 
   -11.907777551689296303 
   -11.708715353653174063 
 -0.089457706212853593808 
  -0.28656569032263745633 
0.00077508979259865399148 
-0.00077508979254917881058 
   -11.567089166459910032 
   -11.392783185612113783 
  -0.10835502531468450826 
  -0.28289260458050113911 
0.00065451210113698842993 
-0.00065451210114578792319 
    -13.80968453462306833 
   -13.752986387091574727 
 -0.023333639640913061974 
 -0.079446125805722328517 
0.00022048136626486161205 
-0.00022048136649747333924 
   -13.706553562596459628 
   -13.636264684518110357 
 -0.028943254267642683913 
 -0.098520024848447268484 
  0.000272877682593992922 
-0.00027287768268014004876 
   -13.579607353382149526 
    -13.49498497337004288 
 -0.034848454264312281325 
  -0.11861280527553103026 
0.00032879907043261948811 
-0.00032879907043511120155 
   -13.427545928359414518 
   -13.327780771823396933 
 -0.041086294433940198645 
  -0.13984003310432252531 
0.00038762807406502624349 
-0.00038762807409277005551 
   -13.248924929798311823 
   -13.133094995966743568 
 -0.047707781117185314723 
  -0.16236370877236649957 
0.00045004748553784617139 
-0.00045004748565797663947 
   -13.042116980509472768 
   -12.909227651807579917 
 -0.054756746057954178153 
  -0.18629985697775514053 
0.00051633249727443613578 
-0.00051633249727846969312 
   -12.805404490629324954 
   -12.654505033335423647 
   -0.0622680708346761147 
  -0.21164068947579411928 
0.00058631415900534708096 
-0.00058631415906357903754 
   -12.537246949854830902 
   -12.367763883325752161 
 -0.070289463536736485061 
  -0.23806284482930689661 
0.00065853140866688555672 
-0.00065853140871551820411 
   -12.237063753645067266 
      -12.049832224674768 
  -0.07902155160496976416 
  -0.26438107482056105724 
0.00072748558565770326048 
-0.00072748558563195020628 
   -11.907777551689363804 
   -11.708715353653177615 
 -0.089457706212855161998 
  -0.28656569032264067598 
0.00077508979257316830153 
-0.00077508979263420530598 
   -11.567089166459915361 
   -11.392783185612175956 
  -0.10835502531468421683 
  -0.28289260458050491387 
0.00065451210123314827218 
-0.00065451210098682317644 
0.00065451210135622462597 
-0.00065451210105610879101 
  -0.10835502531468106657 
  -0.28289260458051662672 
    11.392783185612399777 
     11.56708916646034524 
0.00065451210123153606354 
-0.00065451210113675456752 
  -0.10835502531468478582 
  -0.28289260458051784797 
    11.392783185612138652 
    11.567089166460036154 
0.00065451210117860368718 
-0.00065451210114975220001 
  -0.10835502531468357845 
  -0.28289260458051729286 
    11.392783185612270103 
    11.567089166460130301 
0.00065451210117858081051 
-0.00065451210114822759491 
  -0.10835502531468509113 
   -0.2828926045805195133 
    11.392783185612403329 
    11.567089166460263527 
0.00065451210114231684993 
-0.00065451210129305553796 
  -0.10835502531468051146 
  -0.28289260458051618263 
    11.392783185612104901 
    11.567089166460073457 
0.00077508979249774935527 
-0.00077508979260713440403 
 -0.089457706212855286898 
   -0.2865656903226372898 
    11.708715353653639468 
    11.907777551689719076 
0.00077508979256005303311 
-0.00077508979256813012246 
 -0.089457706212857326933 
  -0.28656569032263567998 
    11.708715353653323277 
    11.907777551689418871 
0.00077508979257025461661 
-0.00077508979260250247551 
 -0.089457706212857021622 
  -0.28656569032264261887 
    11.708715353653424529 
    11.907777551689568085 
0.00077508979255252487533 
-0.00077508979254122477819 
 -0.089457706212857340811 
    -0.286565690322638289 
    11.708715353653522229 
    11.907777551689584072 
0.00077508979259480539903 
-0.00077508979262485178541 
 -0.089457706212854440353 
  -0.28656569032263745633 
    11.708715353653428082 
      11.9077775516896196 
0.00072748558567224490528 
-0.00072748558563285280459 
 -0.079021551604966697169 
  -0.26438107482056033559 
    12.049832224675110837 
    12.237063753645433195 
0.00072748558565776094004 
-0.00072748558567802316076 
 -0.079021551604969597626 
  -0.26438107482056144582 
    12.049832224674815961 
    12.237063753645163189 
0.00072748558563230376461 
-0.00072748558559229009081 
 -0.079021551604968709448 
  -0.26438107482056399933 
    12.049832224674950965 
    12.237063753645189834 
0.00072748558571402929807 
-0.00072748558563742054834 
 -0.079021551604971040916 
  -0.26438107482056411035 
     12.04983222467497761 
    12.237063753645342601 
0.00072748558564254156046 
-0.00072748558565847488717 
 -0.079021551604966780435 
  -0.26438107482056621977 
    12.049832224675045111 
    12.237063753645363917 
0.00065853140861786031972 
-0.00065853140869126243311 
  -0.07028946353673874714 
   -0.2380628448293033439 
    12.367763883326094998 
    12.537246949855088474 
0.00065853140865829932604 
-0.0006585314086848201038 
 -0.070289463536743687633 
  -0.23806284482930328839 
    12.367763883325846308 
    12.537246949854873534 
0.00065853140864548503214 
-0.00065853140870813142629 
 -0.070289463536738011618 
  -0.23806284482930928359 
    12.367763883325849861 
    12.537246949854903733 
0.00065853140864213354638 
-0.00065853140866099595368 
 -0.070289463536737567528 
  -0.23806284482931200364 
    12.367763883326029273 
    12.537246949855033407 
0.00065853140868995130742 
-0.0006585314086592075622 
 -0.070289463536739066329 
  -0.23806284482931022728 
    12.367763883326036378 
    12.537246949855081368 
0.00058631415909036208381 
-0.0005863141589650134591 
 -0.062268070834674851821 
  -0.21164068947580413904 
    12.654505033335652797 
    12.805404490629552328 
0.00058631415914457219243 
-0.00058631415907747677467 
 -0.062268070834678848624 
  -0.21164068947580205737 
    12.654505033335510689 
    12.805404490629562986 
0.00058631415901217809675 
-0.00058631415908226396094 
 -0.062268070834676107761 
  -0.21164068947579633972 
     12.65450503333550536 
    12.805404490629429759 
0.00058631415904642771812 
-0.00058631415906794457759 
 -0.062268070834682415216 
  -0.21164068947579281477 
    12.654505033335608388 
    12.805404490629539893 
0.00058631415905391879619 
-0.00058631415905061577427 
 -0.062268070834677537173 
  -0.21164068947579617319 
    12.654505033335679443 
      12.8054044906296145 
0.00051633249737471117579 
-0.00051633249732639316387 
 -0.054756746057949362561 
  -0.18629985697775985898 
      12.9092276518078517 
    13.042116980509902646 
0.00051633249729900394017 
-0.00051633249731648355602 
 -0.054756746057951818929 
  -0.18629985697775866549 
     12.90922765180789078 
    13.042116980509852908 
0.00051633249732286647105 
-0.00051633249733008758278 
 -0.054756746057952318529 
  -0.18629985697776108022 
     12.90922765180773446 
    13.042116980509735669 
0.00051633249729949519218 
-0.00051633249733912213106 
 -0.054756746057948280093 
  -0.18629985697776443865 
    12.909227651807839266 
    13.042116980509833368 
0.00051633249730206724499 
-0.0005163324973382653945 
 -0.054756746057950972384 
  -0.18629985697775669484 
    12.909227651807915649 
    13.042116980509899093 
0.00045004748544409656479 
-0.00045004748559358061406 
 -0.047707781117187854358 
  -0.16236370877236505628 
     13.13309499596717167 
    13.248924929798578276 
0.00045004748555235328435 
-0.00045004748551521149948 
 -0.047707781117186327802 
   -0.1623637087723711625 
    13.133094995967109497 
    13.248924929798548078 
0.00045004748559785822531 
-0.00045004748554685318094 
 -0.047707781117190116438 
  -0.16236370877237468746 
    13.133094995967040219 
    13.248924929798560512 
0.00045004748556891615305 
-0.00045004748550756310367 
 -0.047707781117195077747 
  -0.16236370877236480648 
    13.133094995967109497 
    13.248924929798539196 
0.00045004748562117556513 
-0.00045004748547613804581 
  -0.04770778111718915887 
  -0.16236370877237005228 
    13.133094995967164564 
    13.248924929798635119 
0.00038762807408713280052 
-0.00038762807404507838719 
 -0.041086294433943494619 
  -0.13984003310432907563 
    13.327780771823587003 
    13.427545928359577943 
0.00038762807409412113405 
-0.0003876280741646266929 
 -0.041086294433938699844 
  -0.13984003310433756884 
    13.327780771823636741 
    13.427545928359771565 
0.00038762807399752804462 
-0.00038762807407644473551 
 -0.041086294433945333426 
  -0.13984003310433082423 
    13.327780771823588779 
    13.427545928359519323 
0.00038762807411222058827 
-0.0003876280740691234435 
 -0.041086294433939130055 
  -0.13984003310433154588 
    13.327780771823585226 
    13.427545928359634786 
0.00038762807409150668893 
-0.00038762807405931255225 
 -0.041086294433937652071 
  -0.13984003310432774336 
     13.32778077182368115 
    13.427545928359700511 
0.00032879907036281166757 
-0.00032879907057092150986 
 -0.034848454264317305085 
  -0.11861280527552972575 
    13.494984973370209858 
    13.579607353382373347 
0.00032879907028169990096 
-0.00032879907040839038848 
 -0.034848454264320184726 
  -0.11861280527553116904 
     13.49498497337036973 
    13.579607353382288082 
0.00032879907046871767419 
-0.00032879907041311566681 
 -0.034848454264319539408 
  -0.11861280527553925979 
    13.494984973370131698 
    13.579607353382247226 
0.00032879907043504685415 
-0.00032879907032115174119 
 -0.034848454264317062223 
  -0.11861280527553548503 
    13.494984973370231174 
    13.579607353382224133 
0.00032879907052306791594 
-0.00032879907037421931756 
 -0.034848454264317416107 
  -0.11861280527553519359 
    13.494984973370314663 
    13.579607353382447954 
0.00027287768260982932103 
-0.00027287768262948590642 
 -0.028943254267645129874 
 -0.098520024848454415545 
    13.636264684518334178 
    13.706553562596649698 
 0.0002728776826390121946 
-0.00027287768269010007202 
 -0.028943254267646958272 
 -0.098520024848455525768 
    13.636264684518197399 
    13.706553562596605289 
0.00027287768257250614914 
-0.00027287768265915265942 
 -0.028943254267650139755 
 -0.098520024848455817201 
    13.636264684518181411 
    13.706553562596491602 
0.00027287768260873443947 
-0.00027287768270842314294 
 -0.028943254267643915567 
 -0.098520024848459661349 
     13.63626468451815299 
    13.706553562596555551 
0.00027287768259786970371 
-0.00027287768252903723144 
 -0.028943254267645421307 
 -0.098520024848448642385 
    13.636264684518355494 
    13.706553562596551998 
0.00022048136622914045728 
-0.00022048136645371100933 
 -0.023333639640917298169 
 -0.079446125805724895907 
    13.752986387091727494 
    13.809684534623132279 
0.00022048136631660301943 
-0.00022048136633397313086 
 -0.023333639640922328867 
  -0.07944612580572488203 
     13.75298638709170973 
    13.809684534623077212 
0.00022048136641519884712 
-0.00022048136632451414453 
 -0.023333639640916427338 
 -0.079446125805735762215 
    13.752986387091601372 
    13.809684534623078989 
0.00022048136640403752785 
-0.00022048136629863898206 
 -0.023333639640918259206 
 -0.079446125805738954107 
    13.752986387091675979 
    13.809684534623112739 
0.00022048136641695059257 
-0.00022048136636258831617 
 -0.023333639640912628294 
 -0.079446125805733402991 
    13.752986387091628018 
    13.809684534623148267 
