-1.0085645329383869876e-06 
-3.718588729610550609e-06 
-6.1961945066136512325e-05 
-1.7294504018286763149e-05 
-0.0038566517579011411546 
-0.0038982370003214179485 
-4.143246240380287736e-06 
-2.5050761971424272182e-06 
-6.1965084096019516259e-05 
-1.7290854297498118512e-05 
-0.0038702510735835835703 
-0.0039161901261149222736 
-1.6414191024836104056e-06 
-8.2802673328489544675e-07 
-6.1966541568778574461e-05 
-1.7289878063913692732e-05 
-0.0038699747422153295447 
 -0.003915090911278711755 
-3.2561409274429725692e-07 
3.2561409242046290278e-07 
-6.1966861939871035851e-05 
-1.7289721219305394158e-05 
 -0.003869998472899801277 
-0.0039149529654391584943 
8.2802673318654708651e-07 
1.6414191030168686797e-06 
-6.1966541568775809746e-05 
-1.7289878063913445398e-05 
-0.0038699747422142835064 
-0.0039150909112782997581 
2.5050761976875098604e-06 
 4.143246240335015519e-06 
-6.1965084096018011929e-05 
-1.7290854297497762758e-05 
-0.0038702510735837375271 
-0.0039161901261144911948 
 3.718588729405599976e-06 
1.0085645328851071329e-06 
-6.1961945066132161964e-05 
-1.7294504018290205491e-05 
-0.0038566517579023706398 
-0.0038982370003227840433 
-3.2109078542681631614e-07 
-1.1480525479041437082e-06 
-6.9025504116697547897e-05 
-1.9018701619719730419e-05 
-0.0039321108991481040079 
 -0.003981342217996693307 
-1.4336497358448270828e-06 
-1.2872400538620038952e-06 
-6.9026151495265401499e-05 
-1.9017883898701092867e-05 
-0.0039520139013376415563 
 -0.004002219918579769109 
-1.0861287549074752913e-06 
-5.8301624024428907446e-07 
-6.902662722820759086e-05 
-1.9017209020516272417e-05 
-0.0039507449554593149221 
-0.0040013087956795910863 
-2.5148138555030859139e-07 
2.5148138646676594719e-07 
-6.9026810630696126586e-05 
-1.9017027775904837708e-05 
-0.0039505479046781123709 
-0.0040011119566259979383 
5.8301624101815997442e-07 
1.0861287552932776229e-06 
-6.9026627228208146513e-05 
-1.9017209020514246314e-05 
-0.0039507449554589887941 
-0.0040013087956788755128 
1.2872400542438285602e-06 
1.4336497365993547149e-06 
-6.9026151495266567016e-05 
-1.9017883898700611752e-05 
-0.0039520139013371315476 
-0.0040022199185796285964 
1.1480525486053789919e-06 
3.2109078561529231715e-07 
 -6.90255041166951491e-05 
-1.9018701619717978755e-05 
-0.0039321108991493382637 
-0.0039813422179974123499 
-1.5703697664442459612e-07 
-5.3606156826101084099e-07 
-6.8853075386630666955e-05 
-1.8787922982973048449e-05 
 -0.004017617360858550743 
 -0.004067327885039365501 
-6.9040630565713397353e-07 
-6.3310887511430564508e-07 
-6.8853485786248954585e-05 
-1.8787414986917074785e-05 
 -0.004039012046977385334 
-0.0040891599122845545197 
-5.5947376001365215992e-07 
-3.1579200357302431099e-07 
-6.8853615316098311871e-05 
-1.8787083709254342995e-05 
-0.0040383002603141468501 
-0.0040886349426895902959 
-1.5192404901214906978e-07 
1.5192404873729063711e-07 
-6.885367488476733331e-05 
-1.8786966577470293936e-05 
-0.0040381256039918270867 
-0.0040885206287923584606 
3.1579200344145680087e-07 
5.5947376027571568347e-07 
-6.8853615316096306097e-05 
-1.8787083709255315389e-05 
-0.0040383002603134286745 
-0.0040886349426892598311 
6.3310887551090319988e-07 
6.9040630602976515461e-07 
-6.8853485786250147207e-05 
-1.8787414986917728695e-05 
-0.0040390120469773818646 
-0.0040891599122845267641 
5.3606156854572540198e-07 
1.5703697671964191593e-07 
-6.885307538663080248e-05 
-1.8787922982973790449e-05 
-0.0040176173608590035058 
-0.0040673278850396066275 
-1.0813148427667362364e-07 
-3.5458964049558809026e-07 
-6.7340386211184576895e-05 
-1.8308303761934058057e-05 
-0.0041034145290597037053 
-0.0041522223709194580263 
-4.5175713662951880751e-07 
-3.7291699827457350807e-07 
-6.7340774985267788742e-05 
-1.8307918416335142533e-05 
-0.0041255262297916015651 
-0.0041746602447349061282 
-3.2510413841257359705e-07 
-1.7555909477544467471e-07 
-6.7340843171574175604e-05 
-1.8307723936127108804e-05 
-0.0041250956035883560094 
-0.0041743005593407453077 
-9.0416116493323705695e-08 
9.0416117377662075059e-08 
-6.7340866011479950655e-05 
-1.8307657385158979574e-05 
-0.0041250148573869199059 
-0.0041742511896778952685 
1.7555909557306407563e-07 
3.2510413897685164698e-07 
-6.7340843171573552188e-05 
-1.8307723936127129132e-05 
-0.0041250956035880879946 
-0.0041743005593402431053 
3.7291699869017054128e-07 
4.5175713687082118295e-07 
-6.7340774985269225309e-05 
-1.8307918416333966851e-05 
 -0.004125526229791495747 
-0.0041746602447346311746 
3.5458964063510410461e-07 
1.0813148431418770703e-07 
-6.7340386211185905042e-05 
-1.8308303761933177143e-05 
-0.0041034145290598312075 
-0.0041522223709194840471 
-8.7871167921335448441e-08 
-2.8046574895524199255e-07 
-6.5257593928406051604e-05 
-1.7707403676243889016e-05 
-0.0041874407719487815455 
 -0.004234819299891646148 
-3.5388287648004771059e-07 
-2.6698891984864684285e-07 
-6.5257971743025973226e-05 
-1.7707072688050801092e-05 
-0.0042101008403123340793 
-0.0042577596628026884509 
-2.2852894409208595759e-07 
-1.1555155729493791356e-07 
-6.525803376901753456e-05 
-1.7706935570260134722e-05 
-0.0042097767420450297321 
-0.0042574618208102640859 
-6.287303545781488029e-08 
6.2873035429397639594e-08 
-6.5258051929496744951e-05 
-1.7706893142265328557e-05 
-0.0042097435499782332596 
 -0.004257441457954614164 
1.1555155730434277184e-07 
 2.285289442065995181e-07 
-6.525803376901613865e-05 
-1.7706935570260686988e-05 
-0.0042097767420444850289 
-0.0042574618208098217315 
2.6698892011893399753e-07 
3.5388287706855508504e-07 
-6.5257971743026840588e-05 
-1.7707072688050574087e-05 
-0.0042101008403121076978 
-0.0042577596628027899323 
2.8046574951210231026e-07 
8.7871168072251361593e-08 
-6.5257593928404100041e-05 
-1.7707403676245684726e-05 
-0.0041874407719486210835 
-0.0042348192998910745566 
-7.8257232170454824223e-08 
-2.4627674627067171496e-07 
-6.2913731120601843806e-05 
-1.7053063619365083585e-05 
-0.0042688986320877564049 
-0.0043146112228699311578 
-3.089995083452175846e-07 
-2.2084059746638823158e-07 
-6.2914100214929251625e-05 
-1.7052761634845766607e-05 
-0.0042920358465041476281 
-0.0043380053804319669911 
-1.8665265229390447683e-07 
-8.9983508095426449555e-08 
-6.2914164755022315896e-05 
-1.7052650758918800044e-05 
-0.0042917507992504865325 
-0.0043377289933106324277 
-5.084541838362681082e-08 
5.0845418213697350578e-08 
-6.2914183977448267225e-05 
-1.7052619228135739446e-05 
-0.0042917369877477143381 
-0.0043377202541447171941 
8.9983507912650345004e-08 
1.8665265206437612406e-07 
-6.2914164755021733137e-05 
-1.7052650758919616584e-05 
-0.0042917507992500710662 
-0.0043377289933101683891 
2.2084059727606331647e-07 
3.0899950831158190627e-07 
-6.2914100214929685306e-05 
-1.7052761634846993111e-05 
-0.0042920358465044191124 
 -0.004338005380432391131 
2.4627674629065078697e-07 
 7.825723217455896355e-08 
-6.2913731120602087751e-05 
-1.7053063619364202671e-05 
-0.0042688986320870269536 
-0.0043146112228691869614 
-7.2700122538325570895e-08 
-2.2732678853485721408e-07 
-6.0443659224168339982e-05 
-1.6373582133299613883e-05 
-0.0043474269863325726293 
-0.0043913614841503290781 
-2.8446461622577791243e-07 
-1.9801603731978240627e-07 
-6.0444017617482796072e-05 
-1.6373299045653519199e-05 
-0.0043710039013652559128 
-0.0044151802058502009202 
-1.6626691904909496913e-07 
-7.812207254349526224e-08 
-6.0444084019001844939e-05 
-1.6373201419457041571e-05 
-0.0043707313714574534333 
-0.0044149095116521319682 
-4.504397251234301941e-08 
4.5043971425968802985e-08 
-6.0444104357874886752e-05 
-1.6373175076848588106e-05 
-0.0043707252168058161393 
-0.0044149053466506996829 
7.8122071609297568985e-08 
1.6626691853813912554e-07 
-6.0444084019001600994e-05 
-1.6373201419455296683e-05 
-0.0043707313714571221011 
-0.0044149095116522291127 
1.9801603688730593872e-07 
2.8446461558115984625e-07 
-6.0444017617482525022e-05 
-1.6373299045651987764e-05 
-0.0043710039013656583687 
-0.0044151802058503943418 
2.2732678796462468135e-07 
7.2700122384263075928e-08 
-6.0443659224170210231e-05 
-1.6373582133297093113e-05 
-0.0043474269863319802212 
-0.0043913614841501599426 
-6.8703927478514419713e-08 
-2.1424894461261201006e-07 
-5.7914749491094351559e-05 
-1.5683062986288760326e-05 
 -0.004422854974135588535 
-0.0044649593071627051086 
-2.6779107328672840069e-07 
-1.8427000332081696399e-07 
-5.7915095239443458049e-05 
-1.5682794670404567021e-05 
-0.0044468464981903682576 
-0.0044891805975401143439 
-1.5426732093121003304e-07 
-7.1632260459216086005e-08 
-5.7915161693624761085e-05 
-1.5682704860611687439e-05 
-0.0044465762155864929292 
-0.0044889095616041417916 
-4.1686747554708857413e-08 
4.1686748054867055864e-08 
-5.7915182421118687503e-05 
-1.5682681284976977202e-05 
-0.0044465730652153570915 
-0.0044889071938376641155 
 7.163226095647465245e-08 
1.5426732140395082054e-07 
-5.7915161693624564573e-05 
-1.5682704860612497203e-05 
-0.0044465762155867383926 
-0.0044889095616043638362 
 1.842700036723915148e-07 
 2.677910733229757463e-07 
-5.7915095239441228658e-05 
-1.5682794670406261086e-05 
-0.0044468464981903699923 
-0.0044891805975397968895 
2.1424894455039561367e-07 
6.8703927461813563736e-08 
-5.7914749491094439651e-05 
-1.5683062986291054091e-05 
-0.0044228549741355902697 
-0.0044649593071627502114 
-6.5313315859019166648e-08 
-2.0344977671142248939e-07 
-5.5363271071902397154e-05 
-1.498911956785623482e-05 
-0.0044951045488716648985 
-0.0045353579209070583531 
-2.5417120487607096272e-07 
-1.7405921882922646884e-07 
-5.5363602922421480059e-05 
-1.4988864299086191486e-05 
-0.0045194902555750898765 
-0.0045599625455503452198 
-1.4553645167309344298e-07 
-6.7239074004546066723e-08 
-5.536366807773671875e-05 
-1.4988780021740575956e-05 
-0.0045192183411107370722 
-0.0045596889433503293848 
-3.9284309813331305054e-08 
3.9284310554498964361e-08 
-5.5363688611492200826e-05 
-1.4988758189971912091e-05 
-0.0045192163745484343132 
-0.0045596872902643505177 
6.7239074753291375421e-08 
 1.455364524398685097e-07 
-5.5363668077739896817e-05 
-1.4988780021740486171e-05 
  -0.00451921834111095478 
-0.0045596889433505653072 
 1.740592193487277102e-07 
2.5417120470621968098e-07 
-5.5363602922417746337e-05 
-1.498886429908345557e-05 
-0.0045194902555744098649 
-0.0045599625455489782577 
2.0344977637894810802e-07 
6.5313315768380989994e-08 
-5.5363271071903481357e-05 
-1.4989119567855992569e-05 
  -0.00449510454887181235 
-0.0045353579209074495332 
-6.216412128515246595e-08 
-1.9355436770976061246e-07 
-5.2809661315149087745e-05 
-1.4296083885397688852e-05 
-0.0045641463255939119029 
-0.0046025450496702769929 
-2.4176133810132091511e-07 
-1.6523837813873302016e-07 
-5.2809978590203779717e-05 
-1.4295840909005603597e-05 
-0.0045889075932568227159 
-0.0046275148693656403473 
-1.3808989662332303021e-07 
-6.3667426442580121808e-08 
-5.2810041637719663972e-05 
-1.4295761191276432515e-05 
-0.0045886326632127985223 
 -0.004627237960072369885 
-3.7257150590440782273e-08 
3.7257150701423710939e-08 
-5.2810061622056284677e-05 
-1.4295740668318469052e-05 
-0.0045886311733031072413 
-0.0046272366023735918283 
6.3667426492820531116e-08 
1.3808989652180083753e-07 
-5.2810041637719047332e-05 
-1.4295761191276850949e-05 
-0.0045886326632129893419 
-0.0046272379600724063142 
 1.652383780156087874e-07 
2.4176133807316278709e-07 
-5.2809978590202919131e-05 
-1.4295840909008276833e-05 
-0.0045889075932552354439 
-0.0046275148693641406789 
1.9355436771362157392e-07 
6.2164121287661655472e-08 
-5.2809661315146268819e-05 
-1.4296083885398247894e-05 
-0.0045641463255943880845 
-0.0046025450496707445008 
-5.9119294424291795904e-08 
-1.8404214272618502302e-07 
-5.0265683034750138932e-05 
-1.3606479354618151458e-05 
-0.0046299776504063437643 
-0.0046665276596090810718 
-2.2986162473168546605e-07 
-1.5698315302885885855e-07 
-5.0265985424551536185e-05 
-1.3606248305957605957e-05 
-0.0046550965981580942968 
-0.0046918450169094808033 
-1.3116359667853319859e-07 
-6.0424111433881845365e-08 
-5.0266045925912889738e-05 
-1.3606172721215276705e-05 
-0.0046548182375123333884 
-0.0046915646328732274126 
-3.5381633188265094034e-08 
3.5381632976709893665e-08 
-5.0266065165448689761e-05 
-1.3606153318816836776e-05 
-0.0046548169510628152959 
-0.0046915634087245638995 
6.0424111148137967291e-08 
1.3116359618911144715e-07 
-5.0266045925910958503e-05 
-1.3606172721213755433e-05 
-0.0046548182375122336418 
-0.0046915646328729281728 
1.5698315268064295219e-07 
 2.298616249752591868e-07 
-5.0265985424552207036e-05 
-1.3606248305954775173e-05 
-0.0046550965981568452959 
-0.0046918450169088346188 
1.8404214308754574253e-07 
5.9119294520672637565e-08 
-5.0265683034749149597e-05 
-1.3606479354616240552e-05 
-0.0046299776504067123931 
-0.0046665276596091877573 
-5.612809918673435555e-08 
-1.7471853957901696548e-07 
-4.7738081051311999868e-05 
-1.2921765974500126496e-05 
-0.0046926109107587269526 
-0.0047273235654448266668 
-2.1820952527262977379e-07 
-1.4897867976483766454e-07 
-4.7738368460517857021e-05 
-1.2921546645509267954e-05 
-0.0047180700112681665109 
-0.0047529710650083501974 
-1.2446489497080180759e-07 
-5.7319006377117551177e-08 
-4.7738426197312416497e-05 
-1.2921474996530795112e-05 
-0.0047177881767573263266 
-0.0047526872554655040168 
-3.3571875599783197125e-08 
3.3571874929035183605e-08 
-4.7738444592732254225e-05 
-1.2921456630852142552e-05 
-0.0047177869880970771041 
-0.0047526861013121495317 
5.7319005800230423212e-08 
1.2446489464870148871e-07 
-4.7738426197311562688e-05 
-1.2921474996530474933e-05 
-0.0047177881767570435667 
-0.0047526872554654736591 
1.4897867959986661606e-07 
 2.182095252881396088e-07 
-4.7738368460516447558e-05 
 -1.29215466455100828e-05 
 -0.004718070011267792678 
-0.0047529710650081593779 
1.7471853964694911373e-07 
5.6128099204146580236e-08 
-4.7738081051309682386e-05 
-1.2921765974501568146e-05 
-0.0046926109107587182789 
-0.0047273235654447633494 
-5.3171499578259384579e-08 
-1.6550963558665846417e-07 
-4.523057730512670976e-05 
-1.2242748072690302636e-05 
-0.0047520669469815158756 
-0.0047849565792083392085 
-2.0670479586970507568e-07 
-1.4110192879873612655e-07 
-4.5230849760056603755e-05 
-1.2242540320709075668e-05 
-0.0047778488898564553528 
-0.0048109170105927294425 
-1.1787903601373936855e-07 
-5.4276972606258062821e-08 
-4.5230904640104301051e-05 
-1.2242472510636848192e-05 
-0.0047775636755976319536 
 -0.004810629899781139647 
-3.1794091611984446923e-08 
3.1794091792500197732e-08 
-4.5230922147454728831e-05 
-1.2242455143838114231e-05 
-0.0047775625417716179738 
-0.0048106287868390999046 
5.4276972743651372903e-08 
1.1787903603284823332e-07 
-4.5230904640106381364e-05 
-1.2242472510638611715e-05 
-0.0047775636755976536377 
-0.0048106298997810416351 
1.4110192870994055096e-07 
2.0670479558734423396e-07 
-4.5230849760058243611e-05 
-1.2242540320708030429e-05 
-0.0047778488898562619311 
-0.0048109170105923443339 
1.6550963530820638834e-07 
5.3171499504040524708e-08 
-4.5230577305127590674e-05 
-1.2242748072688374789e-05 
-0.0047520669469815106714 
-0.0047849565792085395691 
-5.0240420146553058297e-08 
-1.5638012261512434643e-07 
-4.2745017188192450074e-05 
-1.1569812053413818111e-05 
-0.0048083711737152128735 
-0.0048394536001819758037 
-1.9529949539391558675e-07 
-1.3329379983654007626e-07 
-4.2745274786922584373e-05 
-1.1569615770319456333e-05 
-0.0048344588162469778053 
-0.0048657099055949273522 
-1.1135084412230920727e-07 
-5.126183102344072536e-08 
-4.2745326794915880725e-05 
-1.156955175490965182e-05 
-0.0048341703575027986789 
-0.0048654196287653125527 
-3.0032019490173450126e-08 
3.0032019917855922956e-08 
-4.274534340405754826e-05 
-1.1569535373245118026e-05 
-0.0048341692551519994947 
-0.0048654185343273807784 
5.1261831315082010772e-08 
1.1135084404157492365e-07 
-4.2745326794914857509e-05 
-1.1569551754909943199e-05 
-0.0048341703575025219905 
-0.0048654196287646637661 
1.3329379959636547225e-07 
1.9529949508294287204e-07 
-4.2745274786922577597e-05 
-1.1569615770319398735e-05 
-0.0048344588162465007564 
-0.0048657099055943757102 
1.5638012235096161054e-07 
5.0240420073683356475e-08 
-4.2745017188192538165e-05 
-1.1569812053416328717e-05 
-0.0048083711737155658897 
  -0.00483945360018251617 
-4.7325331955219269147e-08 
-1.4729391001104794309e-07 
-4.0282055799215804907e-05 
-1.0903072071104811716e-05 
-0.0048615512238930685615 
-0.0048908428283049075816 
-1.8394510355473405338e-07 
-1.2549731701535989746e-07 
-4.0282298689567089755e-05 
-1.0902887182831280384e-05 
-0.0048879275639058458736 
 -0.004917378072397411877 
-1.0482750440161785765e-07 
-4.8239524502008642159e-08 
-4.0282347867283242542e-05 
-1.0902826964121594135e-05 
-0.0048876359859688009446 
-0.0049170847276272331566 
-2.8270187038260598413e-08 
2.8270186687106529973e-08 
-4.0282363593284506822e-05 
-1.0902811574722574888e-05 
-0.0048876348884047179227 
-0.0049170836134739027978 
4.8239524224133620756e-08 
1.0482750432530278314e-07 
-4.0282347867282551363e-05 
-1.0902826964120679339e-05 
-0.0048876359859680966469 
-0.0049170847276267318215 
1.2549731704806193373e-07 
1.8394510368206197831e-07 
-4.028229868956929204e-05 
-1.0902887182830972064e-05 
-0.0048879275639053055072 
-0.0049173780723969677878 
1.4729391013937158172e-07 
4.7325331988897987344e-08 
-4.0282055799215811683e-05 
-1.0903072071104130702e-05 
-0.0048615512238936488265 
-0.0048908428283053933042 
-4.4406687308258547854e-08 
-1.3817810067187222512e-07 
-3.7841582464027861727e-05 
-1.0242462663647935694e-05 
-0.0049116354970042104891 
-0.0049391526707268373908 
-1.725442712416214588e-07 
-1.176017830546513236e-07 
-3.784181084001860115e-05 
-1.0242289156514631187e-05 
-0.0049382836335021326052 
-0.0049659499793140021717 
-9.8206952861564709135e-08 
-4.5145019243181346994e-08 
-3.7841857286043199121e-05 
-1.0242232812086918259e-05 
-0.0049379889960922485406 
 -0.004965653548710639853 
-2.6478853567846193948e-08 
2.6478853945202647585e-08 
-3.784187216893069016e-05 
-1.0242218455662355716e-05 
-0.0049379878484368117109 
-0.0049656523259753535676 
4.5145019530908638741e-08 
9.8206952897649967049e-08 
-3.7841857286045184566e-05 
-1.0242232812086867437e-05 
-0.0049379889960917298583 
-0.0049656535487098705031 
1.1760178306289496588e-07 
1.7254427143448318465e-07 
-3.7841810840018858648e-05 
-1.0242289156516486189e-05 
-0.0049382836335017882626 
-0.0049659499793138425772 
1.3817810087370823858e-07 
4.4406687362163810644e-08 
 -3.78415824640275839e-05 
-1.024246266364757994e-05 
-0.0049116354970046042713 
-0.0049391526707270880583 
-4.1436765897878432832e-08 
-1.2885503711205012396e-07 
-3.542299030067492632e-05 
-9.5877992204478331502e-06 
-0.0049586522889348647741 
-0.0049844111305267250686 
-1.6086010275806552842e-07 
-1.0933926029362291309e-07 
-3.5423204408460172497e-05 
-9.5876372136985579228e-06 
-0.0049855553312189038878 
-0.0050114535407428670646 
-9.1242482165343602847e-08 
-4.1821492668460011173e-08 
-3.5423248285193284089e-05 
-9.5875849843610851309e-06 
-0.0049852575153511479236 
-0.0050111537066816107602 
-2.4586298942632409253e-08 
2.4586298210617969953e-08 
-3.5423262392105265965e-05 
-9.5875717737153154087e-06 
-0.0049852561842435591868 
-0.0050111521544107901979 
4.1821492177451972161e-08 
9.1242482327375989634e-08 
-3.5423248285193710994e-05 
-9.5875849843586812514e-06 
-0.0049852575153505268926 
-0.0050111537066816411179 
1.0933926061501327277e-07 
 1.608601028760260101e-07 
-3.5423204408459718487e-05 
-9.5876372136989882156e-06 
-0.0049855553312187286807 
-0.0050114535407424862928 
1.2885503714238875302e-07 
4.1436765905020641113e-08 
-3.5422990300676871107e-05 
-9.5877992204466168109e-06 
-0.0049586522889350486548 
-0.0049844111305268942042 
-3.8295321669318903054e-08 
-1.1887664912926190987e-07 
-3.3025350983311624645e-05 
-8.9388180707538876795e-06 
 -0.005002629367621858926 
-0.0050266456383364719468 
-1.4829583314813777375e-07 
-1.0003592670657286783e-07 
-3.3025551110863477357e-05 
-8.9386679942991688721e-06 
-0.0050297702082190472866 
-0.0050539157195027273328 
-8.3314464193245170183e-08 
-3.7875746951550075969e-08 
-3.3025592618263736747e-05 
-8.9386204998145867039e-06 
-0.0050294686396961402891 
-0.0050536114053155540768 
-2.2413088652881711528e-08 
2.2413088734165163668e-08 
-3.3025606026956004426e-05 
-8.9386087136767725591e-06 
-0.0050294667915487326071 
-0.0050536089697375795315 
3.7875746877632289989e-08 
8.3314463705388259171e-08 
-3.3025592618262212088e-05 
-8.9386204998123742539e-06 
-0.0050294686396962547809 
-0.0050536114053152531023 
1.0003592621385663468e-07 
1.4829583305706052963e-07 
-3.302555111086370775e-05 
-8.9386679942978356422e-06 
-0.0050297702082187445774 
-0.0050539157195028192732 
1.1887664917567635076e-07 
3.8295321680452502637e-08 
-3.302535098330835171e-05 
-8.9388180707537199669e-06 
-0.0050026293676220020407 
-0.0050266456383365760302 
-3.4674499048452309766e-08 
-1.0709489251779399262e-07 
-3.0647529994537711152e-05 
-8.295203055826611376e-06 
-0.0050435940450031290297 
-0.0050658835274512018301 
-1.3332865877028886956e-07 
-8.7986999958190035836e-08 
-3.0647716348085186195e-05 
-8.2950660911158625906e-06 
-0.0050709547755787157466 
-0.0050933623889764098255 
-7.2862163686951545259e-08 
-3.2324153690349220752e-08 
-3.0647755500038444945e-05 
-8.2950248448269397458e-06 
-0.0050706477317849739384 
-0.0050930506094066284664 
-1.9512953499158126173e-08 
1.9512953500748648908e-08 
-3.064776817623137854e-05 
-8.2950151436623261597e-06 
-0.0050706445360526762253 
-0.0050930459238633166152 
3.2324153697389063778e-08 
7.2862163715778577848e-08 
-3.0647755500037706332e-05 
-8.2950248448277884728e-06 
-0.0050706477317845255123 
-0.0050930506094061999897 
8.7986999927039102182e-08 
1.3332865855104103507e-07 
-3.0647716348082353717e-05 
-8.2950660911161200887e-06 
-0.0050709547755788900864 
-0.0050933623889763924783 
1.0709489229054066446e-07 
3.4674498988056451877e-08 
-3.0647529994541634608e-05 
-8.2952030558281326472e-06 
-0.0050435940450032834201 
-0.0050658835274515279581 
-2.9761892877274965655e-08 
-9.0478945209966098488e-08 
-2.8288264113479334684e-05 
-7.6566024407579674868e-06 
-0.0050815741381212559125 
-0.0051021539213785306599 
-1.1199063227296329099e-07 
-6.8884574761777546803e-08 
-2.8288436196407313239e-05 
-7.6564816815946512454e-06 
-0.0051091344609022334641 
-0.0051298184021287673157 
-5.6000743367716583875e-08 
-2.2779292724355820969e-08 
-2.8288471754886783464e-05 
-7.6564503065306799365e-06 
 -0.005108817358831063693 
-0.0051294914707855077118 
-1.4823579458897040556e-08 
1.4823579679779605613e-08 
-2.8288482973015101156e-05 
-7.6564441878974428055e-06 
-0.0051088108263658005281 
-0.0051294813812837337236 
2.2779292924721719414e-08 
5.6000743515031852612e-08 
-2.828847175488530285e-05 
-7.6564503065307273704e-06 
-0.0051088173588306222059 
-0.0051294914707850115809 
6.8884574703702069498e-08 
1.1199063170670241634e-07 
-2.8288436196409684931e-05 
-7.6564816815953051549e-06 
-0.0051091344609019680514 
-0.0051298184021279970984 
9.0478944617013812774e-08 
2.9761892716108795789e-08 
-2.828826411347662079e-05 
-7.6566024407572983308e-06 
-0.0050815741381217988809 
-0.0051021539213795047071 
-2.1235418422966380785e-08 
-6.0364474870537207568e-08 
-2.5946214189083419599e-05 
-7.0226351680134068296e-06 
-0.0051166012168884994829 
  -0.00513549377379192689 
-7.334102818494256708e-08 
-3.1912414078461285036e-08 
-2.5946368868042070035e-05 
-7.0225395154837764924e-06 
-0.0051443335058433342991 
-0.0051633069093436996175 
-2.3476795358186066373e-08 
-4.1325381102516998289e-09 
-2.5946393946203046655e-05 
-7.0225267757885109437e-06 
-0.0051439949126113630393 
-0.0051629462589818618523 
-6.2709859704222315632e-09 
6.2709858050378152856e-09 
-2.5946400067488135574e-05 
-7.0225271681577712969e-06 
-0.0051439810339067235101 
-0.0051629255836997730439 
4.1325382135349310861e-09 
2.3476796192367965409e-08 
-2.5946393946204025826e-05 
-7.0225267757874851868e-06 
-0.0051439949126111184433 
-0.0051629462589823519117 
3.1912414942913451616e-08 
7.3341028389120679578e-08 
-2.594636886804240546e-05 
-7.0225395154857848075e-06 
-0.0051443335058421312683 
-0.0051633069093418373918 
6.0364474842187173642e-08 
2.1235418416736661908e-08 
-2.5946214189084934094e-05 
-7.0226351680117424098e-06 
-0.0051166012168896374615 
-0.0051354937737930882874 
-2.6204434361846674965e-10 
 1.619989278793297843e-08 
-2.3620043692282082832e-05 
-6.3929074631426605622e-06 
-0.0051487226819467400707 
-0.0051659736488913615693 
2.0069227492273753208e-08 
4.8534737411630473582e-08 
-2.3620150210393966078e-05 
-6.3928657964817248291e-06 
-0.0051765699681236860413 
-0.0051938331311122097611 
4.1754512071092192221e-08 
2.9084163607720129704e-08 
-2.3620133001354837328e-05 
-6.3928929461695140093e-06 
-0.0051761861783985582339 
-0.0051934081513476297934 
 6.865651196724201546e-09 
-6.8656511340710389027e-09 
-2.3620124131819292398e-05 
-6.3929015652489665778e-06 
-0.0051761626189763421807 
-0.0051933835137340806504 
-2.908416364593836878e-08 
-4.1754512360376363612e-08 
-2.3620133001355331996e-05 
-6.3928929461694716576e-06 
 -0.005176186178399222633 
 -0.005193408151348033984 
-4.8534737526785959337e-08 
-2.0069226877233260288e-08 
-2.3620150210395158701e-05 
-6.3928657964827133165e-06 
-0.0051765699681218524386 
-0.0051938331311111142832 
-1.6199892086238377954e-08 
2.6204452869677329854e-10 
-2.3620043692277712142e-05 
-6.3929074631434178096e-06 
-0.0051487226819477297304 
-0.0051659736488918290773 
 7.621854461848125259e-08 
2.9998748228718487924e-07 
-2.1307882478669232175e-05 
-5.7663578219607748181e-06 
-0.0051780603508073631477 
-0.0051938322091515136056 
3.2278810930768637573e-07 
1.9222751487559659537e-07 
-2.1307570071895140491e-05 
-5.7666570628463422772e-06 
-0.0052057946216029563069 
-0.0052212115215355073966 
1.1423816765881195999e-07 
6.2539072521016713822e-08 
-2.1307438609127144825e-05 
-5.7667247857298440378e-06 
-0.0052053833240623672771 
-0.0052208789013677156868 
1.8664419597453229003e-08 
-1.8664419522777060676e-08 
-2.1307412411269195261e-05 
-5.7667349874031556621e-06 
-0.0052053635389939494765 
-0.0052208734493155118869 
-6.2539072494614868909e-08 
-1.1423816777178040005e-07 
-2.1307438609126626441e-05 
-5.7667247857313085578e-06 
-0.0052053833240626283529 
-0.0052208789013678345153 
-1.922275151268639958e-07 
-3.2278810980914057429e-07 
-2.1307570071895811341e-05 
-5.7666570628461161194e-06 
-0.0052057946216020343014 
 -0.005221211521534338193 
-2.9998748275991772581e-07 
-7.6218544746865851117e-08 
-2.1307882478669787829e-05 
-5.7663578219592001838e-06 
-0.0051780603508077673383 
-0.0051938322091522673429 
-3.0710720910369857981e-07 
-1.122607406769049832e-06 
3.3486033493672852823e-05 
0.00012062998841135989326 
 0.0036565049095951505931 
 0.0035692980162081093358 
-1.3940949912884696278e-06 
 -1.27606257661773555e-06 
3.3483745739372832687e-05 
0.00012063037470535229248 
 0.0036586672319439115554 
 0.0035705237971269481421 
-1.0839246290387852059e-06 
-6.3259951025650922018e-07 
3.3483559886552604582e-05 
0.00012063081505265948079 
 0.0036595731094113750914 
 0.0035710961954993039776 
-2.7923435140210851022e-07 
2.7923435287453552859e-07 
 3.348349305272876967e-05 
0.00012063100453226917688 
 0.0036599545422560993829 
 0.0035713702223993688128 
6.3259951159186767296e-07 
 1.083924629999819047e-06 
3.3483559886551913403e-05 
0.00012063081505265683805 
 0.0036595731094110910304 
 0.0035710961954993967853 
1.2760625774414539153e-06 
1.3940949921154958686e-06 
3.3483745739373632286e-05 
0.00012063037470535490812 
 0.0036586672319431682264 
   0.00357052379712620091 
1.1226074074234630402e-06 
3.0710720928114626478e-07 
3.3486033493671348493e-05 
0.00012062998841136150601 
 0.0036565049095952711564 
 0.0035692980162086987081 
-1.4441818309540695095e-07 
-5.1452097713465470825e-07 
3.0320721072741675038e-05 
 0.0001121742610048853347 
 0.0035083569680787810019 
 0.0034269754892576661381 
-6.6288854307682333141e-07 
-6.4778766710365704646e-07 
3.0320676004105989086e-05 
0.00011217444849258830983 
 0.0035090995401432360269 
 0.0034273325984357887186 
-5.7113138018042684152e-07 
-3.2679281827005939047e-07 
3.0320407294497192079e-05 
0.00011217446735913015642 
 0.0035094656002474570143 
 0.0034274691139410109683 
-1.4760278550378900772e-07 
1.4760278535823161028e-07 
3.0320346895591287031e-05 
0.00011217448607589955596 
  0.003509681719118847975 
 0.0034276342842033736581 
3.2679281811620845522e-07 
5.7113137999714119371e-07 
3.0320407294499031835e-05 
0.00011217446735913159299 
 0.0035094656002476998756 
 0.0034274691139412798505 
6.4778766681714614035e-07 
6.6288854254732736597e-07 
3.0320676004105694319e-05 
0.00011217444849258993613 
 0.0035090995401425803014 
 0.0034273325984353728187 
 5.145209766461483612e-07 
1.4441818296645245806e-07 
3.0320721072742417039e-05 
0.00011217426100488415563 
 0.0035083569680794215485 
 0.0034269754892579432602 
-5.5387420225550745407e-08 
-1.8107706206766674969e-07 
  3.12921023190842199e-05 
0.00011619253420652249809 
 0.0033661101887408691365 
 0.0032813141765130411816 
-2.5083583443081182643e-07 
-2.6298256251612901043e-07 
3.1292095388810163721e-05 
0.00011619269414784525732 
 0.0033662857136026471359 
 0.0032813757200101192381 
-2.4889601101048986213e-07 
-1.4569650941380669996e-07 
 3.129192032387385458e-05 
0.00011619264270292493924 
 0.0033662958477806851146 
 0.0032812703166858431074 
-7.3394396184863043979e-08 
7.3394396011907029137e-08 
3.1291889944066372798e-05 
0.00011619263949083055753 
  0.003366426399495867864 
 0.0032813572492863289295 
1.4569650921675965197e-07 
2.4889601074480686091e-07 
3.1291920323873048204e-05 
0.00011619264270292518318 
 0.0033662958477809908596 
 0.0032812703166862178077 
2.6298256231173127817e-07 
2.5083583445113797018e-07 
3.1292095388809364122e-05 
0.00011619269414784502692 
 0.0033662857136022433791 
 0.0032813757200094864977 
1.8107706214839433645e-07 
5.5387420243657417996e-08 
 3.129210231908354905e-05 
 0.0001161925342065217527 
 0.0033661101887410447772 
 0.0032813141765132740682 
-2.4330207100234808443e-08 
-6.4040610629269695779e-08 
3.2491570561971412276e-05 
0.00012130466565316164933 
 0.0032177890090132246076 
 0.0031289953669381290538 
-9.8418978319743332887e-08 
-9.7537128094327835227e-08 
3.2491623177131796231e-05 
0.00012130483363739072889 
 0.0032177951636652326987 
 0.0031289605274399312149 
-1.0068114914774925193e-07 
-5.5236567344125965929e-08 
3.2491500746902897802e-05 
0.00012130477588811545064 
 0.0032176310612250661261 
 0.0031287517275125392886 
-3.3867828465867142292e-08 
3.3867828275101822983e-08 
3.2491491481174461281e-05 
0.00012130476642219356208 
 0.0032176938675441495684 
 0.0031287922398683036367 
5.5236567234479814073e-08 
1.0068114926420625013e-07 
3.2491500746902958789e-05 
0.00012130477588811516604 
 0.0032176310612253783763 
 0.0031287517275126281932 
9.7537128117459246225e-08 
9.8418977870631230894e-08 
3.2491623177130440979e-05 
0.00012130483363739098638 
  0.003217795163664691465 
 0.0031289605274398639943 
6.4040610140939121296e-08 
2.4330206970646298166e-08 
3.2491570561971805299e-05 
 0.0001213046656531625438 
 0.0032177890090133534108 
 0.0031289953669378970345 
-1.1735688174761104728e-08 
-1.5635678591888625857e-08 
3.3925781011851679266e-05 
0.00012747240664170628502 
 0.0030622568472585178639 
 0.0029686923192582623937 
-3.509642500189354072e-08 
-2.6375904540272788698e-08 
3.3925859743606573068e-05 
0.00012747259113075600032 
 0.0030622036323978900178 
  0.002968626077768302899 
-3.6313664521437666759e-08 
-1.4379850666192869401e-08 
3.3925759053063721542e-05 
0.00012747253720651359607 
 0.0030619735353993766946 
 0.0029683826466603046093 
-1.5857394928229662073e-08 
1.5857395565737369739e-08 
 3.392576107802553056e-05 
0.00012747252932618799936 
 0.0030620023095432459363 
 0.0029684016465690845829 
1.4379851246195650898e-08 
3.6313664948972332339e-08 
 3.392575905306414167e-05 
0.00012747253720651440922 
 0.0030619735353994382773 
 0.0029683826466605188477 
2.6375904850844906448e-08 
3.5096425140481114318e-08 
3.3925859743607128722e-05 
0.00012747259113075567506 
 0.0030622036323980543829 
 0.0029686260777686381343 
1.5635678650473795312e-08 
1.1735688187248264614e-08 
3.3925781011851841897e-05 
0.00012747240664170856185 
 0.0030622568472581709192 
 0.0029686923192579609855 
-6.3175574314519135022e-09 
6.2214126002662602642e-09 
3.5476532118926216715e-05 
0.00013459206022140728955 
 0.0028981656890925662842 
  0.002799016367318377628 
-7.0022766232217367326e-09 
5.6954540876569910982e-09 
3.5476625906107105493e-05 
  0.000134592260581500769 
 0.0028980959399840734887 
 0.0027989460375215731609 
-7.6876653435513354641e-09 
4.2195130165020044104e-09 
 3.547653300082720748e-05 
0.00013459220978095281021 
 0.0028978478122273715681 
 0.0027986985790749816135 
-7.9475220044871381057e-09 
7.9475220000137569336e-09 
 3.547654079753617142e-05 
0.00013459220399031471315 
 0.0028978617775750150666 
 0.0027987085668618725577 
-4.219512985724384811e-09 
 7.687665466666083768e-09 
3.5476533000826983863e-05 
0.00013459220978095405704 
 0.0028978478122276118273 
 0.0027986985790751242945 
-5.6954538201076669362e-09 
7.0022771933861412117e-09 
3.5476625906106908981e-05 
 0.0001345922605815018261 
 0.0028980959399843592844 
 0.0027989460375215519106 
-6.2214120635910594592e-09 
6.3175575755205363855e-09 
3.5476532118925945664e-05 
 0.0001345920602214064764 
  0.002898165689092418399 
 0.0027990163673186265608 
-3.6077256360718292093e-09 
1.8263223029945646567e-08 
3.7050165533157554051e-05 
0.00014280495336986681327 
 0.0027240175677258663366 
 0.0026182221229850868686 
7.7407678525208602921e-09 
2.2467344233328267395e-08 
3.7050270091160129903e-05 
0.00014280516960269123809 
 0.0027239510400210373287 
 0.0026181622966899107535 
6.6404542013988660743e-09 
1.3803088312236843063e-08 
3.7050178533774711298e-05 
0.00014280511951491475526 
 0.0027237064826906264015 
 0.0026179251759722642172 
-4.252317106743389725e-09 
4.2523169599829896067e-09 
3.7050189558863864557e-05 
0.00014280511506256250427 
 0.0027237145263315234132 
 0.0026179318896039065895 
-1.380308830537402496e-08 
-6.6404537770026263087e-09 
3.7050178533774697745e-05 
0.00014280511951491361685 
 0.0027237064826905825997 
 0.0026179251759718014797 
-2.2467343822924194663e-08 
-7.7407679003419185092e-09 
3.7050270091160753319e-05 
0.00014280516960269262045 
 0.0027239510400210763599 
 0.0026181622966904068844 
-1.8263223201089235895e-08 
3.6077255897974080725e-09 
3.7050165533156707018e-05 
 0.0001428049533698658646 
 0.0027240175677262128476 
 0.0026182221229853084796 
-1.5784882744813286634e-09 
2.8169520077073929317e-08 
3.8497692323553806329e-05 
0.00015242672547226239011 
 0.0025378065089161302471 
 0.0024238348967467416781 
1.9110077290759711176e-08 
3.4777550017344731004e-08 
3.8497806659032926513e-05 
0.00015242695837577261569 
 0.0025377557858902092917 
 0.0024237977883475462018 
1.6409455440275693165e-08 
2.0478662421819799529e-08 
3.8497713674545283537e-05 
0.00015242690646876199778 
 0.0025375255112662069984 
 0.0024235789757958278376 
-2.0616802751148854022e-09 
2.0616803162879736864e-09 
3.8497726893204476219e-05 
0.00015242690249148735208 
 0.0025375317214894376264 
 0.0024235851452727688767 
-2.0478662381142785934e-08 
-1.6409455394882178435e-08 
3.8497713674544511043e-05 
 0.0001524269064687599378 
 0.0025375255112655859674 
 0.0024235789757952081076 
-3.4777549889273475111e-08 
-1.9110076941093449491e-08 
3.8497806659032838422e-05 
0.00015242695837577117913 
 0.0025377557858907899904 
  0.002423797788347908759 
-2.8169519737600230153e-08 
1.5784883672547996905e-09 
  3.84976923235545856e-05 
0.00015242672547226220037 
 0.0025378065089163952261 
 0.0024238348967472616614 
1.0306046350853551203e-09 
4.0854886202696414585e-08 
3.9541935484703183412e-05 
0.00016404213454911743863 
 0.0023365742610584796374 
 0.0022120343138750716422 
3.3114499428805477886e-08 
4.8410563074663603963e-08 
3.9542060133028292289e-05 
0.00016404238729452578116 
 0.0023365527304141878867 
 0.0022120368221219596089 
 2.646641875517455458e-08 
2.7190696303808070767e-08 
3.9541964679094282898e-05 
 0.0001640423306152590324 
 0.0023363433148794374682 
 0.0022118418307954415374 
-1.6898904101207405654e-10 
1.6898850216557607504e-10 
3.9541979682202129146e-05 
0.00016404232614484372927 
 0.0023363496145900951133 
 0.0022118485320417732506 
-2.7190697031986767687e-08 
-2.6466420003056662417e-08 
3.9541964679094764013e-05 
 0.0001640423306152590324 
 0.0023363433148790076904 
  0.002211841830795533044 
-4.8410564449132208273e-08 
-3.3114500621952717028e-08 
3.9542060133027899266e-05 
0.00016404238729452485959 
 0.0023365527304144086303 
 0.0022120368221219995075 
-4.0854887091618238045e-08 
-1.0306048727642394141e-09 
3.9541935484703149531e-05 
0.00016404213454911819757 
 0.0023365742610588469651 
 0.0022120343138747893159 
5.5858726448016738952e-09 
6.1749196810193713073e-08 
3.9629207528630899966e-05 
0.00017875198358451504718 
 0.0021155878497828555646 
 0.0019764494287832991455 
5.5600934412656539987e-08 
6.6987982443344686011e-08 
3.9629348728949535721e-05 
0.00017875224723040272073 
 0.0021156173253191567878 
 0.0019765231964005134692 
3.8898674453833362809e-08 
3.4735695782567856604e-08 
3.9629251201330525489e-05 
0.00017875218004732642565 
 0.0021154331587640968181 
 0.0019763544200437398526 
1.4705635650738459244e-09 
-1.4705631251869046648e-09 
3.9629267367289945396e-05 
0.00017875217370925082635 
 0.0021154395644358754171 
 0.0019763596213296461684 
-3.4735695264180781209e-08 
-3.8898673728520922812e-08 
3.9629251201330762658e-05 
0.00017875218004732702196 
 0.0021154331587643010817 
 0.0019763544200437337811 
-6.6987981583811054468e-08 
-5.560093340443316993e-08 
3.9629348728948898752e-05 
0.00017875224723040299179 
 0.0021156173253190730874 
 0.0019765231964002810162 
-6.1749195971913329317e-08 
-5.585872420319459522e-09 
3.9629207528631150688e-05 
0.00017875198358451417982 
 0.0021155878497825589268 
  0.001976449428783619202 
1.4624701912381252181e-08 
1.0220347673649567529e-07 
3.7617505725730067596e-05 
0.00019951475310588318501 
 0.0018664420647013222655 
 0.0017044739681298091451 
9.5841478005567644735e-08 
8.9135176320949267558e-08 
3.7617618853666549849e-05 
0.00019951515193990476639 
 0.0018665685121865875033 
 0.0017046941385318223859 
4.7861130215230095136e-08 
3.9637361328714526626e-08 
3.7617516010887870614e-05 
0.00019951506728774841509 
 0.0018664057621946607019 
 0.0017045327181366754822 
5.2299414151483085533e-10 
-5.2299466544682525339e-10 
3.7617530364652270283e-05 
 0.0001995150591736023684 
 0.0018664078992649305814 
 0.0017045276940026831813 
-3.9637361726974416678e-08 
-4.7861130270234237591e-08 
3.7617516010887220093e-05 
 0.0001995150672877479272 
 0.0018664057621944510172 
 0.0017045327181361218886 
-8.9135176281327038284e-08 
-9.5841478056188226252e-08 
3.7617618853666692151e-05 
0.00019951515193990433271 
 0.0018665685121863342336 
 0.0017046941385316580209 
-1.022034768023705658e-07 
-1.4624701929425029116e-08 
3.7617505725730067596e-05 
0.00019951475310588505526 
 0.0018664420647018498383 
 0.0017044739681302870614 
3.0967672586582774402e-08 
1.5706044824473618287e-07 
3.0287692962741977377e-05 
0.00022729144846098963306 
 0.0015731009408874983575 
 0.0013784707348348762372 
1.4867399358960732563e-07 
 8.636420110449081107e-08 
3.0287957483512807709e-05 
0.00022729149011750985308 
 0.0015734269113721732064 
 0.0013789853428290686256 
3.1127415056646467878e-08 
2.8209682611523920193e-08 
3.0287847803792762504e-05 
0.00022729139764406325547 
 0.0015732439766386232659 
 0.0013787427491383200291 
-2.3787593051665328288e-09 
2.3787600289110825803e-09 
3.0287859936895898791e-05 
0.00022729138852222753597 
  0.001573233522541636533 
 0.0013787246317518095113 
-2.8209682011395733477e-08 
-3.1127414798388663359e-08 
3.0287847803792528723e-05 
0.00022729139764406282179 
 0.0015732439766380653355 
 0.0013787427491381055739 
-8.6364200998311962114e-08 
-1.4867399355836692412e-07 
3.0287957483514389966e-05 
0.00022729149011751031387 
  0.001573426911372070424 
 0.0013789853428290417374 
-1.5706044824124008085e-07 
-3.0967672585060424585e-08 
3.0287692962743779863e-05 
0.00022729144846099375303 
 0.0015731009408879593602 
 0.0013784707348353374568 
-1.3612715547775206443e-07 
-1.6530563476895642191e-07 
4.8724846894870449851e-06 
0.00039755227173829491569 
 0.0011728117441490860506 
0.00075976704590280613825 
-3.1608672423416193541e-07 
-5.2022422656021321435e-09 
4.8726855649484690546e-06 
0.00039755315146810263436 
 0.0011732740457252601417 
0.00075988497941439361264 
-8.6956169524907646372e-08 
6.9884130847000323957e-08 
4.8723740435812476685e-06 
0.00039755312616428955304 
 0.0011730656102229271385 
0.00075982967202799808846 
-7.2377702431898942252e-08 
 7.237770206191091425e-08 
4.8723966781905004105e-06 
0.00039755313408197439848 
 0.0011730491049966415996 
0.00075982525782019455247 
-6.9884131234846757867e-08 
8.6956169086816329761e-08 
 4.872374043578997102e-06 
0.00039755312616428749306 
 0.0011730656102228560148 
0.00075982967202797868124 
5.2022418075301024001e-09 
3.1608672377551413502e-07 
4.8726855649491424458e-06 
0.00039755315146810279699 
 0.0011732740457252607922 
0.00075988497941439307054 
1.6530563440725167468e-07 
1.3612715538007945121e-07 
4.8724846894862225161e-06 
0.00039755227173829383149 
 0.0011728117441494505593 
0.00075976704590290469223 
 0.0038326160794809574668 
 0.0038020690953209017142 
1.3151570556290481399e-05 
4.6940735491036761524e-05 
-9.7732571947468886974e-07 
-3.5624828835630114087e-06 
 0.0037690033497835939529 
 0.0037114067720370120043 
2.2742186902653147793e-05 
8.0613250477081847237e-05 
-3.6668584964084785657e-07 
-1.3624664086821950319e-06 
 0.0038429825552229600512 
 0.0038080665503750733489 
1.3147406724192731273e-05 
4.6948515269120338553e-05 
-3.9230823367772468073e-06 
-2.1427579583782940287e-06 
 0.0037730022966781565606 
 0.0037143147016139386324 
2.2745793984557913676e-05 
8.0617532810961791095e-05 
-1.6947367843420768772e-06 
-1.6015265130952185454e-06 
 0.0038434186828093649599 
 0.0038096228675862449549 
1.3146687567512272988e-05 
4.6948835918869522748e-05 
-1.3155046316738904241e-06 
-6.5627170331231790543e-07 
  0.003774769938989733925 
 0.0037155411542285029548 
2.2744846867489933363e-05 
8.0617157569670179354e-05 
-1.3361537371730141163e-06 
-7.0141953505463828136e-07 
 0.0038435396751874419639 
 0.0038098479659013045721 
1.3146592786802399744e-05 
4.6948985914161066822e-05 
-2.7744299318510367762e-07 
2.7744299457580286919e-07 
 0.0037750664475545907088 
 0.0037159286125838684664 
2.2744746910714349703e-05 
8.0617270473169324132e-05 
-2.7179202276280330593e-07 
2.7179202288900930925e-07 
 0.0038434186828105441382 
 0.0038096228675872025222 
1.3146687567512047677e-05 
4.6948835918871345562e-05 
6.5627170478577237476e-07 
1.3155046333680092582e-06 
 0.0037747699389905123822 
 0.0037155411542290225045 
2.2744846867489855436e-05 
8.0617157569671087374e-05 
7.0141953527592881521e-07 
1.3361537376555065294e-06 
 0.0038429825552225562943 
 0.0038080665503745923968 
1.3147406724193066698e-05 
4.6948515269121388874e-05 
2.1427579601809122776e-06 
3.9230823386548223898e-06 
 0.0037730022966779097962 
 0.0037143147016144126456 
2.2745793984556971775e-05 
8.0617532810961791095e-05 
1.6015265134089817837e-06 
1.6947367839333724687e-06 
 0.0038326160794801937548 
 0.0038020690953212382505 
1.3151570556290430577e-05 
4.6940735491037981252e-05 
3.5624828850688301599e-06 
9.7732571988682185583e-07 
 0.0037690033497841885293 
 0.0037114067720372123649 
2.2742186902650457617e-05 
8.0613250477082335128e-05 
1.3624664081519083612e-06 
3.6668584949762337316e-07 
-0.0052047214880721866595 
 -0.005218698844480808112 
-1.8825337640415379186e-05 
-5.0944118566445900656e-06 
8.3028491167334880947e-08 
3.2359525166865775205e-07 
-0.0052282465293827570102 
-0.0052403549009119925958 
-1.6584756242129155895e-05 
-4.4886413990970839885e-06 
-1.8512704454130308999e-09 
4.9764194846192315454e-09 
-0.0052486245119338775789 
-0.0052591100027958095908 
-1.4353679688677226038e-05 
-3.8849136054476695901e-06 
6.5434893409800713725e-10 
1.2884450473674349442e-08 
-0.0052661888875068100027 
-0.0052750440379317900877 
-1.2131059836475261912e-05 
-3.2833800157595071387e-06 
-1.8848494757918219482e-09 
 1.793823994741225672e-09 
-0.0052809447437120295502 
-0.0052882112476526597911 
-9.9156589726366922477e-06 
-2.6837450127286804665e-06 
 8.885770239406062657e-09 
4.0375836198515509676e-08 
-0.0052929709511695894122 
-0.0052987087240069273911 
-7.7061487041065087467e-06 
-2.0856396492837883609e-06 
3.9991318677109455304e-08 
 1.548450133537365515e-07 
-0.0053024105999371256084 
-0.0053067870361371508731 
-5.5013245807800131276e-06 
-1.4886354519945106844e-06 
1.3105017679655497373e-07 
4.9307426844130610244e-07 
-0.0053096757950135409221 
-0.0053131922137190871341 
-3.2997672093729626891e-06 
-8.9242710627940005323e-07 
4.0455344583359509626e-07 
1.5124719805308943367e-06 
  -0.00531630962375999154 
-0.0053213636870508857629 
-1.1200004216057067114e-06 
-2.8223987454865001178e-07 
1.5386497868165549497e-06 
5.7264342921404467622e-06 
-0.0052318258216304831115 
  -0.00524541508331181211 
-1.8825138019538289791e-05 
-5.0947755956557809544e-06 
3.4788355457362489001e-07 
2.0101388947847771213e-07 
-0.0052548349485701919062 
-0.0052669816404050601513 
-1.658486759661803505e-05 
-4.4887489119865333216e-06 
1.5615998870720814262e-08 
 6.099487586602874083e-08 
-0.0052752652965623227782 
-0.0052857507111296409344 
-1.4353741060276023234e-05 
-3.8848962058884473102e-06 
1.4118855369476311579e-08 
2.6181008664716335462e-08 
-0.0052928365183081867162 
-0.0053017105181137657091 
-1.2131137663460259625e-05 
-3.2833589193382379743e-06 
 4.884861983875383929e-09 
2.7297663214064779427e-08 
-0.0053076159144553559585 
-0.0053148762851856273456 
-9.9157226844141774144e-06 
-2.6837538058156902588e-06 
5.5879522105821448624e-08 
8.1168421164616533256e-08 
-0.0053196027055487675114 
-0.0053252555770403088575 
-7.7061767707729144126e-06 
-2.0857267675043805928e-06 
 2.037627395589163867e-07 
2.3376266830923421952e-07 
-0.0053287879246721988127 
-0.0053327857724665209127 
-5.5011422876890243733e-06 
-1.4890089115363894214e-06 
6.1684605923183658938e-07 
6.0088107466226414094e-07 
 -0.005334987287030540197 
-0.0053370034885741896719 
-3.2995942734779722318e-06 
-8.9289088401426215619e-07 
1.7720091976353790499e-06 
1.3825637801257484078e-06 
 -0.005336670813571775876 
-0.0053337660013715662566 
-1.1015200996769334002e-06 
-2.951053874215768166e-07 
5.9125046964723731473e-06 
2.1928532903044058222e-06 
-0.0052315562852124674123 
-0.0052452388052142513361 
-1.8824996748515421908e-05 
-5.0948383074609748705e-06 
1.1775185030005475748e-07 
6.4331207444347996889e-08 
-0.0052546681402283633086 
-0.0052667475436532652094 
-1.6584865139491210587e-05 
-4.4887559078774646676e-06 
6.0755141989634436966e-08 
3.8851524490683463156e-08 
 -0.005275001187543660805 
-0.0052854718614113952585 
-1.4353752634592389884e-05 
  -3.8849077713801867e-06 
2.1982722005925309563e-08 
1.9311093413743175744e-08 
-0.0052925421772770479822 
-0.0053013885830112458114 
-1.2131158050696936245e-05 
-3.2833779979579450266e-06 
2.7149431351896825867e-08 
2.1971660862480185161e-08 
-0.0053072658154395598723 
-0.0053144768123269438276 
-9.9157371870462235368e-06 
-2.6838014187613719688e-06 
7.6344948443827631863e-08 
5.2297347140005403994e-08 
-0.0053191453024954166856 
-0.0053246892423393817062 
-7.7061462085105022211e-06 
-2.0858500094279871527e-06 
2.1180378772441857886e-07 
1.3302959553344722261e-07 
-0.0053281088579891682303 
  -0.00533190758259255871 
-5.5009207446780879899e-06 
-1.4893015412357704098e-06 
5.1363406540127842061e-07 
2.9906835081806917249e-07 
 -0.005333982164582534366 
-0.0053358507434152655999 
-3.2988666620815585394e-06 
-8.9348619797689126162e-07 
1.0397771376074415795e-06 
5.0387018592655134902e-07 
-0.0053366763730592226694 
-0.0053370840400659607175 
-1.0992608341943231413e-06 
-2.9599240072939956874e-07 
7.0022045553927185279e-07 
2.9679797352898469155e-07 
-0.0052315609039524551063 
-0.0052452566124914007037 
-1.8824971531216351203e-05 
-5.0948488073006395526e-06 
 2.009778934192462997e-08 
-2.0097788792870816055e-08 
-0.0052546894766811839961 
-0.0052667653307910599833 
-1.6584856267407522889e-05 
-4.488768464991344564e-06 
 1.271567760641117184e-08 
-1.2715677160198493404e-08 
-0.0052750141308027589937 
-0.0052854751252630789715 
-1.4353756885140384584e-05 
-3.8849161213113568108e-06 
6.1734558391097203728e-09 
-6.173456544763606789e-09 
-0.0052925380375469770894 
-0.0053013738913431840069 
-1.2131165076149348791e-05 
-3.2833887905897013466e-06 
7.8629084757673746504e-09 
-7.8629081516947461703e-09 
-0.0053072399061648688895 
-0.0053144308032186254875 
-9.9157406959906436934e-06 
-2.6838242317682041989e-06 
2.2063993630988464979e-08 
-2.2063993824235799273e-08 
-0.0053190784427475613569 
-0.0053245855103818268139 
-7.7061270603275816419e-06 
-2.0859004813307508628e-06 
5.7788543212971358814e-08 
-5.7788543404506730334e-08 
-0.0053279780879939547117 
-0.0053317398193238781101 
-5.5008188279903963698e-06 
-1.4893968509979408577e-06 
1.2568285620234535318e-07 
-1.2568285627363834288e-07 
-0.0053338684115748057762 
-0.0053359216758538646069 
-3.2985889002295468077e-06 
-8.9357523842396007647e-07 
1.7542114461623919264e-07 
-1.7542114416721053662e-07 
-0.0053368931082429550694 
-0.0053375142414723479936 
-1.0990780508833426947e-06 
-2.9593973586894762844e-07 
9.4923750051319982476e-08 
-9.4923750267283049658e-08 
-0.0052315562852125012394 
-0.0052452388052145835357 
-1.8824996748515723452e-05 
-5.0948383074603429839e-06 
-6.4331206786420012314e-08 
-1.1775184934382450642e-07 
-0.0052546681402285619344 
-0.0052667475436527950994 
-1.6584865139491491802e-05 
-4.4887559078770945142e-06 
-3.885152428880229887e-08 
-6.0755142453673641769e-08 
-0.0052750011875433407485 
-0.0052854718614121351181 
-1.4353752634593619776e-05 
-3.8849077713803781294e-06 
-1.9311093730457049985e-08 
-2.1982721259772408066e-08 
-0.0052925421772780601934 
-0.0053013885830119128126 
-1.2131158050697236095e-05 
-3.2833779979573008581e-06 
-2.1971660661066966873e-08 
-2.7149431492701319607e-08 
-0.0053072658154400360539 
-0.0053144768123272395979 
-9.915737187045867783e-06 
-2.6838014187615155409e-06 
-5.2297347398262665883e-08 
-7.6344948883579040407e-08 
-0.0053191453024956040357 
-0.0053246892423394484931 
-7.7061462085104954448e-06 
-2.0858500094277931822e-06 
-1.3302959576766943493e-07 
 -2.11803788080890833e-07 
 -0.005328108857989222874 
-0.0053319075825927113657 
-5.5009207446794491719e-06 
-1.4893015412362578773e-06 
-2.9906835085473807581e-07 
-5.1363406534338085993e-07 
-0.0053339821645824545687 
-0.0053358507434144684944 
-3.298866662081497553e-06 
-8.9348619797798721637e-07 
-5.0387018573938830202e-07 
-1.0397771381349239359e-06 
 -0.005336676373058080354 
-0.0053370840400645894186 
-1.0992608341959697733e-06 
-2.9599240072934763504e-07 
-2.9679797383015239109e-07 
-7.002204560715911908e-07 
-0.0052318258216314623629 
-0.0052454150833119786435 
-1.8825138019536527962e-05 
-5.0947755956571006317e-06 
-2.0101388871037005082e-07 
-3.4788355461644478778e-07 
-0.0052548349485702734382 
-0.0052669816404057245504 
-1.6584867596617777552e-05 
-4.4887489119858226609e-06 
-6.0994876361586412177e-08 
-1.5615998782895759757e-08 
-0.0052752652965629498807 
-0.0052857507111295706781 
-1.4353741060277143012e-05 
-3.8848962058897669876e-06 
-2.6181007782879581955e-08 
-1.4118855181231474462e-08 
-0.0052928365183080071724 
-0.0053017105181139730086 
-1.2131137663460488324e-05 
-3.2833589193379779352e-06 
-2.7297663336735373101e-08 
-4.8848617209297359476e-09 
-0.0053076159144557003011 
-0.0053148762851859526063 
-9.9157226844142231541e-06 
 -2.68375380581613241e-06 
-8.1168421676007884131e-08 
-5.587952263490083267e-08 
-0.0053196027055491855798 
-0.0053252555770409975427 
-7.7061767707728652847e-06 
-2.0857267675050073972e-06 
-2.3376266860974758611e-07 
-2.0376273958952937503e-07 
-0.0053287879246727044846 
-0.0053327857724662476938 
-5.5011422876895037939e-06 
-1.4890089115373711326e-06 
-6.0088107485385738202e-07 
-6.1684606019998836595e-07 
-0.0053349872870302730496 
-0.0053370034885747135583 
-3.2995942734775495624e-06 
-8.9289088401352873154e-07 
-1.3825637806260043723e-06 
-1.7720091973459317982e-06 
-0.0053366708135726362988 
-0.0053337660013725576511 
-1.1015200996765268244e-06 
-2.9510538742173145305e-07 
-2.1928532908729737234e-06 
-5.9125046969080936716e-06 
-0.0052047214880713713395 
-0.0052186988444801931525 
-1.8825337640415839972e-05 
-5.0944118566437997838e-06 
-3.2359525193520996789e-07 
-8.3028491237421232505e-08 
 -0.005228246529382149857 
-0.0052403549009112119703 
-1.6584756242130141841e-05 
-4.4886413990974075551e-06 
-4.9764192469972415613e-09 
1.8512705082179987632e-09 
-0.0052486245119330397074 
-0.0052591100027950072812 
-1.4353679688676084238e-05 
-3.884913605447845773e-06 
-1.2884450524030712928e-08 
-6.5434894847232313584e-10 
-0.0052661888875059357021 
 -0.005275044037930680732 
-1.2131059836474409797e-05 
-3.2833800157587477736e-06 
-1.7938236762344903929e-09 
1.8848495605127604361e-09 
-0.0052809447437109522869 
-0.0052882112476518913086 
-9.9156589726376832762e-06 
-2.683745012728952364e-06 
-4.0375836620129189962e-08 
-8.8857703519773154104e-09 
-0.0052929709511689146048 
-0.0052987087240062161544 
-7.706148704106363057e-06 
-2.0856396492830438189e-06 
-1.5484501330011436315e-07 
-3.9991318662995523975e-08 
-0.0053024105999366624373 
-0.0053067870361374162858 
-5.5013245807811777979e-06 
-1.4886354519935997005e-06 
-4.9307426942889135592e-07 
-1.3105017706114207312e-07 
-0.0053096757950139477147 
-0.0053131922137191565231 
-3.2997672093717433852e-06 
-8.9242710627983076949e-07 
-1.512471980075150377e-06 
-4.0455344571121609368e-07 
-0.0053163096237600158261 
-0.0053213636870511338284 
-1.1200004216056893473e-06 
 -2.82239874549488045e-07 
-5.726434292447019326e-06 
-1.5386497868985511272e-06 
