-4.3331821042770339405e-08 
-1.5407533812259720965e-07 
-1.5307257911182330898e-05 
-7.565831967381036151e-06 
-0.0017015335880759675617 
-0.0017092292910214042841 
-1.736682590397232018e-07 
-1.0223924907024569613e-07 
-1.530851130211510137e-05 
-7.5643386618635730627e-06 
-0.0017021294848295653087 
-0.0017100095683451309054 
-6.8689976609750716529e-08 
-3.2630284457311770917e-08 
-1.5309107108563953313e-05 
-7.5639369551840060748e-06 
-0.0017021156687930237041 
-0.0017099611500098507548 
-1.4563195834351352342e-08 
1.4563195836451600313e-08 
-1.530923801716780236e-05 
-7.5638748083003636049e-06 
-0.0017021161619266231974 
-0.0017099549072830952986 
3.2630284457137222572e-08 
6.8689976603397042982e-08 
-1.5309107108562692928e-05 
-7.563936955184446532e-06 
-0.0017021156687930130789 
-0.0017099611500098325402 
1.0223924905559964944e-07 
1.7366825900841477296e-07 
-1.5308511302114288219e-05 
-7.564338661863453631e-06 
-0.0017021294848295661761 
-0.0017100095683451155097 
1.5407533809274287168e-07 
4.3331821035428946032e-08 
-1.5307257911183486251e-05 
-7.5658319673813046604e-06 
 -0.001701533588076007894 
-0.0017092292910214686857 
-1.3960883835264419553e-08 
-4.1875241449745791977e-08 
-1.5937642164047069351e-05 
-5.8579344543171453375e-06 
-0.0017158242803992148229 
 -0.001725885085570938492 
-5.6546299268751379648e-08 
-4.8601210239658754662e-08 
-1.5937823491473118601e-05 
-5.8576556191747571842e-06 
-0.0017166850397137482613 
 -0.001726782082401120055 
-4.4586224524769380922e-08 
-2.1276740617483126542e-08 
-1.5938002850395818159e-05 
-5.8573902631769807214e-06 
-0.0017166299490988180983 
-0.0017267427940898432207 
-1.1665446971512823613e-08 
1.1665447017977982259e-08 
-1.5938073267730728161e-05 
-5.8573188221123103256e-06 
-0.0017166212978921911551 
-0.0017267343046808404042 
2.1276740658213215354e-08 
4.4586224550303334701e-08 
-1.5938002850394323993e-05 
-5.8573902631768189381e-06 
-0.0017166299490987938121 
-0.0017267427940898041894 
4.8601210265716591702e-08 
5.6546299312332912232e-08 
-1.5937823491473484519e-05 
-5.8576556191749909653e-06 
-0.0017166850397137346004 
-0.0017267820824011215729 
4.1875241490421147902e-08 
 1.396088384618137557e-08 
-1.5937642164045405778e-05 
 -5.85793445431677349e-06 
-0.0017158242803992779235 
 -0.001725885085570969717 
-7.0261851910926509831e-09 
-1.5430355897730384307e-08 
-1.6171701526300742783e-05 
-5.3528793827963837528e-06 
-0.0017335643303501397598 
 -0.001744380848325672315 
-2.4787882537393097246e-08 
-2.0375633421516230555e-08 
-1.6171787214841969703e-05 
-5.3527315377893372567e-06 
-0.0017344793839675252348 
-0.0017453089744191960415 
-2.2088168098046998094e-08 
-9.6524650449987067201e-09 
-1.6171821487089149818e-05 
-5.3526126479084665903e-06 
-0.0017344488591941361732 
-0.0017452866202587501501 
-7.4962190901728313962e-09 
 7.496219080645452782e-09 
-1.6171839936366547505e-05 
-5.3525685912039853293e-06 
-0.0017344413953270560076 
-0.0017452817753758711507 
9.6524650382693856418e-09 
2.2088168098040099408e-08 
-1.6171821487090549117e-05 
-5.3526126479089189059e-06 
-0.0017344488591940932388 
-0.0017452866202587156725 
2.0375633426324333671e-08 
2.4787882546296862742e-08 
-1.6171787214841864671e-05 
-5.3527315377900513055e-06 
-0.0017344793839675408473 
-0.0017453089744192136056 
1.5430355907562540926e-08 
 7.026185192945323797e-09 
-1.6171701526300481897e-05 
-5.3528793827970478267e-06 
-0.0017335643303501558059 
-0.0017443808483256816391 
-5.0166918423021270863e-09 
-7.842988648404543968e-09 
-1.5936594571203491108e-05 
-4.9952435605529749621e-06 
-0.0017523626601870603316 
-0.0017633064846934529829 
-1.4834548127143417331e-08 
-9.3666313409794096797e-09 
-1.5936675939837757396e-05 
-4.9951450149631195112e-06 
-0.0017532987209019532896 
-0.0017642510427809199661 
-1.2198978586958255591e-08 
-3.6853448067431332302e-09 
-1.5936686097352879105e-05 
-4.9950836493571668147e-06 
-0.0017532804913094589012 
-0.0017642359246324958513 
-4.9184440691554928077e-09 
4.9184440930307914668e-09 
-1.5936689682697004645e-05 
-4.9950609017984973057e-06 
-0.0017532770973577699834 
-0.0017642338802860526355 
 3.685344828383723228e-09 
1.2198978604071694368e-08 
-1.5936686097353133215e-05 
-4.9950836493570871936e-06 
-0.0017532804913094252909 
-0.0017642359246324579043 
9.3666313570452920397e-09 
1.4834548145560497717e-08 
-1.5936675939838828046e-05 
-4.9951450149630559838e-06 
-0.0017532987209019747568 
-0.0017642510427809446859 
7.8429886625749055584e-09 
5.0166918457610820793e-09 
-1.5936594571203189564e-05 
-4.9952435605525336579e-06 
-0.0017523626601870618495 
-0.0017633064846934432251 
-4.1870929598617411195e-09 
-4.9297745433374665488e-09 
-1.5488475199401527871e-05 
-4.7137638442150805174e-06 
-0.0017712660868102957871 
-0.0017820449563248478599 
-1.0891911078758002506e-08 
-5.058996217374141738e-09 
-1.548855587741866145e-05 
-4.7136855363064305975e-06 
-0.0017722162726176732966 
-0.0017830018992243189084 
-8.1921447037459432915e-09 
-1.2260709127297779193e-09 
-1.5488564805615473143e-05 
-4.7136477558591486695e-06 
-0.0017722027239736948614 
-0.0017829895245881214379 
-3.7495837055298216454e-09 
3.7495837095352270404e-09 
-1.5488566899526631429e-05 
-4.7136350513495699164e-06 
-0.0017722013729041708081 
-0.0017829887214137847204 
1.2260709249650772321e-09 
8.1921447354051198754e-09 
-1.5488564805615293572e-05 
-4.7136477558585515113e-06 
-0.0017722027239736649375 
 -0.001782989524588111897 
5.0589962519021337147e-09 
1.0891911101426893811e-08 
-1.5488555877418119349e-05 
-4.7136855363063433531e-06 
-0.0017722162726176947638 
-0.0017830018992243277989 
 4.929774559121889125e-09 
4.1870929649777903424e-09 
-1.5488475199400081138e-05 
-4.7137638442162384115e-06 
-0.0017712660868102786567 
-0.0017820449563248162012 
-3.7824931898378674071e-09 
-3.7414753876511608115e-09 
-1.4928477614714696532e-05 
-4.4691498288039596589e-06 
 -0.001789824883684917314 
-0.0018002888652500273741 
-9.176897125685647461e-09 
-3.3312901969763211381e-09 
-1.4928558011678962907e-05 
-4.4690812006419337711e-06 
-0.0017907865321564507902 
-0.0018012564890409839182 
-6.4951452421088024097e-09 
-2.664400819601021275e-10 
-1.4928569002832950698e-05 
-4.4690537577427326806e-06 
-0.0017907747421929138664 
-0.0018012451148563123245 
-3.2161087982075504863e-09 
3.2161088043803130155e-09 
-1.4928571892904318413e-05 
-4.4690454730875899848e-06 
-0.0017907742176446507509 
-0.0018012448049750553851 
2.6644008634827211604e-10 
6.4951452408740343406e-09 
-1.492856900283228493e-05 
-4.4690537577436364647e-06 
-0.0017907747421929127822 
-0.0018012451148562997477 
3.3312901942959718169e-09 
 9.176897122439024768e-09 
-1.4928558011678429277e-05 
-4.4690812006424402968e-06 
-0.0017907865321564579459 
-0.0018012564890409908571 
3.7414753862153423586e-09 
3.7824931897134933574e-09 
-1.4928477614714769377e-05 
-4.4691498288034497451e-06 
-0.0017898248836848824027 
-0.0018002888652499933302 
-3.5327406731685776128e-09 
-3.2050180564062544826e-09 
-1.4308943978666143547e-05 
-4.2439506281175397876e-06 
-0.0018078070873238092416 
-0.0018178767731943103973 
-8.3004773630803317707e-09 
-2.6034380777837312472e-09 
-1.4309022934219108896e-05 
-4.2438875760407803695e-06 
-0.0018087789675180559416 
-0.0018188541855311151675 
-5.6931147310186214092e-09 
9.7389337239604481495e-11 
-1.4309035501476320991e-05 
-4.2438649742485901241e-06 
-0.0018087677939139993992 
-0.0018188431349967168222 
-2.9319028119899240851e-09 
2.9319027830551334367e-09 
-1.4309039129383272759e-05 
-4.2438586881429260077e-06 
-0.0018087675928732096977 
-0.0018188430171411462503 
-9.7389364819223232423e-11 
5.6931147076296098245e-09 
-1.4309035501476747895e-05 
-4.2438649742487036265e-06 
-0.0018087677939139866056 
-0.0018188431349967085823 
2.6034380485562998145e-09 
8.3004773138030667529e-09 
-1.4309022934218473621e-05 
-4.243887576040741406e-06 
  -0.00180877896751805399 
-0.0018188541855310908814 
3.2050180109074975634e-09 
3.5327406605369448424e-09 
-1.430894397866671953e-05 
-4.2439506281166114395e-06 
-0.0018078070873237869071 
-0.0018178767731943236245 
-3.3390679436973021795e-09 
-2.9165599263095655495e-09 
-1.365907717762277496e-05 
-4.0297555891323663557e-06 
-0.0018250899730219145682 
-0.0018347238521452910887 
-7.7397036809042675547e-09 
-2.2615655268940309121e-09 
-1.3659153687379770449e-05 
-4.0296964904065346393e-06 
-0.0018260713605253303671 
-0.0018357104507709879736 
-5.2341252169064204076e-09 
2.2813446033402680903e-10 
-1.3659166958277609347e-05 
-4.0296764487269556992e-06 
-0.0018260603629210430537 
-0.0018356994652661154464 
 -2.74256443497488855e-09 
2.7425644509327175474e-09 
-1.3659170974466873098e-05 
-4.0296711389396177281e-06 
-0.0018260602872200281527 
-0.0018356994217267083407 
-2.281344459026768623e-10 
5.2341252259152568666e-09 
-1.3659166958277316274e-05 
-4.0296764487280373602e-06 
-0.0018260603629210352475 
-0.0018356994652661004844 
2.2615655412772484081e-09 
7.7397037130924443383e-09 
-1.3659153687380116038e-05 
-4.0296964904070132129e-06 
-0.0018260713605253056473 
-0.0018357104507709842874 
2.9165599575720453368e-09 
3.3390679518944490509e-09 
-1.3659077177623056175e-05 
-4.0297555891329169271e-06 
 -0.001825089973021932566 
-0.0018347238521452843667 
-3.1656711591164421546e-09 
-2.7224277315901551526e-09 
-1.2996180551581080315e-05 
-3.822573162602060317e-06 
-0.0018416099773069633493 
-0.0018507879435839230241 
-7.2975953456986652341e-09 
-2.0681124494861936206e-09 
-1.2996253986374396329e-05 
-3.8225173649901172726e-06 
-0.0018426003304802430083 
-0.0018517832311550829968 
-4.9059862382380218875e-09 
2.6836548234083671065e-10 
-1.2996267336300246575e-05 
-3.8224989336695351587e-06 
-0.0018425893423803987176 
-0.0018517722146184246047 
-2.5890288418174079378e-09 
2.5890288517670821071e-09 
-1.2996271474118227217e-05 
-3.8224941708827278264e-06 
-0.0018425893151917548032 
-0.0018517722000025295219 
-2.6836546650919933723e-10 
 4.905986269847894371e-09 
-1.2996267336300471886e-05 
-3.8224989336692929073e-06 
-0.0018425893423803846229 
-0.0018517722146184267731 
2.0681124736797740086e-09 
7.2975953329335983047e-09 
-1.2996253986373861004e-05 
-3.8225173649894540458e-06 
-0.0018426003304802343347 
-0.0018517832311550381109 
2.7224277114688895585e-09 
3.1656711531898312048e-09 
-1.2996180551581083704e-05 
-3.8225731626009955966e-06 
-0.0018416099773069551093 
-0.0018507879435839316978 
-3.0001005368190628271e-09 
-2.5643965361812473403e-09 
-1.2330885553923672034e-05 
-3.6206044092434621648e-06 
-0.0018573371214327767317 
-0.0018660515418851559687 
-6.9010804872288211057e-09 
-1.9316944154576764446e-09 
-1.2330955576077284953e-05 
-3.6205516382685748947e-06 
-0.0018583359651513347427 
 -0.001867055060040665208 
-4.6282914680050034027e-09 
2.7376628453910356676e-10 
-1.2330968637244551776e-05 
-3.620534417065502451e-06 
-0.0018583249261276009977 
-0.0018670439791390817507 
-2.4493680865028794744e-09 
2.4493680683779663122e-09 
-1.2330972736567437923e-05 
-3.6205300200569264918e-06 
-0.0018583249179876055925 
-0.0018670439761409691418 
-2.7376629891207007188e-10 
4.6282914601905404748e-09 
-1.2330968637245520782e-05 
-3.6205344170648413418e-06 
-0.0018583249261276153091 
-0.0018670439791391038684 
1.9316944117112972818e-09 
6.9010804924624350275e-09 
-1.2330955576077899899e-05 
-3.6205516382687171963e-06 
-0.0018583359651512781473 
-0.0018670550600406166358 
2.5643965434152300695e-09 
3.0001005388943795746e-09 
-1.2330885553923312892e-05 
-3.6206044092439712316e-06 
 -0.001857337121432789959 
-0.0018660515418851631245 
-2.8384125630238746923e-09 
-2.4207328022227085842e-09 
-1.166983758238130185e-05 
-3.4231134319014997168e-06 
-0.0018722610556814514842 
-0.0018805116951390750662 
-6.5239054992907594995e-09 
-1.8174704436053413805e-09 
-1.1669904038138147155e-05 
-3.4230635562541029322e-06 
-0.0018732679404602286481 
-0.0018815230020061729684 
-4.3711883033078608942e-09 
2.6602498225960378153e-10 
-1.1669916613107389253e-05 
-3.423047371061314262e-06 
-0.0018732568308372971912 
-0.0018815118473460604957 
-2.3157615021564473834e-09 
2.3157614969215939314e-09 
-1.1669920586788888999e-05 
-3.4230432619411012521e-06 
-0.0018732568305825708296 
-0.0018815118494524578005 
-2.660249883359805375e-10 
4.3711882920957949592e-09 
-1.1669916613106997923e-05 
-3.423047371061867798e-06 
-0.0018732568308373197426 
 -0.001881511847346076325 
1.8174704376496879126e-09 
6.5239055134830223511e-09 
-1.1669904038138247105e-05 
-3.4230635562530030599e-06 
-0.0018732679404601876652 
-0.0018815230020061562716 
2.4207328184775252001e-09 
2.8384125670461682202e-09 
-1.1669837582381113809e-05 
-3.423113431900938981e-06 
 -0.001872261055681449099 
  -0.00188051169513906314 
-2.679609926672074461e-09 
-2.2835148040301269143e-09 
-1.1017183700172393127e-05 
-3.2298465422586733101e-06 
-0.0018863830836989069033 
 -0.001894174114082342519 
-6.1571447624498167791e-09 
-1.7123014513904060495e-09 
-1.1017246543392214487e-05 
-3.2297994826021019388e-06 
-0.0018873975722647246163 
-0.0018951927773516556719 
-4.1239163857774690105e-09 
2.5359358686766090814e-10 
-1.1017258534533072659e-05 
-3.229784252513611582e-06 
-0.0018873863877829635208 
-0.0018951815484367202057 
-2.1855960401128093614e-09 
2.1855960249046318192e-09 
-1.1017262338566812346e-05 
 -3.22978039658829743e-06 
-0.0018873863912327361065 
 -0.001895181553198783779 
-2.5359360046712420502e-10 
   4.1239163782091436e-09 
-1.101725853453165642e-05 
-3.2297842525138013174e-06 
-0.0018873863877829797839 
-0.0018951815484367382034 
1.7123014418629174202e-09 
6.1571447485042746073e-09 
-1.1017246543391984095e-05 
-3.2297994826026029588e-06 
-0.0018873975722647122564 
-0.0018951927773516352889 
2.2835147924079167075e-09 
2.6796099235018543054e-09 
-1.101718370017095656e-05 
-3.2298465422588312818e-06 
-0.0018863830836988912908 
-0.0018941741140823336285 
-2.5235912645670347651e-09 
-2.1498859221074472643e-09 
-1.0375448541492708493e-05 
-3.0407390653057612113e-06 
 -0.001899711440329987424 
-0.0019070496253076557689 
-5.7979574526189494807e-09 
-1.6111915222856001675e-09 
-1.037550778761074675e-05 
-3.0406947606593795816e-06 
-0.0019007331038236497008 
-0.0019080752205310215746 
-3.8826665925283955215e-09 
2.3984052218795554592e-10 
-1.0375519153947539692e-05 
-3.0406804443086809977e-06 
 -0.001900721845796757032 
-0.0019080639198578912361 
-2.0580689629715351226e-09 
  2.05806899563986585e-09 
-1.0375522768886657595e-05 
-3.0406768255303379803e-06 
 -0.001900721851344696527 
-0.0019080639262423074523 
-2.3984049873038170029e-10 
3.8826665886829362513e-09 
-1.0375519153948444323e-05 
-3.0406804443089943999e-06 
-0.0019007218457967685245 
 -0.001908063919857877792 
1.6111915163925452468e-09 
5.7979574626375377212e-09 
-1.0375507787610629859e-05 
-3.0406947606583957528e-06 
-0.0019007331038236364735 
-0.0019080752205310235262 
2.1498859338434051451e-09 
2.5235912677866975739e-09 
-1.037544854149376559e-05 
-3.0407390653053135544e-06 
-0.0018997114403299785335 
-0.0019070496253076395059 
-2.3704000986887169324e-09 
-2.0186090339486160775e-09 
-9.7460755609864325723e-06 
-2.8557738270520902702e-06 
-0.0019122584135083089876 
 -0.001919151978435894388 
-5.4452404742328282934e-09 
-1.5118871360494347315e-09 
-9.7461312615844954653e-06 
-2.8557322247345317616e-06 
-0.0019132868307049309946 
-0.0019201840886994953582 
-3.645810376739109976e-09 
2.2633523952185539022e-10 
-9.7461419958950255528e-06 
-2.8557188005199071743e-06 
 -0.001913275502059784243 
-0.0019201727191814896897 
-1.9328788979508102789e-09 
1.9328788749972848849e-09 
-9.7461454169497282329e-06 
-2.8557154122343355138e-06 
-0.0019132755088946502495 
-0.0019201727264114203195 
-2.2633526151073583367e-10 
3.6458103583729413163e-09 
-9.7461419958956032293e-06 
-2.8557188005193604145e-06 
-0.0019132755020597599568 
-0.0019201727191814693067 
1.5118871191111384211e-09 
5.4452404594408611521e-09 
-9.7461312615859320332e-06 
-2.8557322247343013687e-06 
-0.0019132868307049407525 
-0.0019201840886995077181 
2.0186090223846749546e-09 
2.3704000951359389784e-09 
-9.7460755609867663033e-06 
-2.8557738270521995374e-06 
-0.0019122584135082959771 
-0.0019191519784358891838 
-2.2199020792577922576e-09 
-1.8884741551452609753e-09 
-9.1297743714008546565e-06 
-2.6749184329939494916e-06 
 -0.001924038546207409257 
-0.0019304964593241436856 
-5.0976552749654859885e-09 
-1.4123575001992437182e-09 
-9.1298266018698042237e-06 
-2.6748794898169480643e-06 
-0.0019250733032517405776 
-0.0019315346747158885707 
-3.4117023049087532376e-09 
2.1439659784334413306e-10 
-9.1298367208449844308e-06 
-2.6748669528132244517e-06 
-0.0019250619065250328208 
-0.0019315232378640349864 
-1.8096337128146254146e-09 
1.8096336954329259679e-09 
-9.1298399536705974745e-06 
-2.6748637960956816529e-06 
-0.0019250619137289612468 
-0.0019315232446011579986 
-2.1439660915507607775e-10 
  3.41170231192650351e-09 
-9.1298367208445321152e-06 
-2.6748669528132608742e-06 
-0.0019250619065250226293 
-0.0019315232378640404074 
1.4123575070007102488e-09 
5.0976552649763056732e-09 
-9.1298266018699007854e-06 
-2.6748794898165880753e-06 
-0.0019250733032517496849 
-0.0019315346747158811981 
1.8884741425108972682e-09 
 2.219902075769878912e-09 
-9.1297743714015085659e-06 
-2.6749184329931422692e-06 
-0.0019240385462074127264 
-0.0019304964593241588644 
-2.0714857183795240314e-09 
-1.7569417432116445652e-09 
-8.5267502515323774601e-06 
-2.4981021860192563917e-06 
-0.0019350674893860340346 
-0.0019410989966304433626 
-4.7519121247622830136e-09 
-1.3086755022101737461e-09 
-8.5267991071950976058e-06 
-2.4980658789894699589e-06 
-0.0019361081788214380955 
-0.0019421429123461968549 
-3.176805461070737692e-09 
2.0637765217774397948e-10 
-8.5268086500602918834e-06 
-2.4980542513252390725e-06 
-0.0019360967141105382781 
-0.0019421314054060927461 
-1.6873355666504276498e-09 
1.6873355364168466004e-09 
-8.5268117101570455811e-06 
-2.4980513393833078644e-06 
-0.0019360967197403562874 
-0.0019421314084725146455 
-2.0637767875686191721e-10 
3.1768054421844060168e-09 
-8.5268086500606256144e-06 
-2.4980542513255130877e-06 
-0.0019360967141105538906 
-0.0019421314054061163817 
1.3086754845000529904e-09 
4.7519121021946088376e-09 
-8.5267991071948079205e-06 
-2.4980658789894597945e-06 
-0.0019361081788214192304 
-0.0019421429123461734362 
 1.756941724544408012e-09 
2.0714857131146997579e-09 
-8.5267502515318031718e-06 
-2.4981021860198747257e-06 
-0.0019350674893860555018 
-0.0019410989966304765392 
-1.9234391303105333006e-09 
-1.6176655808614571322e-09 
-7.9368592448390100076e-06 
-2.3252118822750488546e-06 
-0.0019453612583166105584 
-0.0019509755792899764228 
-4.3995288494495676034e-09 
-1.1912394696340257565e-09 
-7.9369048416973591193e-06 
-2.3251782357841396089e-06 
-0.0019464074760294795483 
-0.0019520247903266204573 
-2.932264203976324268e-09 
2.0790262250025570135e-10 
-7.936913872484790527e-06 
-2.3251675982661849511e-06 
-0.0019463959368968275498 
-0.0019520131996237546478 
-1.5634058378686253868e-09 
1.5634058416281374894e-09 
-7.9369167858920209712e-06 
-2.3251649702420205795e-06 
 -0.001946395936162943676 
-0.0019520131910538416394 
-2.0790261388773295093e-10 
2.9322642274997229237e-09 
 -7.93691387248476681e-06 
-2.3251675982657851516e-06 
 -0.001946395936896858558 
-0.0019520131996237975822 
1.1912395021395189492e-09 
4.3995288957974336932e-09 
-7.9369048416978707272e-06 
-2.3251782357838372181e-06 
-0.0019464074760294563463 
-0.0019520247903266146026 
1.6176656220180468855e-09 
1.9234391405907219593e-09 
-7.9368592448398773693e-06 
-2.325211882274803215e-06 
-0.0019453612583166372298 
-0.0019509755792899751217 
-1.7713610880501236084e-09 
-1.4544672102917879851e-09 
-7.3597148063428710496e-06 
-2.1560957167853402699e-06 
-0.0019549357470830634742 
-0.0019601418781902382911 
-4.0188634616533028709e-09 
-1.0357428406460018145e-09 
-7.3597572769783982873e-06 
-2.1560648678195544814e-06 
-0.0019559870841014698889 
-0.0019611959654762672889 
-2.655653773782829774e-09 
 2.331232878318036824e-10 
-7.3597658759451043453e-06 
-2.156055437733281944e-06 
-0.0019559754475470389132 
 -0.001961184249715033738 
-1.4313257530395642362e-09 
1.4313257641405654575e-09 
-7.3597686736844479405e-06 
-2.1560531924222112207e-06 
-0.0019559754284019579933 
-0.0019611842094655893357 
-2.3312329304220619247e-10 
2.6556537216092203791e-09 
-7.3597658759443064402e-06 
-2.1560554377328359811e-06 
-0.0019559754475470714392 
-0.0019611842497150181255 
1.0357427739574633683e-09 
 4.018863399205374491e-09 
-7.3597572769784474152e-06 
-2.1560648678194189562e-06 
 -0.001955987084101473792 
-0.0019611959654762733604 
1.4544671622336486375e-09 
1.7713610750656424721e-09 
-7.3597148063417860004e-06 
-2.1560957167850755721e-06 
-0.0019549357470830617395 
-0.0019601418781902690824 
-1.6039691657849663771e-09 
-1.2256353273084082592e-09 
-6.7947621576164472725e-06 
-1.9905698673356606385e-06 
-0.0019638064177869393907 
-0.0019686130146599639147 
-3.5544669568931688999e-09 
-7.8039522060605085366e-10 
-6.7948016072752740041e-06 
-1.9905422265174438615e-06 
-0.0019648624387957314662 
-0.0019696715083889399824 
-2.2903189590776860961e-09 
3.1760318105570773358e-10 
-6.794809792726628578e-06 
-1.9905345432574906968e-06 
-0.0019648506399961756033 
-0.0019696595566315658332 
-1.2748696669840065751e-09 
1.2748696341592553735e-09 
-6.7948124675713391317e-06 
-1.9905329166123084846e-06 
-0.0019648505723396060205 
-0.0019696594350711213971 
-3.1760320310143807748e-10 
2.2903189670410303674e-09 
-6.7948097927273299213e-06 
-1.9905345432573674535e-06 
 -0.001964850639996154353 
-0.0019696595566315753742 
 7.803952332144706613e-10 
3.5544669549713169034e-09 
-6.7948016072754179997e-06 
-1.9905422265180596545e-06 
-0.0019648624387957340683 
-0.0019696715083889269719 
1.2256353211414864522e-09 
 1.603969164244969696e-09 
-6.7947621576165336698e-06 
-1.9905698673366067743e-06 
-0.0019638064177869870956 
-0.0019686130146600150891 
-1.3914458614485611201e-09 
-8.2042210426407293411e-10 
-6.2413308723483931588e-06 
-1.8284250454161975205e-06 
-0.0019719881260904740389 
-0.0019764034639005792493 
-2.8612888296300990061e-09 
-2.6830736610978218962e-10 
-6.2413671557286842792e-06 
 -1.82840172231456076e-06 
-0.0019730483105555433367 
 -0.001977465738993789638 
-1.6947815224645974176e-09 
5.4803682328307354531e-10 
-6.2413745029047592111e-06 
-1.828397086564479437e-06 
-0.0019730361801086637209 
-0.0019774532678945438979 
-1.0553704610898111065e-09 
1.0553705064461790162e-09 
-6.2413768014891285893e-06 
-1.8283966147776310249e-06 
-0.0019730359915963108577 
-0.0019774529500530338422 
-5.480367879622561451e-10 
1.6947815271116962377e-09 
-6.2413745029051793394e-06 
-1.8283970865641274948e-06 
-0.0019730361801086710935 
-0.0019774532678945191781 
2.6830736415608875436e-10 
 2.861288849233427114e-09 
-6.2413671557303165117e-06 
-1.8284017223144053294e-06 
-0.0019730483105555316273 
-0.0019774657389938039495 
8.2042212555148596844e-10 
1.3914458660376787153e-09 
-6.2413308723491266894e-06 
-1.8284250454155391641e-06 
-0.0019719881260905182743 
-0.0019764034639006104743 
-1.0482189622337648943e-09 
7.9702722300002434286e-11 
-5.6986727683428006557e-06 
-1.6694307773418411102e-06 
 -0.001979495102153026008 
-0.0019835271710943215562 
-1.5373031101621016071e-09 
8.9683859293081785507e-10 
-5.6987047945685399372e-06 
-1.6694150189877339171e-06 
-0.0019805586604652804412 
-0.0019845920917074834876 
-5.3047249693725562826e-10 
 1.110772351908449195e-09 
-5.6987088401559727005e-06 
 -1.66941658960105457e-06 
-0.0019805457768650820347 
-0.0019845784154438280734 
-6.9719107597680391617e-10 
6.9719107105439281497e-10 
-5.6987094593069815445e-06 
-1.6694183190487231544e-06 
-0.0019805453210857523923 
-0.0019845777116938518106 
-1.110772338059905117e-09 
5.3047256063787025699e-10 
-5.6987088401561031436e-06 
-1.6694165896004690585e-06 
-0.0019805457768650668558 
-0.0019845784154438627679 
-8.9683852511878822522e-10 
1.5373031353802709152e-09 
-5.698704794568174866e-06 
-1.6694150189887793675e-06 
-0.0019805586604652839107 
-0.0019845920917074435889 
-7.9702715705420185607e-11 
1.0482189643139452571e-09 
-5.6986727683432766882e-06 
-1.669430777341605635e-06 
-0.0019794951021530472583 
-0.0019835271710943397708 
-2.4597349776670132857e-10 
2.6946371471718608353e-09 
-5.1660015723945246015e-06 
-1.513340822349857259e-06 
-0.0019863413127318490722 
-0.0019899984492339809448 
   1.8036826736049708e-09 
3.6583027568050040924e-09 
-5.1660179102472168636e-06 
-1.5133432010194242541e-06 
-0.0019874063651691437765 
-0.0019910624405948618501 
 1.831646771275885627e-09 
2.2063569771856457737e-09 
-5.1660070978447849007e-06 
-1.5133586840117693483e-06 
-0.0019873918496262537106 
-0.0019910464167588351296 
-1.7113126776581887724e-10 
1.7113126831845036042e-10 
-5.166002450136687781e-06 
 -1.51336321407090741e-06 
-0.0019873910392548686972 
-0.0019910455648758573419 
-2.2063569845292944542e-09 
-1.8316468087706983894e-09 
-5.1660070978467144417e-06 
 -1.51335868401188518e-06 
 -0.001987391849626295344 
-0.0019910464167588524768 
-3.658302790672506412e-09 
-1.803682669023033753e-09 
-5.1660179102484840249e-06 
-1.5133432010189994671e-06 
-0.0019874063651691008421 
-0.0019910624405948618501 
-2.6946371314975682588e-09 
2.4597350121282127026e-10 
-5.1660015723951115954e-06 
-1.5133408223488859239e-06 
-0.0019863413127318594806 
-0.0019899984492339818122 
2.6106417979604320836e-09 
1.3003923814573682323e-08 
-4.6424322948140954925e-06 
-1.3597193280669879179e-06 
-0.0019925426243223346399 
 -0.001995837102031930519 
1.2920917183811528253e-08 
8.7680934864360324632e-09 
-4.6422960987785838298e-06 
-1.3598458570534527521e-06 
-0.0019936008827601899192 
-0.0019968805401156669577 
4.4700093749483969181e-09 
3.3130148990152044944e-09 
-4.6422438619157874255e-06 
-1.3598755616980852369e-06 
-0.0019935853605298407658 
-0.0019968679389538949304 
3.0676269186299201901e-10 
-3.0676266327954804185e-10 
-4.6422330576993334336e-06 
-1.359880465108109003e-06 
-0.0019935846868770947665 
-0.0019968677927485419844 
-3.3130148703755295547e-09 
-4.4700093415781947556e-09 
-4.6422438619143771156e-06 
-1.3598755616981621052e-06 
-0.0019935853605298516078 
-0.0019968679389539062061 
-8.7680934523243828227e-09 
-1.2920917157497390955e-08 
-4.6422960987773725727e-06 
-1.3598458570551271245e-06 
 -0.001993600882760203797 
 -0.001996880540115667825 
-1.3003923795816208843e-08 
-2.6106417942252277173e-09 
-4.6424322948118051154e-06 
-1.3597193280681642349e-06 
-0.0019925426243223294358 
-0.0019958371020319057992 
-1.3835740756727107403e-08 
-4.4479317062253952955e-08 
1.2265055665392534659e-05 
3.2689050605020314813e-05 
 0.0016960252114464446482 
 0.0016752179058137097421 
-5.8050325163386496052e-08 
-5.178632807412991807e-08 
1.2264052678181298613e-05 
3.2689167856651441826e-05 
 0.0016961153561953752709 
 0.0016752700083182978444 
-4.6444473124781403824e-08 
-2.5257625352207856663e-08 
1.2263985364249383944e-05 
3.2689347767542104365e-05 
 0.0016961528030760102386 
 0.0016752925067414123871 
-1.282502385827172591e-08 
1.2825023891837573658e-08 
1.2263956305931367801e-05 
3.2689426682592020936e-05 
 0.0016961687783782933119 
 0.0016753039095873797568 
2.5257625390108398828e-08 
4.6444473173006483522e-08 
1.2263985364248899441e-05 
3.2689347767541873972e-05 
 0.0016961528030760358258 
 0.0016752925067414271322 
5.1786328117780424283e-08 
5.8050325188089159785e-08 
1.2264052678180717548e-05 
3.2689167856650079797e-05 
 0.0016961153561953321196 
 0.0016752700083182746425 
4.4479317076227078292e-08 
1.3835740761254898862e-08 
1.2265055665391970535e-05 
3.2689050605021568422e-05 
 0.0016960252114464565744 
 0.0016752179058137251378 
-7.3860572023058957908e-09 
-2.0560016256742342084e-08 
1.0434315251212496575e-05 
 3.358640079004068861e-05 
 0.0016593653337025325058 
  0.001636239949696914912 
-2.9409523193523013864e-08 
-2.6002382083310103711e-08 
1.0434286461635352747e-05 
3.3586458394960756291e-05 
 0.0016593974669915202789 
 0.0016362554309599043525 
-2.5282971344748199301e-08 
-1.2409773677663702082e-08 
1.0434183583433078032e-05 
3.3586471374200387594e-05 
 0.0016594108774629682222 
 0.0016362592655507286928 
-7.4708902213073777598e-09 
7.4708902058230960145e-09 
1.0434157755809455334e-05 
3.3586479379746070068e-05 
 0.0016594198596570867033 
 0.0016362661449282587828 
1.2409773664084231999e-08 
2.5282971335748573498e-08 
1.0434183583433554064e-05 
3.3586471374201058444e-05 
 0.0016594108774629740769 
 0.0016362592655507293433 
2.6002382073410889213e-08 
2.9409523176094616143e-08 
1.0434286461635086779e-05 
3.3586458394960315833e-05 
 0.0016593974669915109547 
 0.0016362554309599013167 
2.0560016240207047961e-08 
7.3860571990222443578e-09 
1.0434315251212754073e-05 
3.3586400790039163951e-05 
 0.0016593653337025500698 
 0.0016362399496969209835 
-3.8720738303390883715e-09 
-6.2778506715361389952e-09 
1.1202718238311684193e-05 
3.8197127186441121103e-05 
 0.0016178749366987626567 
 0.0015908723179576024238 
-1.2334166496691624902e-08 
-9.6706439760596130292e-09 
1.1202707830459368137e-05 
3.8197175751157165047e-05 
 0.0016178827798471917716 
 0.0015908749402009508822 
-1.2096413579807866858e-08 
-4.6297155254881488865e-09 
 1.120264162501400126e-05 
3.8197158291246118521e-05 
  0.001617881302722710881 
 0.0015908685919796511192 
-4.6290910263147813562e-09 
4.6290910079336849817e-09 
1.1202628128315787937e-05 
 3.819715707341232166e-05 
 0.0016178867500988315924 
 0.0015908722347859911156 
4.6297155118386860888e-09 
1.2096413572049051679e-08 
1.1202641625013757314e-05 
3.8197158291246071087e-05 
 0.0016178813027227084958 
 0.0015908685919796409277 
9.6706439703640807738e-09 
 1.233416648684655103e-08 
1.1202707830459308845e-05 
 3.819717575115688722e-05 
 0.0016178827798471945906 
  0.001590874940200955219 
6.2778506637548071323e-09 
3.8720738266319725772e-09 
 1.120271823831103706e-05 
 3.819712718644061966e-05 
 0.0016178749366987620062 
 0.0015908723179575970028 
-2.7650547232296220794e-09 
-1.0829430588817508343e-09 
1.2177609480313408721e-05 
4.2878190865066480146e-05 
  0.001569748529118266062 
 0.0015390376997480546828 
-6.1019264774775920019e-09 
-2.4908003203369390978e-09 
1.2177624749451987772e-05 
4.2878247723518352953e-05 
 0.0015697489283020937649 
 0.0015390360264895769447 
-6.1017477343979480562e-09 
-6.2393619098530415195e-10 
1.2177579009166893096e-05 
4.2878226836129359784e-05 
  0.001569740081332854538 
 0.0015390252656955578578 
-3.1998836489295809751e-09 
 3.199883655686090653e-09 
1.2177574379120463766e-05 
4.2878223002393154499e-05 
 0.0015697427253882694723 
   0.00153902698592435494 
6.2393619551251544664e-10 
6.1017477322673979776e-09 
1.2177579009166591552e-05 
4.2878226836129136167e-05 
 0.0015697400813328441296 
 0.0015390252656955524368 
2.4908003183062735597e-09 
6.1019264836794100774e-09 
1.2177624749451535456e-05 
4.2878247723519260972e-05 
 0.0015697489283020948491 
 0.0015390360264895667532 
1.0829430666318030691e-09 
2.7650547258764656228e-09 
1.2177609480313657749e-05 
4.2878190865067001918e-05 
 0.0015697485291182599904 
 0.0015390376997480535986 
-2.4449521940031260519e-09 
1.2338381853656746613e-09 
1.3318907834194947928e-05 
4.7857291277722298491e-05 
 0.0015151531220088411672 
 0.0014806028866970024141 
-3.6169555878093365232e-09 
7.7200157697916352291e-10 
1.3318935683423347517e-05 
4.7857358565379772908e-05 
 0.0015151508742513818389 
   0.00148059977741288578 
-3.5982127788505172535e-09 
 1.335665147308561604e-09 
1.3318897702104597557e-05 
4.7857338473289488898e-05 
 0.0015151391781615510326 
 0.0014805874929147318231 
-2.6704531925739250492e-09 
 2.670453235616662375e-09 
1.3318897925392079337e-05 
 4.785733523305814313e-05 
 0.0015151404119870747703 
 0.0014805883219991323486 
-1.3356651060270975635e-09 
3.5982128170113640578e-09 
 1.331889770210483642e-05 
4.7857338473288899363e-05 
 0.0015151391781615501653 
 0.0014805874929147342083 
-7.7200155055925619131e-10 
3.6169555812695704997e-09 
1.3318935683423860819e-05 
4.7857358565380579284e-05 
 0.0015151508742513809715 
 0.0014805997774129165713 
-1.2338381987709227229e-09 
2.4449521886692346787e-09 
1.3318907834195064819e-05 
4.7857291277722894803e-05 
 0.0015151531220088370472 
  0.001480602886696990271 
-2.442778726662624059e-09 
2.4535910613678814572e-09 
1.4547090821577058638e-05 
5.3228952880483650675e-05 
 0.0014537989956933507554 
 0.0014151047806710440134 
-2.624193740805731329e-09 
 2.425546135918163462e-09 
1.4547126627842409151e-05 
5.3229030375659542576e-05 
 0.0014537960119578878428 
 0.0014151014789431902181 
-2.5950604999864930559e-09 
2.3902643779597135712e-09 
1.4547090618688349455e-05 
5.3229010823429847795e-05 
 0.0014537834962486660163 
 0.0014150889819350047708 
-2.5757401099722897737e-09 
2.5757401225393689555e-09 
1.4547093438958808411e-05 
5.3229008387764327611e-05 
 0.0014537841174307084523 
 0.0014150894409273378442 
-2.3902643689855223313e-09 
2.5950605031608631767e-09 
1.4547090618688303715e-05 
5.3229010823431494428e-05 
 0.0014537834962486731721 
 0.0014150889819350160465 
-2.4255461301967263914e-09 
2.6241937610974614765e-09 
1.4547126627842153348e-05 
 5.322903037566009823e-05 
 0.0014537960119579225373 
 0.0014151014789432097337 
-2.4535910413295407195e-09 
2.4427787321811065761e-09 
1.4547090821576972241e-05 
5.3228952880484734877e-05 
 0.0014537989956933388292 
 0.0014151047806710442302 
-2.5785901106512560043e-09 
 3.300820080925088736e-09 
1.5803395655380516189e-05 
5.9150023440578994272e-05 
  0.001385080522261261703 
 0.0013417220482148019961 
-2.2059037056813725193e-09 
 3.482072669719435489e-09 
 1.580343772541300534e-05 
5.9150111259067112118e-05 
 0.0013850777294403229974 
 0.0013417192665489644388 
-2.2042784013794014977e-09 
3.1044824622903959224e-09 
1.5803401011669973976e-05 
5.9150091210882841915e-05 
 0.0013850653337601720547 
 0.0013417071997500432546 
-2.6813779385140490498e-09 
2.6813779278701709961e-09 
1.5803405397010754943e-05 
5.9150089259474921029e-05 
  0.001385065714835696923 
  0.001341707531724673115 
-3.1044824665098769007e-09 
2.2042784142085645848e-09 
1.5803401011670163711e-05 
5.9150091210882062645e-05 
 0.0013850653337601835473 
 0.0013417071997500387009 
-3.482072652202726311e-09 
2.2059037206445523989e-09 
1.5803437725412920636e-05 
5.9150111259067769415e-05 
 0.0013850777294403396941 
 0.0013417192665489835208 
-3.3008200714403690667e-09 
2.5785901130183648488e-09 
1.5803395655380143495e-05 
 5.915002344057836408e-05 
 0.0013850805222612714608 
  0.001341722048214819777 
-2.7777425036039224649e-09 
4.1309932310993335147e-09 
1.7002124527601881234e-05 
6.5849796318174906064e-05 
 0.0013079835632477531011 
 0.0012591262844879626531 
-1.9401295911439122391e-09 
4.4251080421833868502e-09 
1.7002172600062688226e-05 
6.5849895059752279925e-05 
 0.0013079816063032911541 
 0.0012591246741482978698 
-2.0239091920464748248e-09 
3.7543307715429293651e-09 
1.7002134028161115413e-05 
 6.584987334101337136e-05 
 0.0013079698246839018688 
 0.0012591134232496858057 
-2.8880164831012330397e-09 
2.8880164695644479579e-09 
1.7002139573915360239e-05 
6.5849871484041411262e-05 
 0.0013079701408942473202 
  0.001259113747424379405 
-3.754330786821294423e-09 
2.0239091765390994376e-09 
1.7002134028160519101e-05 
6.5849873341012002555e-05 
 0.0013079698246838910268 
 0.0012591134232496784331 
-4.4251080519913757339e-09 
1.9401296015287930121e-09 
1.7002172600062417175e-05 
6.5849895059752713605e-05 
 0.0013079816063033011288 
 0.0012591246741482896299 
-4.1309932171356868409e-09 
2.7777425080774554247e-09 
1.7002124527602369125e-05 
6.5849796318175502375e-05 
 0.0013079835632477767367 
 0.0012591262844879969138 
-3.0042573661954743763e-09 
5.2071564817619555771e-09 
1.7985422893127479864e-05 
 7.369851142206243922e-05 
 0.0012208743457448941339 
 0.0011651574024100044055 
-1.5678044000444699126e-09 
5.5448114010419436204e-09 
1.7985477369916418039e-05 
7.3698622936300210956e-05 
 0.0012208739654220922364 
 0.0011651579071335494819 
-1.8627188281704273568e-09 
4.4949590427471414879e-09 
1.7985436509648039473e-05 
7.3698598040847527546e-05 
 0.0012208631280845221381 
 0.0011651477611245659918 
-3.169496953897927465e-09 
3.1694969283512400679e-09 
1.7985443060470285103e-05 
7.3698595798589797146e-05 
 0.0012208634637285622603 
 0.0011651481223151100453 
-4.4949590671224700002e-09 
1.8627188105557589012e-09 
1.7985436509647751482e-05 
7.3698598040847446231e-05 
 0.0012208631280845143319 
 0.0011651477611245523308 
-5.5448114304685241623e-09 
 1.567804336481949158e-09 
1.7985477369916031792e-05 
7.3698622936300061878e-05 
 0.0012208739654220885501 
 0.0011651579071335813574 
-5.2071565426685031959e-09 
3.0042573505034863384e-09 
1.7985422893127557791e-05 
 7.369851142206205975e-05 
 0.0012208743457449169022 
 0.0011651574024099844561 
-3.223727677081413147e-09 
6.8571130873412707238e-09 
 1.843647044250758252e-05 
8.3358543079766552093e-05 
 0.0011210478057244470298 
 0.0010561418878743155433 
-8.2587274646219816191e-10 
7.0545830513508905721e-09 
1.8436534863462220317e-05 
8.3358663125585242453e-05 
 0.0011210502440726830258 
 0.0010561463113580775528 
-1.668965118636434794e-09 
5.3936402346597135204e-09 
1.8436491969689119312e-05 
8.3358631983283465266e-05 
 0.0011210405843700191851 
 0.0010561373978849545457 
-3.5695091471013702776e-09 
3.5695091808119117672e-09 
1.8436499207771326611e-05 
8.3358628633382054313e-05 
 0.0011210409291840656414 
 0.0010561376744608456414 
-5.3936402046577056126e-09 
1.6689651367717989696e-09 
1.8436491969689187075e-05 
8.3358631983283817631e-05 
 0.0011210405843700083431 
 0.0010561373978849543289 
-7.0545830272664533572e-09 
8.2587279817981535196e-10 
1.8436534863461752755e-05 
8.3358663125585391531e-05 
  0.001121050244072714034 
 0.0010561463113580829738 
-6.8571130392055232231e-09 
3.2237276897531430839e-09 
1.8436470442507795972e-05 
8.3358543079766484331e-05 
 0.0011210478057244242615 
 0.0010561418878743287705 
-3.4963413106097911255e-09 
9.8938490395493122727e-09 
1.7671534092720530824e-05 
9.6506265799812038361e-05 
 0.0010036509018704624537 
0.00092481891563747859256 
5.7564103520193055419e-10 
9.0656236821790379828e-09 
 1.767158304004705588e-05 
9.6506460302616593641e-05 
 0.0010036587637445306635 
0.00092483141757738660492 
-1.990255666795108627e-09 
6.4522603176825893946e-09 
1.7671536275739484011e-05 
9.6506419058166911362e-05 
 0.0010036500646234437772 
 0.0009248226772852137555 
-4.4272559000231381111e-09 
4.4272558916405774647e-09 
1.7671542566314288775e-05 
9.6506414667321896851e-05 
 0.0010036501672167331099 
0.00092482237562883321674 
-6.4522603241203284798e-09 
1.9902556644832529658e-09 
1.7671536275739158751e-05 
9.6506419058166193078e-05 
 0.0010036500646234437772 
0.00092482267728521017763 
-9.0656236834782277052e-09 
-5.756410391037630103e-10 
1.7671583040047293049e-05 
9.6506460302616539431e-05 
 0.0010036587637445267603 
0.00092483141757738508704 
-9.8938490434630908712e-09 
 3.496341309805508113e-09 
1.7671534092720517272e-05 
9.6506265799812919275e-05 
 0.0010036509018704871735 
 0.0009248189156375002766 
-2.0736308873191680581e-09 
1.2390867173096844526e-08 
1.3991590089093921501e-05 
0.00011412609659248184083 
0.00085936935374597285368 
 0.0007605795472113745714 
3.8807454859922224928e-09 
8.3063300883586631323e-09 
 1.399172400654027431e-05 
0.00011412610663173771222 
0.00085938848132162566889 
0.00076060889229362816516 
-2.4689837963630426251e-09 
5.2770830982820723183e-09 
1.3991672670518818245e-05 
 0.0001141260605095298662 
0.00085937837806198281304 
0.00076059533365052905789 
-4.0805473309365655641e-09 
4.0805473443957528327e-09 
1.3991677791558683263e-05 
0.00011412605574902265153 
0.00085937777628040978081 
0.00076059432188181803642 
-5.2770830881420225311e-09 
2.4689837969624528521e-09 
1.3991672670518618345e-05 
0.00011412606050952977133 
0.00085937837806198021096 
0.00076059533365053577994 
-8.3063300884046030892e-09 
-3.8807454808448363595e-09 
 1.399172400654124501e-05 
0.00011412610663173875577 
0.00085938848132162436785 
0.00076060889229362285257 
-1.2390867167310760809e-08 
 2.073630889141430404e-09 
1.3991590089094927776e-05 
0.00011412609659248373819 
0.00085936935374599399563 
0.00076057954721140026699 
-4.3664918970674374264e-08 
2.6195368027604120984e-08 
-2.0649499633249688451e-06 
0.00020897706280558384193 
 0.0006524148261027956858 
0.00043010462422866956901 
-5.5174795154661903362e-08 
3.5358145650435873535e-08 
-2.0648660827502563775e-06 
0.00020897752859713359546 
  0.000652441940236642582 
0.00043010869350757055312 
-4.1331366640801241943e-08 
3.9900272470118982926e-08 
-2.0650273965920993102e-06 
0.00020897752221000440729 
0.00065243031186739406432 
0.00043010586730961173274 
-4.0277950611982444935e-08 
4.0277950586434819515e-08 
-2.0650165570057136101e-06 
0.00020897752642143243434 
0.00065242939373951749568 
0.00043010562666062710641 
-3.9900272493190936182e-08 
4.1331366624169690467e-08 
-2.0650273965935562068e-06 
0.00020897752221000278098 
0.00065243031186740241267 
0.00043010586730961335904 
-3.5358145667374474454e-08 
5.5174795132935673701e-08 
-2.0648660827499505986e-06 
0.00020897752859713340573 
0.00065244194023663531785 
0.00043010869350756865577 
-2.6195368046219721408e-08 
4.3664918965336002054e-08 
-2.0649499633252072849e-06 
0.00020897706280558348956 
 0.0006524148261028160688 
0.00043010462422867629106 
 0.0017013255876175453936 
 0.0017066038540382480037 
3.4725173703804506821e-06 
-1.2743863397038146306e-06 
-3.6235193928005450813e-08 
-1.5546542238437065239e-07 
 0.0017073260846587699074 
  0.001705047698799550893 
5.4457596983209625329e-06 
7.7371890230658346856e-06 
-1.9304793977047498569e-08 
-5.4021900494402642817e-08 
 0.0017017679098772114151 
  0.001706858755122865395 
3.4707945242903725476e-06 
-1.2709504271635932393e-06 
-1.615086579504259383e-07 
-9.4771585270632598475e-08 
 0.0017074953866702171756 
 0.0017051705913423401053 
5.4473735072722392117e-06 
7.7391051339587185097e-06 
-7.4859739603942607192e-08 
-6.4060498215690427611e-08 
 0.0017017848738171822628 
 0.0017069237270569213426 
3.4704904694408816054e-06 
-1.2708171122447220056e-06 
-5.0309676726747414197e-08 
-3.1967240963032443159e-08 
 0.0017075693931945517146 
 0.0017052219744449162876 
5.4469772267888857012e-06 
7.7389397010143941069e-06 
-5.9513838651595315515e-08 
-2.5917607830306370592e-08 
 0.0017017894760254122233 
 0.0017069328455881253252 
3.4704520808251281245e-06 
-1.2707521494951088964e-06 
-6.8622211578130516155e-09 
6.8622212121772730869e-09 
 0.0017075816226283272673 
 0.0017052381717386987624 
5.4469353601349025361e-06 
7.7389878999875745378e-06 
-1.477245443018156313e-08 
1.4772454435625362818e-08 
 0.0017017848738171818292 
 0.0017069237270569039954 
 3.470490469440882876e-06 
-1.2708171122443325822e-06 
3.1967241022736606002e-08 
 5.030967680382253534e-08 
 0.0017075693931945278622 
 0.0017052219744448911341 
5.4469772267888111623e-06 
 7.738939701014549961e-06 
2.5917607836718615144e-08 
5.9513838659249217723e-08 
 0.0017017679098772066446 
  0.001706858755122866696 
3.4707945242902429516e-06 
-1.2709504271641283524e-06 
 9.477158535212393103e-08 
1.6150865802542975287e-07 
  0.001707495386670231487 
 0.0017051705913423800039 
5.4473735072721782253e-06 
7.7391051339590539348e-06 
6.4060498213794953164e-08 
7.4859739576511193732e-08 
 0.0017013255876175256611 
 0.0017066038540382670857 
3.4725173703800788347e-06 
-1.274386339703045313e-06 
1.5546542244190404185e-07 
3.6235193947220545423e-08 
 0.0017073260846587959283 
 0.0017050476987995511098 
5.4457596983198063329e-06 
7.7371890230658262153e-06 
5.4021900465887377909e-08 
1.9304793968951335975e-08 
-0.0019981056252982728159 
-0.0020010078076121312098 
-4.0872781827359984407e-06 
-1.1970830616194707789e-06 
2.8847787476941373184e-09 
1.3638309375363650137e-08 
-0.0020029999216167001554 
-0.0020055409021510501449 
-3.5895979016180052088e-06 
-1.0515061535143844659e-06 
-2.6240605752032293962e-10 
1.4636975261789739702e-09 
-0.0020072736116921131508 
-0.0020094669812439798495 
-3.0982328639304632899e-06 
-9.076106210756681945e-07 
-1.2712119712458033666e-10 
1.6935432509586501431e-09 
 -0.002010946467117078959 
-0.0020127955676813797173 
-2.6123200379978066222e-06 
-7.6527691910389751283e-07 
-2.0140561252151264406e-10 
 1.077311112414054919e-09 
-0.0020140247574377033793 
-0.0020155342267853750167 
-2.1310503834433229898e-06 
-6.2428333200943678651e-07 
2.1070927626129403576e-10 
 2.277579989104091912e-09 
 -0.002016516542459653033 
-0.0020176911069208877843 
-1.6535751778324931922e-06 
-4.8437783067309803042e-07 
1.3618357072430813004e-09 
 6.235550356972393217e-09 
-0.0020184312563157817515 
-0.0020192790776910186749 
-1.1790897372691459937e-06 
-3.4528658141468777203e-07 
4.7018161022211683358e-09 
1.8367327940685370031e-08 
-0.0020197873141337722644 
-0.0020203283001074883937 
-7.0670980445161121679e-07 
-2.067832046963110096e-07 
1.4716877099503030776e-08 
5.5514920252113538806e-08 
-0.0020206443195470834978 
-0.0020209868791886426848 
-2.429265184698700214e-07 
-6.3260280450771553945e-08 
5.7951381278752117008e-08 
2.1016180776055187679e-07 
-0.0019991366795228892282 
-0.0020020229885896311667 
-4.0871875469418548428e-06 
-1.1972314435895476114e-06 
1.3714894315664494734e-08 
8.8742667213626916251e-09 
-0.0020040095182824084821 
-0.0020065509276708088336 
-3.5896243537478289178e-06 
-1.0515579846223780715e-06 
1.2254853094023548402e-09 
3.4988834488021238576e-09 
-0.0020082834826852576787 
-0.0020104759738154140067 
-3.0982419582858213057e-06 
-9.0761445182400160363e-07 
1.1094724137195500545e-09 
2.0448314059288405028e-09 
-0.0020119551430854048027 
-0.0020138042224917139696 
-2.6123372689024094673e-06 
-7.6527770661682773338e-07 
6.5995975756454228634e-10 
1.8976529130912329834e-09 
-0.0020150331188048178216 
-0.0020165417854524211524 
-2.1310645862531026414e-06 
-6.2429334162543746504e-07 
2.4027259252824552732e-09 
3.6600341013392991823e-09 
-0.0020175225105907041573 
-0.0020186935058576758496 
-1.6535787029916591288e-06 
-4.8441462108282051442e-07 
7.6613081989153219206e-09 
8.9965593301590361383e-09 
-0.0020194271318399090696 
-0.0020202605873837734159 
-1.1790190263865208729e-06 
-3.4542634790700359495e-07 
2.2605293791143420797e-08 
2.2132932278288871668e-08 
-0.0020207434015824784004 
-0.0020212288570070915082 
-7.0665088692623166861e-07 
-2.0694463087865606112e-07 
6.4450693898658927724e-08 
5.0773970957527262584e-08 
-0.0020214147906722642299 
-0.0020214449333437415485 
-2.3609720113678040333e-07 
-6.802459966410602109e-08 
2.1987638436776965497e-07 
7.8835171394683342161e-08 
-0.0019991264690274860617 
-0.0020020162364993224213 
-4.0871322736317517723e-06 
-1.1972586275097436974e-06 
4.5563069621090479929e-09 
3.2502338042878634055e-09 
-0.0020040031054147674876 
-0.0020065420221279848222 
-3.5896206340284446388e-06 
-1.0515640740246932695e-06 
2.4126738618861173114e-09 
2.2008163489580311162e-09 
-0.0020082734768999887728 
-0.0020104654441635175059 
-3.0982435888855979077e-06 
-9.076218458224642731e-07 
9.5491726890853444259e-10 
1.3738449261665103679e-09 
-0.0020119440597013795759 
-0.0020137921476069109948 
-2.6123425293964482325e-06 
-7.6528728667975806924e-07 
1.1044834878364697457e-09 
 1.356008739499668356e-09 
-0.0020150200320101646634 
-0.0020165269187417031969 
-2.1310683083173485572e-06 
-6.2431258532622670947e-07 
2.8431749594799122419e-09 
2.3370272554608723819e-09 
-0.0020175055494196778884 
 -0.002018672589988621327 
-1.6535670174196027927e-06 
-4.8446038441376654373e-07 
7.6990539596142969123e-09 
5.1379468626889471372e-09 
-0.0020194021070794004706 
-0.0020202282684050631469 
-1.1789395762689319461e-06 
-3.4553216873240988188e-07 
1.8604948475300028209e-08 
1.1026388353643958386e-08 
-0.0020207063195445957964 
-0.0020211860672863023007 
-7.0639002937652823446e-07 
-2.0715944805983945604e-07 
3.7591543496479382119e-08 
1.8622279090569764704e-08 
-0.0020214145015663769964 
-0.0020215665815269704894 
 -2.35273538814925354e-07 
-6.8347828406989321347e-08 
2.7002069040486488766e-08 
9.2711462359669986008e-09 
-0.0019991266923242274021 
-0.0020020169444429454161 
-4.0871220044241212516e-06 
-1.1972634685513807514e-06 
4.0300704624268212586e-10 
-4.0300702489185845975e-10 
-0.0020040039421765900793 
-0.0020065427251431612772 
-3.5896164801171247194e-06 
-1.0515695572472106089e-06 
1.6796823238958283961e-10 
-1.6796824576800057426e-10 
 -0.002008274001243412054 
 -0.002010465615974591988 
-3.0982443286195200148e-06 
-9.0762568026463700268e-07 
-3.474571684034964942e-11 
3.4745716522732443802e-11 
-0.0020119439636696531681 
-0.0020137916707443415977 
-2.6123444134543616271e-06 
-7.6529185211790591472e-07 
6.3291507853202828744e-11 
 -6.32914947419614722e-11 
-0.0020150191509410173354 
-0.0020165253124904496639 
-2.1310691319282241868e-06 
-6.2432129153802997389e-07 
6.1169851544177262814e-10 
-6.116984905517850567e-10 
-0.0020175031897897151116 
-0.0020186688947171137036 
-1.653559995302322126e-06 
-4.8447878149397911268e-07 
1.9357219792259456223e-09 
-1.9357219830830747565e-09 
-0.0020193974251310120235 
 -0.002020222227839680619 
-1.178903166048204961e-06 
-3.4556629984145678199e-07 
4.4340932148642645102e-09 
-4.4340932291403166219e-09 
-0.0020207022095143855299 
 -0.002021188639227057722 
-7.0629016665972709593e-07 
-2.0719101310656522806e-07 
6.0756835842069840125e-09 
-6.0756835783697615085e-09 
-0.0020214223850351003067 
-0.0020215822234101242343 
-2.352074242427987378e-07 
-6.8328369731728062715e-08 
4.9667246543182689067e-09 
-4.9667246687076174654e-09 
-0.0019991264690274760871 
-0.0020020162364993137477 
-4.0871322736317424549e-06 
-1.1972586275094948815e-06 
-3.250233780815989003e-09 
-4.5563069356676332416e-09 
-0.0020040031054147653192 
-0.0020065420221279930621 
-3.5896206340280338278e-06 
-1.0515640740245744731e-06 
-2.2008163582983552426e-09 
-2.4126738603579850886e-09 
-0.0020082734769000065538 
-0.0020104654441635461289 
-3.0982435888862577464e-06 
-9.0762184582256210541e-07 
-1.3738449224440110822e-09 
-9.5491725411697468775e-10 
-0.0020119440597014108009 
-0.0020137921476069318115 
-2.6123425293961217013e-06 
-7.6528728668003060209e-07 
-1.3560087296684803649e-09 
-1.104483486166417318e-09 
 -0.002015020032010174638 
-0.0020165269187416867171 
-2.1310683083168572781e-06 
-6.2431258532581780431e-07 
-2.3370272393776399084e-09 
-2.8431749684546820946e-09 
-0.0020175055494196483981 
-0.0020186725899885762242 
-1.6535670174199145008e-06 
-4.8446038441380603664e-07 
-5.1379468717868908005e-09 
-7.6990539846337244977e-09 
-0.0020194021070793566688 
-0.0020202282684050375597 
-1.178939576269475106e-06 
-3.4553216873213719021e-07 
-1.1026388362131857175e-08 
-1.8604948466289655675e-08 
 -0.002020706319544575847 
-0.0020211860672862754125 
-7.0639002937614357562e-07 
-2.0715944805965694691e-07 
-1.862227908643658472e-08 
-3.7591543498570421916e-08 
-0.0020214145015663436029 
 -0.002021566581526927555 
-2.3527353881590251238e-07 
-6.8347828407252378016e-08 
-9.2711462548554842543e-09 
-2.7002069070575200092e-08 
-0.0019991366795228900956 
-0.0020020229885896255288 
-4.0871875469414516551e-06 
-1.1972314435894864132e-06 
-8.8742666970579695956e-09 
-1.3714894298465823267e-08 
-0.0020040095182824019769 
-0.0020065509276708131704 
-3.589624353747627324e-06 
-1.0515579846218499464e-06 
-3.4988834397856090945e-09 
-1.2254852898621391654e-09 
-0.0020082834826852646176 
-0.0020104759738154109709 
-3.0982419582861893416e-06 
-9.0761445182479654405e-07 
-2.0448313894024187192e-09 
-1.109472406142063412e-09 
-0.0020119551430853930933 
-0.0020138042224916853466 
-2.6123372689023294227e-06 
-7.6527770661672026608e-07 
-1.8976529196298798315e-09 
-6.5995978010197504932e-10 
-0.0020150331188047891987 
-0.0020165417854524042389 
-2.1310645862525859514e-06 
-6.2429334162556102598e-07 
-3.6600341148599513471e-09 
-2.402725925462326111e-09 
-0.0020175225105907041573 
-0.0020186935058577053399 
-1.6535787029917575964e-06 
-4.844146210825848275e-07 
-8.9965593493595475538e-09 
-7.6613081877962443214e-09 
-0.0020194271318399420294 
-0.0020202605873837794874 
-1.179019026386464757e-06 
-3.4542634790707887501e-07 
-2.2132932272349000186e-08 
-2.2605293811211907718e-08 
-0.0020207434015824823036 
-0.0020212288570071092891 
-7.0665088692525609842e-07 
-2.0694463087891935602e-07 
-5.0773970956011192722e-08 
-6.445069388080887303e-08 
-0.0020214147906722954549 
-0.0020214449333437961923 
-2.360972011366673509e-07 
-6.8024599663916907749e-08 
-7.8835171419903165831e-08 
-2.1987638437098986248e-07 
-0.0019981056252982984031 
-0.0020010078076121489907 
-4.0872781827355266434e-06 
-1.1970830616192323392e-06 
-1.3638309363963571011e-08 
-2.8847787440401939346e-09 
-0.0020029999216167083953 
-0.0020055409021510436397 
-3.5895979016174131328e-06 
-1.0515061535147018915e-06 
-1.4636975077890515785e-09 
2.6240606209604972141e-10 
-0.0020072736116920997067 
-0.0020094669812439625023 
-3.0982328639299461763e-06 
-9.0761062107567719423e-07 
-1.6935432470699723402e-09 
1.2712119773125214964e-10 
-0.0020109464671170685507 
-0.0020127955676813853551 
-2.6123200379984647668e-06 
-7.6527691910379851585e-07 
-1.0773111345505496202e-09 
2.0140560644531210341e-10 
-0.0020140247574377142213 
-0.0020155342267853832566 
-2.1310503834438731377e-06 
-6.2428333200970339013e-07 
-2.2775799860671214541e-09 
-2.1070927534822105635e-10 
-0.0020165165424596547677 
-0.0020176911069208773759 
-1.653575177832944449e-06 
-4.8437783067318771003e-07 
-6.2355503401947575086e-09 
-1.3618357028758236785e-09 
-0.0020184312563157748126 
-0.0020192790776910290833 
-1.179089737269127359e-06 
-3.4528658141449036041e-07 
-1.8367327963774148141e-08 
-4.7018161084148419909e-09 
-0.0020197873141337844075 
 -0.002020328300107485358 
-7.0670980445091294401e-07 
-2.0678320469652258254e-07 
-5.5514920233591959039e-08 
-1.4716877094573494238e-08 
-0.0020206443195470717884 
 -0.002020986879188628807 
-2.4292651846997018304e-07 
-6.3260280451071747715e-08 
-2.1016180775609476295e-07 
-5.7951381277648188232e-08 
