-0.0031828422278532757066 
 0.0031828413658983359912 
   0.30304163637823339217 
    1.1111382422562734451 
   -25.777228319836513748 
   -26.587532798446119386 
-0.0031828417872049150246 
 0.0031828415648290950095 
   0.30304163557474800283 
    1.1111382411985375462 
   -25.777228313385492697 
   -26.587532791406292887 
-0.0031828417216534137316 
 0.0031828417209742100764 
   0.30304163554764934618 
    1.1111382411747796617 
   -25.777228312610933614 
   -26.587532790725962428 
-0.0031828415652828054294 
 0.0031828417873667009738 
   0.30304163557472657553 
    1.1111382411985635255 
   -25.777228313384508596 
   -26.587532791405998012 
 -0.003182841365683784958 
 0.0031828422276040774751 
   0.30304163637821607269 
    1.1111382422562983141 
   -25.777228319838098258 
   -26.587532798447323756 
-0.0032672606957223726369 
 0.0032672682257156833788 
   0.30560792807532238813 
    1.1206527129142542787 
   -27.196309304588762501 
   -28.019827795238331447 
-0.0032672651177375611198 
 0.0032672665273741170397 
   0.30560792783172791021 
     1.120652712496862824 
   -27.196309298231277296 
   -28.019827791410477857 
-0.0032672658427337943066 
 0.0032672658444157383871 
   0.30560792781077555924 
     1.120652712470778134 
   -27.196309297600191002 
   -28.019827790816531632 
 -0.003267266525989770843 
 0.0032672651182509551346 
   0.30560792783172807674 
    1.1206527124968561626 
   -27.196309298230946894 
    -28.01982779140927704 
-0.0032672682259569608629 
 0.0032672606943964619015 
    0.3056079280753137839 
    1.1206527129142571653 
   -27.196309304589398437 
   -28.019827795237901569 
-0.0030314685065769577353 
 0.0030314798478230636086 
   0.28264446236083617947 
    1.0398107041155397745 
   -28.602160496636663822 
   -29.367201558269723449 
-0.0030314740487823645804 
 0.0030314770492831126167 
   0.28264446232291356997 
     1.039810704000261099 
   -28.602160494726472706 
   -29.367201559025463808 
-0.0030314757225981445697 
  0.003031475722319513285 
   0.28264446231478079774 
    1.0398107039808228702 
   -28.602160494267746316 
   -29.367201558902099379 
-0.0030314770496077465996 
 0.0030314740483297760928 
   0.28264446232290757477 
    1.0398107040002648738 
   -28.602160494724895301 
   -29.367201559023744295 
-0.0030314798483327353405 
 0.0030314685059966896968 
   0.28264446236085916109 
    1.0398107041155577601 
   -28.602160496635811171 
   -29.367201558268789086 
 -0.002768691621027966239 
 0.0027686976004679098549 
   0.25786928397886826891 
   0.94939182618936168723 
   -29.903127799595655034 
   -30.601861958660833807 
-0.0027686930588190403722 
 0.0027686960031740471405 
   0.25786928396712216482 
   0.94939182613854378179 
   -29.903127801254910878 
   -30.601861960121322426 
-0.0027686946376252971093 
 0.0027686946357254904084 
   0.25786928396386166185 
   0.94939182612576378251 
   -29.903127801328050595 
   -30.601861960396202988 
-0.0027686960047107224414 
 0.0027686930582503459751 
   0.25786928396711483735 
   0.94939182613854744552 
   -29.903127801253543083 
   -30.601861960120942285 
-0.0027686976003968213206 
 0.0027686916218874545008 
   0.25786928397887431963 
   0.94939182618936956981 
   -29.903127799594980019 
   -30.601861958660958152 
-0.0025031806837424422536 
 0.0025031841096612946797 
   0.23306784545804745679 
   0.85827800696786249457 
   -31.088809158113555497 
   -31.720545059080460959 
-0.0025031812719429665653 
 0.0025031832454683877742 
   0.23306784545289629951 
   0.85827800694180378382 
   -31.088809159393388626 
   -31.720545060063312093 
-0.0025031822464159358965 
 0.0025031822454441117129 
   0.23306784545133335529 
   0.85827800693389999509 
   -31.088809159730409704 
   -31.720545060368415591 
-0.0025031832463083118247 
 0.0025031812715190209645 
   0.23306784545290640254 
   0.85827800694179501306 
   -31.088809159393520076 
      -31.720545060063845 
-0.0025031841104490647025 
 0.0025031806815590173718 
   0.23306784545804956621 
   0.85827800696786604728 
   -31.088809158113512865 
    -31.72054505907902211 
-0.0022422188025874988798 
  0.002242220812840779124 
   0.20875016246094377226 
   0.76878136100710747769 
   -32.158814947987544031 
   -32.724693452403265326 
-0.0022422191063400671168 
 0.0022422203207518825833 
   0.20875016245810731896 
   0.76878136099211813459 
   -32.158814948788659649 
   -32.724693453003844468 
-0.0022422196867670639471 
 0.0022422196868519795286 
   0.20875016245718552854 
   0.76878136098714222602 
   -32.158814949061067523 
   -32.724693453218726802 
-0.0022422203205683124104 
 0.0022422191068096376798 
   0.20875016245810706916 
   0.76878136099212024401 
   -32.158814948789441246 
   -32.724693453004931598 
-0.0022422208122764991645 
 0.0022422188031113224858 
   0.20875016246095254302 
    0.7687813610071100312 
   -32.158814947985568722 
   -32.724693452401233174 
-0.0019875198548409082205 
 0.0019875210424771336953 
   0.18503210399212829951 
   0.68144817793280798579 
     -33.1153223857827399 
    -33.61692217549755668 
-0.0019875200263005416042 
 0.0019875207547240059461 
   0.18503210399031611022 
   0.68144817792345957486 
   -33.115322386264736565 
   -33.616922175855719956 
-0.0019875203707828102695 
 0.0019875203712183858902 
   0.18503210398970368344 
   0.68144817792018586022 
   -33.115322386443310165 
   -33.616922175992606014 
-0.0019875207544815831108 
 0.0019875200260356428242 
   0.18503210399032438138 
   0.68144817792345302454 
   -33.115322386265724219 
    -33.61692217585619602 
-0.0019875210425696191764 
 0.0019875198557506132575 
   0.18503210399211006409 
   0.68144817793283929408 
   -33.115322385781041703 
   -33.616922175496931402 
-0.0017390877190520824709 
 0.0017390884168278829356 
   0.16190164532129169839 
   0.59626785547502336726 
   -33.961080406760338235 
   -34.399982563719625261 
-0.0017390878194933350083 
 0.0017390882510115550363 
   0.16190164532003992193 
   0.59626785546877125732 
   -33.961080407047468555 
   -34.399982563936362112 
 -0.001739088019607331996 
 0.0017390880222417821627 
   0.16190164531959638783 
   0.59626785546652727454 
   -33.961080407158000583 
   -34.399982564016440278 
-0.0017390882498072594755 
 0.0017390878167888887493 
   0.16190164532004519549 
   0.59626785546876004407 
   -33.961080407046338792 
   -34.399982563931310153 
-0.0017390884201489839253 
 0.0017390877179155619058 
   0.16190164532130629782 
    0.5962678554749951676 
   -33.961080406760864037 
   -34.399982563722282691 
-0.0014963761939442111679 
 0.0014963766075033616346 
   0.13930106750839355012 
   0.51304084746081002333 
   -34.698779613810408762 
   -35.076422369508605925 
-0.0014963762498779076444 
 0.0014963765079182805677 
   0.13930106750747944799 
   0.51304084745642708487 
   -34.698779613984235937 
   -35.076422369635281484 
-0.0014963763711182034421 
 0.0014963763708763179374 
   0.13930106750713810992 
   0.51304084745483580221 
   -34.698779614046891595 
   -35.076422369680891222 
 -0.001496376507307845688 
 0.0014963762529147767947 
   0.13930106750747556221 
   0.51304084745643396825 
   -34.698779613978580016 
   -35.076422369632069831 
-0.0014963766047536588254 
 0.0014963761934393326938 
   0.13930106750839507668 
   0.51304084746079758883 
   -34.698779613812689604 
    -35.07642236950760406 
-0.0012579789765206858022 
 0.0012579792202345894611 
   0.11715574048706937915 
   0.43151336893398961614 
   -35.330845228573181771 
    -35.64848380934590466 
-0.0012579790136115626131 
 0.0012579791618160429852 
   0.11715574048633424498 
   0.43151336893085812108 
   -35.330845228673965153 
   -35.648483809422977231 
-0.0012579790831054209806 
  0.001257979083283567107 
   0.11715574048609114777 
   0.43151336892965092007 
   -35.330845228709712558 
   -35.648483809448705983 
-0.0012579791619071727798 
 0.0012579790127681851619 
   0.11715574048635195303 
   0.43151336893083530599 
   -35.330845228671371672 
   -35.648483809419573731 
-0.0012579792206529087032 
  0.001257978978003064692 
   0.11715574048704793797 
   0.43151336893402558736 
   -35.330845228571732264 
   -35.648483809346430462 
-0.0010269505608255101621 
 0.0010269507029174609978 
  0.095455414841850369512 
   0.35168914833348813298 
   -35.859426988811087256 
   -36.118384893813008318 
 -0.001026950579669566252 
 0.0010269506682563170341 
  0.095455414841296909456 
    0.3516891483310808364 
   -35.859426988873025266 
   -36.118384893857282236 
-0.0010269506215540491131 
   0.00102695062239368997 
  0.095455414841105007406 
   0.35168914833017539401 
   -35.859426988893439159 
   -36.118384893872999442 
-0.0010269506669290573344 
 0.0010269505822579785923 
  0.095455414841299476847 
   0.35168914833107961515 
   -35.859426988869785191 
   -36.118384893855321138 
-0.0010269507004411016025 
 0.0010269505617857743653 
  0.095455414841872379683 
   0.35168914833346182069 
   -35.859426988811769377 
    -36.11838489381212014 
-0.0039430013015800072923 
 0.0039430038302486177318 
   -1.9819662118922354299 
  -0.55037544456699405426 
    23.756878620953742143 
    22.302081851720060968 
-0.0039430106059925324608 
 0.0039430044937458462451 
   -1.9819662117488283659 
  -0.55037544450254671791 
    23.756878636711164177 
    22.302081857592195746 
-0.0039430068354346491794 
 0.0039430068327906036066 
   -1.9819662117313794347 
  -0.55037544449187003615 
    23.756878636258402793 
    22.302081858577576412 
-0.0039430044959911378713 
 0.0039430106049605905677 
   -1.9819662117488510145 
  -0.55037544450253950146 
    23.756878636714027664 
    22.302081857593826442 
-0.0039430038290773506554 
 0.0039430013076894856669 
   -1.9819662118922543037 
   -0.5503754445669772899 
    23.756878620958005399 
    22.302081851719300687 
-0.0041599929899570117081 
 0.0041599924674418694431 
   -2.1014259636318213254 
  -0.55946486544796314444 
     21.21378682934447113 
    19.659167546019720163 
-0.0041599940954160485179 
 0.0041599924084412421427 
   -2.1014259635809762194 
    -0.559464865431394065 
    21.213786831226421725 
    19.659167546889484868 
-0.0041599935523746996505 
 0.0041599935517971208671 
   -2.1014259635699041873 
  -0.55946486542704021439 
      21.2137868325207819 
    19.659167547590424618 
-0.0041599924089202695507 
 0.0041599940951857847932 
   -2.1014259635809722226 
  -0.55946486543139317682 
     21.21378683122757991 
    19.659167546890376599 
-0.0041599924675932544241 
 0.0041599929896985066852 
   -2.1014259636318288749 
  -0.55946486544796381057 
    21.213786829341941598 
    19.659167546017261685 
-0.0048357169023367637881 
 0.0048357161900992413558 
   -2.4056169193738496936 
  -0.61537592494505244378 
    18.434721548102476874 
    16.629426227874819944 
-0.0048357169921456446063 
 0.0048357162938046588732 
   -2.4056169193482075386 
  -0.61537592493754345035 
    18.434721548537233105 
    16.629426228134242649 
 -0.004835716743646560449 
  0.004835716744655150362 
   -2.4056169193409124851 
  -0.61537592493521697801 
     18.43472154894874393 
    16.629426228348439309 
-0.0048357162929264013371 
 0.0048357169927175794669 
   -2.4056169193481986568 
  -0.61537592493754278422 
    18.434721548538142599 
    16.629426228135496757 
-0.0048357161900623125625 
 0.0048357169012219749712 
   -2.4056169193738319301 
  -0.61537592494505388707 
    18.434721548100455379 
    16.629426227873988609 
 -0.005824629570188777708 
 0.0058246289745935058216 
   -2.8700141716949043591 
  -0.63308105236063394461 
    15.157595339715848937 
    12.908539719515291111 
-0.0058246295199257591343 
 0.0058246291030655296395 
   -2.8700141716798337477 
  -0.63308105235631217944 
    15.157595339886162478 
    12.908539719618147501 
-0.0058246293406470934367 
   0.00582462934273334388 
   -2.8700141716749820731 
  -0.63308105235487366347 
    15.157595340007279816 
    12.908539719682313063 
-0.0058246291012365430245 
 0.0058246295210782816562 
   -2.8700141716798293068 
  -0.63308105235630829366 
    15.157595339887787844 
    12.908539719620465647 
-0.0058246289740739570079 
 0.0058246295696767896866 
   -2.8700141716948972537 
  -0.63308105236062983678 
     15.15759533971579387 
    12.908539719516282318 
  -0.01416491148340307156 
  0.014164910959752786968 
   -4.4027210755966610378 
  -0.41753562591722065411 
    10.757506012587709776 
    6.5451520445877493515 
 -0.014164911416764073421 
  0.014164911081615107549 
   -4.4027210755858083857 
   -0.4175356259141805304 
    10.757506012648306637 
    6.5451520446010853505 
 -0.014164911264120727541 
  0.014164911262828972643 
   -4.4027210755820558319 
  -0.41753562591311432772 
    10.757506012682130248 
    6.5451520446091109307 
 -0.014164911082374938983 
  0.014164911417481038103 
   -4.4027210755858252611 
  -0.41753562591417697769 
    10.757506012650345895 
    6.5451520446016520083 
 -0.014164910958203201854 
  0.014164911485765466562 
   -4.4027210755966672551 
  -0.41753562591722315211 
    10.757506012588773814 
    6.5451520445879722843 
   -23.756878632307959265 
   -22.302081855672980737 
   -0.5503754444462187756 
   -1.9819662116903291604 
 0.0039430063074416083976 
-0.0039430063103714080297 
   -21.213786830289624419 
   -19.659167546151419259 
  -0.55946486540777939922 
   -2.1014259635397336545 
 0.0041599931653946526852 
-0.0041599931575453134511 
   -18.434721547917888529 
   -16.629426227639630298 
  -0.61537592492514525677 
   -2.4056169193132328488 
 0.0048357165909665624642 
-0.0048357165929284644593 
   -15.157595339479707164 
    -12.90853971932773625 
  -0.63308105234796407945 
   -2.8700141716466807118 
  0.005824629265969276555 
-0.0058246292658248269986 
   -10.757506012442609844 
   -6.5451520445155368932 
  -0.41753562590937742804 
   -4.4027210755440284728 
  0.014164911208722100883 
 -0.014164911208181496863 
   -23.756878632307071086 
   -22.302081855667047705 
  -0.55037544444625186024 
     -1.98196621169049636 
  0.003943006310317694052 
-0.0039430063124290754342 
   -21.213786830285748408 
   -19.659167546158187179 
  -0.55946486540782125463 
   -2.1014259635398633286 
 0.0041599931604009154906 
-0.0041599931517544543394 
   -18.434721547926642415 
   -16.629426227643463676 
  -0.61537592492517434462 
   -2.4056169193133407624 
 0.0048357165920062863268 
-0.0048357165967783397389 
   -15.157595339481476415 
   -12.908539719328862461 
  -0.63308105234798905947 
    -2.870014171646761536 
 0.0058246292667818097555 
-0.0058246292656137406418 
   -10.757506012443315058 
   -6.5451520445157731487 
  -0.41753562590941112331 
   -4.4027210755441483769 
  0.014164911207455636519 
 -0.014164911209820853916 
   -23.756878632301216214 
   -22.302081855675030653 
  -0.55037544444627128915 
   -1.9819662116905392146 
 0.0039430063114950612835 
-0.0039430062973802018286 
   -21.213786830293958729 
   -19.659167546153138773 
  -0.55946486540783491037 
   -2.1014259635399192838 
 0.0041599931653432311446 
-0.0041599931600747302313 
   -18.434721547918446305 
   -16.629426227639779512 
  -0.61537592492518478071 
   -2.4056169193134069317 
 0.0048357165880151603207 
-0.0048357165961939313492 
   -15.157595339478991292 
   -12.908539719325222705 
  -0.63308105234799705308 
    -2.870014171646825929 
 0.0058246292663796956496 
-0.0058246292671447295192 
   -10.757506012440133603 
   -6.5451520445149498073 
  -0.41753562590942977506 
   -4.4027210755441839041 
  0.014164911206539657421 
  -0.01416491120834010263 
   -23.756878632304626819 
   -22.302081855662081011 
  -0.55037544444626629314 
   -1.9819662116904972482 
 0.0039430063256990699125 
-0.0039430062996257909599 
   -21.213786830278618112 
    -19.65916754614764983 
  -0.55946486540781936725 
   -2.1014259635398846449 
 0.0041599931557579411176 
-0.0041599931597394992563 
   -18.434721547917394702 
   -16.629426227640546898 
  -0.61537592492516046683 
   -2.4056169193133531969 
 0.0048357165909472940232 
-0.0048357165914308421206 
   -15.157595339480858243 
   -12.908539719328222972 
  -0.63308105234798195404 
   -2.8700141716467650888 
 0.0058246292648264580763 
 -0.005824629267596726466 
   -10.757506012442805243 
   -6.5451520445156035066 
  -0.41753562590940368482 
   -4.4027210755441563705 
  0.014164911208149628258 
 -0.014164911208764638037 
   -23.756878632300530541 
    -22.30208185566147705 
  -0.55037544444622543693 
     -1.98196621169032694 
 0.0039430063186290421895 
-0.0039430063033603903952 
    -21.21378683028008183 
   -19.659167546151476103 
  -0.55946486540778206376 
   -2.1014259635397465331 
 0.0041599931605410724739 
-0.0041599931528120597315 
   -18.434721547919540541 
   -16.629426227636098901 
  -0.61537592492514181508 
   -2.4056169193132177497 
 0.0048357165939716924632 
-0.0048357165951582268409 
   -15.157595339474504215 
    -12.90853971932313371 
  -0.63308105234795808425 
   -2.8700141716466776032 
 0.0058246292652071761028 
-0.0058246292660336686231 
   -10.757506012439105092 
   -6.5451520445145652261 
  -0.41753562590938531063 
   -4.4027210755440160384 
  0.014164911207917295008 
 -0.014164911206410448277 
    36.118384893755148823 
    35.859426988734732333 
  0.095455414842569794032 
   0.35168914833647119123 
 -0.001026950709731415997 
  0.001026950570231862812 
    35.648483809249817966 
    35.330845228441482675 
   0.11715574048793984951 
   0.43151336893801323091 
-0.0012579792356031559066 
  0.001257978993595050294 
    35.076422369344214758 
    34.698779613592293458 
   0.13930106750957960138 
   0.51304084746631528624 
-0.0014963766312451069664 
 0.0014963762196268447051 
    34.399982563447494499 
    33.961080406394266618 
    0.1619016453229190633 
   0.59626785548301097784 
-0.0017390884618473005999 
 0.0017390877616111567912 
    33.616922175039441356 
     33.11532238516672777 
   0.18503210399449657175 
   0.68144817794506185038 
-0.0019875211163300418593 
 0.0019875199289557140929 
    32.724693451624332852 
    32.158814946920550426 
   0.20875016246482777649 
   0.76878136102728511503 
-0.0022422209483306029115 
 0.0022422189388567742574 
    31.720545057690276991 
    31.088809156126689714 
   0.23306784546531186808 
   0.85827800700483491969 
-0.0025031843933090115392 
 0.0025031809670394006284 
    30.601861955850687025 
    29.903127795127115718 
    0.2578692839961972405 
   0.94939182627003004811 
-0.0027686983978867079487 
 0.0027686924185840143531 
    29.367201550367767027 
     28.60216048098522279 
   0.28264446240253449094 
    1.0398107043367406099 
-0.0030314836342072476634 
 0.0030314722919738343321 
    28.019827774044447466 
    27.196309275292769314 
   0.30560792938544201203 
    1.1206527157702459441 
-0.0032672713830452439383 
 0.0032672638507615131727 
    26.587532768943514583 
    25.777228298646885918 
   0.30304162895824787727 
    1.1111381614655968519 
-0.0031828412225029384386 
 0.0031828420851686359955 
    36.118384893706696914 
    35.859426988672012726 
   0.09545541484314544467 
    0.3516891483388306372 
-0.0010269506903163509552 
 0.0010269506021516078709 
    35.648483809172475389 
    35.330845228338773722 
   0.11715574048865178003 
   0.43151336894120517762 
-0.0012579792005455220274 
 0.0012579790515446927744 
    35.076422369216473385 
     34.69877961342148609 
   0.13930106751048937364 
   0.51304084747069023109 
-0.0014963765714237132511 
 0.0014963763190464919161 
    34.399982563234274835 
    33.961080406108109742 
   0.16190164532416542742 
   0.59626785548923288971 
 -0.001739088362267807511 
 0.0017390879291382433953 
    33.616922174680659907 
     33.11532238468215894 
   0.18503210399629604899 
   0.68144817795443646258 
-0.0019875209464483129494 
 0.0019875202170392780414 
    32.724693451020478108 
      32.1588149461161521 
   0.20875016246766364691 
   0.76878136104228667058 
-0.0022422206448256881348 
 0.0022422194307111392199 
    31.720545056705834241 
    31.088809154849968763 
    0.2330678454704756819 
   0.85827800703087708811 
 -0.002503183801769605539 
 0.0025031818299177223744 
    30.601861954394120602 
    29.903127793469430173 
   0.25786928400795000593 
   0.94939182632086693836 
-0.0027686969613945453146 
 0.0027686940169291767398 
    29.367201549612786948 
    28.602160482896291427 
   0.28264446244048196943 
    1.0398107044520101816 
-0.0030314780917948466743 
 0.0030314750906490603617 
    28.019827777872890806 
    27.196309281649991618 
   0.30560792962902938452 
    1.1206527161876744803 
-0.0032672669595531678328 
 0.0032672655513740849441 
    26.587532775983039102 
    25.777228305098343952 
   0.30304162976174237043 
    1.1111381625233169856 
-0.0031828416618731331794 
 0.0031828418868025238307 
    36.118384893692820015 
    35.859426988649374834 
  0.095455414843343605602 
   0.35168914833974546097 
-0.0010269506509731560207 
  0.001026950649539171579 
    35.648483809142831547 
    35.330845228298684901 
   0.11715574048891513881 
   0.43151336894237318775 
-0.0012579791307940951708 
   0.00125797913082828592 
    35.076422369166749604 
    34.698779613355867468 
    0.1393010675108413976 
   0.51304084747227707286 
-0.0014963764522374566838 
 0.0014963764528950710547 
    34.399982563152114778 
    33.961080405996661113 
      0.16190164532460391 
   0.59626785549148519916 
-0.0017390881599140353177 
 0.0017390881589629428143 
    33.616922174543248047 
    33.115322384503095066 
   0.18503210399691610855 
   0.68144817795771783775 
-0.0019875206009758550167 
 0.0019875206014919729811 
    32.724693450804892336 
    32.158814945842280508 
   0.20875016246857389102 
   0.76878136104727345934 
-0.0022422200643488574695 
 0.0022422200653706893941 
    31.720545056398393058 
    31.088809154508886934 
   0.23306784547202660796 
   0.85827800703879830735 
-0.0025031828296899079865 
 0.0025031828292272177705 
    30.601861954115495479 
     29.90312779339512872 
   0.25786928401121106402 
   0.94939182633363194963 
-0.0027686953816184914183 
 0.0027686953827838903588 
    29.367201549736005717 
    28.602160483355273612 
   0.28264446244860846891 
    1.0398107044714572922 
-0.0030314764179966194844 
 0.0030314764171862720356 
    28.019827778467877977 
    27.196309282283895215 
   0.30560792964999794474 
    1.1206527162137298603 
-0.0032672662326767801938 
 0.0032672662344992021814 
    26.587532776667313072 
    25.777228305878089998 
   0.30304162978884130464 
    1.1111381625470755363 
-0.0031828417275546572011 
 0.0031828417292593148835 
    36.118384893709631456 
     35.85942698867323486 
  0.095455414843117314394 
   0.35168914833885994708 
-0.0010269506029865909952 
 0.0010269506911109915672 
    35.648483809173249881 
    35.330845228339825326 
   0.11715574048864992041 
   0.43151336894118980103 
-0.0012579790515975118517 
 0.0012579792002133775592 
    35.076422369217048924 
    34.698779613420441592 
    0.1393010675104922047 
   0.51304084747069911288 
-0.0014963763177934157143 
 0.0014963765742811948635 
    34.399982563232093469 
    33.961080406104457552 
   0.16190164532416720378 
   0.59626785548923755265 
-0.0017390879295505617952 
  0.001739088363329964167 
    33.616922174677121404 
    33.115322384680460743 
   0.18503210399629393956 
   0.68144817795444545538 
-0.0019875202171916583199 
 0.0019875209444523249391 
    32.724693451019767565 
    32.158814946116265787 
   0.20875016246766375794 
   0.76878136104228145253 
-0.0022422194299998327721 
 0.0022422206447079181917 
    31.720545056705642395 
    31.088809154848053851 
   0.23306784547046605072 
   0.85827800703089085488 
-0.0025031818297596114369 
 0.0025031838036258776195 
    30.601861954391864629 
    29.903127793468026852 
   0.25786928400795278149 
   0.94939182632084928581 
-0.0027686940160667936582 
 0.0027686969614345814314 
    29.367201549611873901 
    28.602160482895882865 
   0.28264446244048108126 
    1.0398107044520150666 
-0.0030314750916563062977 
  0.003031478090266707514 
    28.019827777872919228 
    27.196309281650709266 
   0.30560792962903121639 
    1.1206527161876791432 
-0.0032672655497919815722 
 0.0032672669604371842172 
    26.587532775984414002 
    25.777228305100834405 
   0.30304162976173804056 
    1.1111381625233107684 
-0.0031828418855019188077 
 0.0031828416620767042804 
    36.118384893752313758 
    35.859426988732487018 
  0.095455414842579577872 
   0.35168914833644315809 
-0.0010269505690509051366 
 0.0010269507103810283054 
    35.648483809247160536 
    35.330845228437333105 
   0.11715574048794462347 
   0.43151336893802016981 
-0.0012579789934868581928 
 0.0012579792371963328858 
    35.076422369340605201 
    34.698779613591646864 
   0.13930106750958218265 
   0.51304084746631650749 
 -0.001496376217277293379 
 0.0014963766306315508855 
    34.399982563448325834 
     33.96108040639622061 
   0.16190164532291820287 
   0.59626785548300154094 
-0.0017390877604090920847 
 0.0017390884619446623886 
    33.616922175040976128 
    33.115322385166003016 
   0.18503210399449951384 
   0.68144817794506007402 
-0.0019875199307969096917 
 0.0019875211167622573206 
      32.7246934516225636 
    32.158814946918226951 
   0.20875016246481653548 
    0.7687813610272974385 
-0.0022422189390811698463 
 0.0022422209486381823942 
    31.720545057688866564 
    31.088809156128274225 
   0.23306784546531517099 
   0.85827800700482581586 
-0.0025031809656472620539 
 0.0025031843917106924059 
    30.601861955853070896 
    29.903127795128686017 
   0.25786928399619885033 
   0.94939182627003659842 
 -0.002768692418547236047 
 0.0027686983987365884445 
    29.367201550368807972 
    28.602160480985602931 
   0.28264446240252305564 
    1.0398107043367446067 
-0.0030314722934547235281 
 0.0030314836333704378753 
    28.019827774045083402 
     27.19630927529478015 
   0.30560792938543779318 
    1.1206527157702537156 
 -0.003267263850617850747 
 0.0032672713818020170627 
     26.58753276894605122 
    25.777228298649607297 
   0.30304162895827008173 
    1.1111381614655833072 
-0.0031828420854073035881 
 0.0031828412221278864526 
     -6.54515204457650146 
    -10.75750601253215244 
   -4.4027210756108701162 
  -0.41753562592119330965 
  -0.01416491093111440884 
  0.014164911457289517532 
   -12.908539719440060622 
   -15.157595339632139897 
   -2.8700141717154648013 
  -0.63308105236644307556 
-0.0058246289629277914202 
 0.0058246295586230891969 
   -16.629426227866023424 
   -18.434721548308139916 
   -2.4056169194112086984 
  -0.61537592495547188687 
-0.0048357162847263209654 
 0.0048357169952644033298 
   -19.659167546954481764 
    -21.21378683206144089 
   -2.1014259637185030982 
  -0.55946486547387064281 
-0.0041599933284351226989 
 0.0041599938509657794633 
   -22.302081860637024135 
   -23.756878645072099232 
   -1.9819662121541670174 
  -0.55037544460139187219 
-0.0039430113138497167868 
 0.0039430087952103025709 
   -6.5451520445633999401 
   -10.757506012472688894 
   -4.4027210756217600718 
  -0.41753562592423848487 
 -0.014164911000211053912 
  0.014164911333806954816 
   -12.908539719338246954 
   -15.157595339461673589 
   -2.8700141717305283073 
  -0.63308105237076284233 
-0.0058246290117122331842 
 0.0058246294304293523211 
   -16.629426227606010968 
   -18.434721547872733538 
   -2.4056169194368410835 
  -0.61537592496297999212 
 -0.004835716193587993178 
 0.0048357168928406333436 
   -19.659167546083626377 
    -21.21378683017729827 
   -2.1014259637693597504 
  -0.55946486549043872305 
-0.0041599922228137322516 
 0.0041599939090046916812 
    -22.30208185476353222 
   -23.756878629316673823 
   -1.9819662122975780782 
  -0.55037544466582644098 
-0.0039430020139991465988 
 0.0039430081304768840877 
   -6.5451520445559507877 
   -10.757506012441004017 
   -4.4027210756255215074 
  -0.41753562592530174546 
 -0.014164911153627859214 
  0.014164911153399106433 
   -12.908539719276927116 
   -15.157595339343821195 
   -2.8700141717353968573 
  -0.63308105237219869377 
 -0.005824629191000533536 
  0.005824629191160164525 
   -16.629426227395001092 
   -18.434721547463745139 
   -2.4056169194441534565 
  -0.61537592496530746367 
 -0.004835716441050497659 
 0.0048357164423949447821 
   -19.659167545385020759 
   -21.213786828885304203 
    -2.101425963780443773 
  -0.55946486549480012318 
-0.0041599927672185980573 
 0.0041599927643200243152 
   -22.302081853780421739 
   -23.756878629771367883 
   -1.9819662123150181277 
  -0.55037544467650567626 
 -0.003943005784706220436 
 0.0039430057910377581606 
   -6.5451520445635198442 
   -10.757506012473109891 
   -4.4027210756217423082 
  -0.41753562592423565381 
 -0.014164911333904284946 
  0.014164911000425389406 
   -12.908539719338929075 
   -15.157595339462796247 
   -2.8700141717305269751 
  -0.63308105237075751326 
-0.0058246294301048948464 
 0.0058246290124741723071 
   -16.629426227607147837 
   -18.434721547873493819 
   -2.4056169194368388631 
  -0.61537592496298210154 
-0.0048357168916359103902 
 0.0048357161944281197574 
   -19.659167546084564293 
   -21.213786830179085285 
   -2.1014259637693566418 
  -0.55946486549043783487 
-0.0041599939115889630198 
 0.0041599922210864420657 
   -22.302081854765461344 
   -23.756878629318098461 
   -1.9819662122975745255 
  -0.55037544466582133396 
-0.0039430081243097348312 
 0.0039430020196883526495 
   -6.5451520445769659773 
   -10.757506012533999851 
   -4.4027210756108976497 
  -0.41753562592119775054 
 -0.014164911456480324542 
  0.014164910933275130095 
   -12.908539719442019944 
   -15.157595339633052944 
   -2.8700141717154723509 
  -0.63308105236644240943 
-0.0058246295580883008375 
 0.0058246289624027964421 
   -16.629426227866080268 
   -18.434721548306907124 
   -2.4056169194112091425 
  -0.61537592495547244198 
-0.0048357169950263897279 
 0.0048357162836836845021 
   -19.659167546953028705 
   -21.213786832060627319 
   -2.1014259637184928842 
  -0.55946486547387030974 
-0.0041599938521414006956 
 0.0041599933279149181597 
   -22.302081860636970845 
   -23.756878645073435052 
    -1.981966212154159912 
  -0.55037544460138521085 
-0.0039430087891878674161 
 0.0039430113212649145829 
  0.014164911210548884399 
 -0.014164911205652717593 
  -0.41753562590932369325 
   -4.4027210755439281087 
    6.5451520445151691874 
    10.757506012441492516 
  0.014164911210321035409 
 -0.014164911206831241886 
  -0.41753562590932979948 
   -4.4027210755437726775 
    6.5451520445153850147 
    10.757506012442455301 
  0.014164911209123328545 
 -0.014164911206967261553 
  -0.41753562590930493048 
   -4.4027210755437522494 
    6.5451520445149640182 
    10.757506012440982701 
  0.014164911209435198866 
 -0.014164911206490958528 
  -0.41753562590930376475 
   -4.4027210755438135337 
    6.5451520445149604654 
    10.757506012440885002 
   0.01416491120969118854 
 -0.014164911207058161063 
  -0.41753562590933368526 
   -4.4027210755439192269 
    6.5451520445153521521 
    10.757506012442206611 
 0.0058246292666536084864 
-0.0058246292660048513967 
  -0.63308105234792355631 
    -2.870014171646542156 
    12.908539719326640238 
    15.157595339479357222 
   0.00582462926647158135 
-0.0058246292653939026052 
  -0.63308105234789158189 
   -2.8700141716464258046 
    12.908539719327553286 
    15.157595339479398078 
 0.0058246292671984547726 
-0.0058246292651229977788 
  -0.63308105234788225602 
   -2.8700141716463942743 
    12.908539719325862194 
    15.157595339478140417 
 0.0058246292666820969827 
-0.0058246292673501277176 
  -0.63308105234789047167 
   -2.8700141716464320218 
    12.908539719326391548 
    15.157595339480401719 
 0.0058246292647121744937 
-0.0058246292669020547153 
  -0.63308105234791722804 
   -2.8700141716465350505 
    12.908539719327162487 
    15.157595339478836749 
 0.0048357165906953826842 
-0.0048357165903159726392 
  -0.61537592492510884146 
   -2.4056169193131036188 
    16.629426227638496982 
    18.434721547913738959 
 0.0048357165967271159568 
-0.0048357165892058103299 
  -0.61537592492507531272 
   -2.4056169193129788297 
    16.629426227639967806 
     18.43472154792002371 
 0.0048357165951384874225 
 -0.004835716593262692764 
   -0.6153759249250647656 
   -2.4056169193129446349 
    16.629426227639754643 
    18.434721547922265472 
 0.0048357165915731692429 
  -0.00483571659294613522 
  -0.61537592492507386943 
   -2.4056169193129868233 
    16.629426227641260994 
    18.434721547919927787 
 0.0048357165924140504271 
-0.0048357165946061519621 
  -0.61537592492510484465 
   -2.4056169193131022865 
    16.629426227639761748 
    18.434721547921025575 
 0.0041599931657963782131 
-0.0041599931542333429615 
  -0.55946486540773521234 
   -2.1014259635395782233 
    19.659167546145134509 
    21.213786830280323414 
 0.0041599931624232387717 
-0.0041599931562151413675 
  -0.55946486540769413409 
   -2.1014259635394649806 
    19.659167546152602313 
    21.213786830286348817 
 0.0041599931617993307284 
-0.0041599931545441863265 
  -0.55946486540767936813 
    -2.101425963539427233 
     19.65916754615487605 
    21.213786830286281315 
 0.0041599931650429565824 
-0.0041599931493155961962 
  -0.55946486540769135853 
   -2.1014259635394729742 
    19.659167546150435157 
    21.213786830279897089 
 0.0041599931692572686415 
-0.0041599931499508215754 
  -0.55946486540771922513 
   -2.1014259635395950987 
    19.659167546154289852 
    21.213786830288704266 
 0.0039430063163615088062 
-0.0039430063050838485769 
  -0.55037544444616048889 
   -1.9819662116901446414 
    22.302081855663839605 
    23.756878632302242949 
 0.0039430063146483600861 
-0.0039430063070936618996 
   -0.5503754444461117501 
   -1.9819662116899912085 
    22.302081855669403154 
    23.756878632308065846 
 0.0039430063135604724936 
-0.0039430063053019128588 
  -0.55037544444610153604 
   -1.9819662116899474658 
    22.302081855667431398 
    23.756878632303141785 
 0.0039430063131160502168 
-0.0039430063148371682566 
  -0.55037544444613295536 
   -1.9819662116899952053 
    22.302081855663661969 
    23.756878632308524146 
 0.0039430063036620119701 
-0.0039430063147926413744 
  -0.55037544444615194017 
   -1.9819662116901604065 
    22.302081855670849109 
    23.756878632306332122 
    24.624637381381923262 
    25.315885282606863882 
  -0.26017404797464854793 
  -0.94844678413775540538 
 0.0022459521249240102167 
-0.0022459521357286646968 
    24.624637381386197177 
    25.315885282608167728 
  -0.26017404797467597044 
  -0.94844678413785021842 
 0.0022459521227238665037 
-0.0022459521348843027901 
    24.624637381377709744 
     25.31588528260230575 
  -0.26017404797467758026 
  -0.94844678413788641169 
 0.0022459521237465471417 
-0.0022459521364078349585 
       24.624637381387668 
    25.315885282609514206 
  -0.26017404797467102995 
  -0.94844678413785021842 
 0.0022459521222852659589 
-0.0022459521351854507855 
     24.62463738138579572 
    25.315885282605403717 
  -0.26017404797464843691 
  -0.94844678413776817294 
 0.0022459521252939981112 
-0.0022459521299896109334 
    24.624637381383472245 
    25.315885282608736162 
   0.94844678413765171054 
   0.26017404797461718413 
 0.0022459521322416076995 
-0.0022459521287671408915 
    24.624637381388367885 
    25.315885282610956608 
   0.94844678413755245661 
   0.26017404797459420251 
 0.0022459521292912472575 
-0.0022459521291004840536 
    24.624637381383351453 
     25.31588528260861537 
   0.94844678413753136237 
   0.26017404797458926202 
 0.0022459521288998710899 
 -0.002245952132198495918 
    24.624637381390545698 
    25.315885282611713336 
   0.94844678413756411395 
   0.26017404797460025323 
 0.0022459521263153139556 
-0.0022459521306677347231 
    24.624637381385646506 
    25.315885282608647344 
   0.94844678413766703162 
   0.26017404797462279076 
  0.002245952128696272667 
 -0.002245952130053764477 
    25.315885281240397831 
    24.624637392116422774 
  -0.94844678921390712656 
  -0.26017405068905574694 
-0.0022459303815373487384 
 0.0022459588028494719553 
    25.315885282102698284 
     24.62463737816545617 
  -0.94844678957138783826 
  -0.26017405091764195246 
-0.0022459511368719980474 
 0.0022459527163628941956 
    25.315885282951029467 
     24.62463737911088657 
  -0.94844678958591777107 
  -0.26017405092957707202 
-0.0022459518715283633035 
 0.0022459518818117359812 
    25.315885282100175857 
    24.624637378163850343 
  -0.94844678957139261222 
  -0.26017405091763978753 
-0.0022459527064175159074 
 0.0022459511459111168932 
    25.315885281237825666 
    24.624637392114376411 
  -0.94844678921388969606 
  -0.26017405068906429566 
 -0.002245958794338142727 
 0.0022459303895576553795 
-0.0022459738681324913079 
 0.0022459454612741742985 
  -0.94844678453457142986 
  -0.26017404826208667679 
   -24.624637372893730003 
   -25.315885289312131334 
-0.0022459531144359634949 
 0.0022459515449209446758 
  -0.94844678417707850571 
  -0.26017404803349897247 
   -24.624637386844064224 
    -25.31588528844798347 
-0.0022459523816887681097 
 0.0022459523813195599734 
  -0.94844678416255545628 
  -0.26017404802156174348 
   -24.624637385897457875 
   -25.315885287602245768 
-0.0022459515443962125084 
 0.0022459531174199905829 
  -0.94844678417708738749 
  -0.26017404803349725162 
   -24.624637386841797593 
    -25.31588528844819308 
-0.0022459454565573787679 
 0.0022459738751223292698 
  -0.94844678453457986755 
  -0.26017404826207501944 
   -24.624637372888642517 
   -25.315885289309346007 
4.1906674838513767155e-12 
4.5676382876361721182e-12 
-1.7178457681539268013e-11 
-4.6677010703980131831e-12 
   -36.993744686160411561 
   -36.993744686173329228 
 4.148676140512971697e-12 
3.0107802604147398464e-12 
-1.6286809125585758629e-11 
-4.4379969644243150668e-12 
   -36.993744686165108249 
   -36.993744686175851655 
1.4338766290510740508e-12 
-1.3928433066332482072e-12 
-1.5950628354951929376e-11 
-4.3395477367523142807e-12 
   -36.993744686166770919 
   -36.993744686175574543 
-2.9492690801978590654e-12 
-3.9842476201697417745e-12 
-1.6271387289218465146e-11 
-4.4358358751652097897e-12 
   -36.993744686166238012 
   -36.993744686177059577 
-4.4086645677043111566e-12 
-4.1415670578035835341e-12 
-1.719578065628708483e-11 
-4.6639058280036148606e-12 
   -36.993744686158542834 
    -36.99374468617136813 
     36.99374468616812095 
    36.993744686154677481 
-1.8282267131891903837e-11 
-4.9645763651419831265e-12 
-4.1962988490540882174e-12 
-4.1046420413776891547e-12 
    36.993744686164092172 
    36.993744686148474443 
-1.9175407740477431046e-11 
-5.1964499763565605759e-12 
-3.6929066136186813289e-12 
-2.0957948872913940696e-12 
    36.993744686162344237 
    36.993744686146705192 
-1.9508210059091297919e-11 
-5.2883623603778831293e-12 
-1.2283919337506034267e-12 
1.7833861266131514565e-13 
    36.993744686163672952 
      36.9937446861484176 
-1.9191428566083570095e-11 
-5.1977288454605891564e-12 
9.1019463420529542714e-13 
2.1306458679495055063e-12 
    36.993744686168035685 
    36.993744686153583245 
-1.8302121157492174492e-11 
-4.9545324878874041787e-12 
2.7590614708792929501e-12 
3.8304983486300593984e-12 
0.00028472955903647206638 
-0.00028472955532952179229 
 -0.026645619216456466194 
 -0.098094618736457389607 
   -36.969081881610016183 
   -36.896920225855836861 
0.00028472955951229744591 
-0.00028472955686055680244 
 -0.026645619216687638914 
 -0.098094618737285060872 
   -36.969081881614002327 
   -36.896920225857215314 
0.00028472955759216618272 
-0.00028472955793475737251 
 -0.026645619216754738018 
 -0.098094618737631492089 
   -36.969081881612019913 
    -36.89692022585580844 
0.00028472955660387860594 
-0.00028472955958865319706 
 -0.026645619216676571378 
 -0.098094618737300021127 
   -36.969081881612908091 
   -36.896920225856270292 
0.00028472955501994526338 
-0.00028472956021797926965 
 -0.026645619216446710109 
  -0.09809461873646163621 
   -36.969081881611721485 
   -36.896920225856653985 
0.00059427671616162015995 
-0.00059427671665973885035 
 -0.055323304556630405193 
  -0.20375474963175571608 
   -36.815602657916279838 
    -36.66562034403395387 
0.00059427671287544685166 
-0.00059427671617180851619 
 -0.055323304556842083091 
  -0.20375474963240119974 
   -36.815602657917928298 
   -36.665620344038977407 
 0.0005942767144205617991 
-0.00059427671544589385361 
 -0.055323304556913394103 
  -0.20375474963266612671 
   -36.815602657916365104 
   -36.665620344036412348 
0.00059427671460504768921 
-0.00059427671590670211148 
 -0.055323304556845261104 
  -0.20375474963240258752 
   -36.815602657916493001 
   -36.665620344036071288 
0.00059427671432309863743 
-0.00059427671502336866603 
 -0.055323304556651561881 
  -0.20375474963171474885 
   -36.815602657918056195 
   -36.665620344039290046 
0.00090597424986446444244 
-0.00090597424884352384042 
  -0.08424450078269794806 
  -0.31033974185763552045 
   -36.527181543060294189 
    -36.29868628661946417 
0.00090597425113263740058 
-0.00090597425047956995671 
  -0.08424450078283401977 
  -0.31033974185822260639 
   -36.527181543065232461 
   -36.298686286621020258 
0.00090597424936629587875 
-0.00090597424969102570511 
 -0.084244500782908501857 
  -0.31033974185841789462 
   -36.527181543063164781 
   -36.298686286621396846 
0.00090597425105407882167 
-0.00090597424813912831414 
 -0.084244500782837059005 
  -0.31033974185821200376 
   -36.527181543062681612 
   -36.298686286620920782 
0.00090597425072829764446 
-0.00090597425337585126177 
  -0.08424450078267467501 
  -0.31033974185762625009 
   -36.527181543064912717 
    -36.29868628661863994 
    36.298686286624800346 
    36.527181543063470315 
 -0.084244500782525794103 
  -0.31033974185685964109 
0.00090597424626091198167 
-0.00090597425090297269753 
    36.665620344035822598 
    36.815602657916173257 
 -0.055323304556426929068 
  -0.20375474963085987712 
0.00059427671478906195137 
-0.00059427671678617774876 
    36.896920225854643149 
    36.969081881607706919 
 -0.026645619216170143145 
 -0.098094618735424632394 
0.00028472955517674187684 
-0.00028472955883272982412 
    36.298686286624153752 
    36.527181543064997982 
 -0.084244500782351752766 
  -0.31033974185630797127 
0.00090597425030763251413 
-0.00090597424939971207391 
    36.665620344036490508 
    36.815602657912450013 
  -0.05532330455624461657 
  -0.20375474963016787511 
0.00059427671360695849111 
-0.00059427671408668586005 
    36.896920225849584085 
    36.969081881603372608 
 -0.026645619215943345398 
 -0.098094618734586455644 
0.00028472955649816011209 
-0.00028472955884137883011 
    36.298686286620977626 
    36.527181543062347657 
 -0.084244500782286235729 
  -0.31033974185610274654 
0.00090597425063413490262 
-0.00090597424973400575605 
    36.665620344035460221 
    36.815602657915455609 
 -0.055323304556163466206 
  -0.20375474962990403061 
0.00059427671617906052768 
-0.00059427671571213834534 
    36.896920225852852582 
    36.969081881603415241 
 -0.026645619215865130186 
 -0.098094618734253888337 
 0.0002847295570700865701 
-0.00028472955529775255444 
    36.298686286621204999 
    36.527181543062745561 
 -0.084244500782341219525 
  -0.31033974185634022325 
 0.0009059742500556154654 
-0.00090597425026841833101 
    36.665620344034969946 
    36.815602657912535278 
 -0.055323304556232716367 
  -0.20375474963017159435 
0.00059427671397293928279 
-0.00059427671530513893287 
    36.896920225850202257 
    36.969081881603933937 
 -0.026645619215939518598 
 -0.098094618734577518349 
0.00028472956062506764091 
-0.00028472955465566731964 
    36.298686286621581587 
    36.527181543063441893 
  -0.08424450078248384155 
  -0.31033974185693963266 
0.00090597424959732786916 
-0.00090597425058749079044 
     36.66562034403577286 
    36.815602657913444773 
 -0.055323304556428642975 
  -0.20375474963085415947 
 0.0005942767154977232711 
-0.00059427671339825228342 
    36.896920225851623343 
     36.96908188160664821 
 -0.026645619216166455123 
 -0.098094618735428795731 
0.00028472955998269558042 
-0.0002847295559610402301 
   -36.298686286473255791 
      -36.527181542940518 
  0.084244500794040402814 
   0.31033974189928853482 
-0.00090597420140918353063 
0.00090597429333007413466 
   -36.665620343932118885 
   -36.815602657836947742 
  0.055323304567620829042 
   0.20375474967200601917 
-0.00059427668875547943507 
0.00059427673725558104786 
   -36.896920225795462045 
   -36.969081881578951254 
  0.026645619227201648715 
  0.098094618776027167617 
-0.00028472954681083733654 
0.00028472956796675457812 
    -36.29868628650707052 
   -36.527181542963695904 
  0.084244500793525495252 
   0.31033974189716218017 
-0.00090597421426316605744 
0.00090597427144766180286 
   -36.665620343949456128 
   -36.815602657848849333 
  0.055323304567208894666 
   0.20375474967040485552 
-0.00059427669771587132534 
0.00059427672406454359281 
     -36.8969202258044362 
   -36.969081881585324822 
  0.026645619226878504426 
  0.098094618774766662028 
-0.00028472954829244991222 
 0.0002847295648199919425 
   -36.298686286520968736 
   -36.527181542973181649 
  0.084244500793327098398 
   0.31033974189637308916 
-0.00090597424078450923025 
0.00090597424111520054226 
   -36.665620343958124749 
   -36.815602657859670899 
  0.055323304567060853365 
   0.20375474966979781333 
-0.00059427671149489427836 
0.00059427671288347721189 
   -36.896920225814099581 
   -36.969081881589701766 
  0.026645619226747078306 
  0.098094618774278816153 
-0.00028472955381169827351 
0.00028472955437811091296 
   -36.298686286508662135 
   -36.527181542965450944 
   0.08424450079352877041 
   0.31033974189716773129 
-0.0009059742710681353145 
0.00090597421481087496258 
   -36.665620343950671156 
   -36.815602657848444323 
  0.055323304567218553607 
   0.20375474967039922114 
-0.00059427672326513043127 
0.00059427669690450700326 
   -36.896920225803867766 
   -36.969081881585999838 
  0.026645619226868113433 
  0.098094618774768077563 
-0.00028472956381117965965 
0.00028472955052899332797 
   -36.298686286474335816 
   -36.527181542941150383 
  0.084244500794033796987 
   0.31033974189929464105 
-0.00090597429288412681912 
 0.0009059742013836378843 
   -36.665620343933241543 
   -36.815602657839768597 
  0.055323304567619892291 
   0.20375474967202092391 
-0.00059427673805114247275 
0.00059427668966046699999 
   -36.896920225797799731 
   -36.969081881578240711 
  0.026645619227207421875 
  0.098094618776020089945 
-0.00028472956639289423268 
0.00028472954534987691489 
-0.00028472957056831482139 
 0.0002847295466241391319 
  0.026645619227606259088 
  0.098094618777592554326 
    36.969081881571661086 
    36.896920225784597847 
-0.00028472956669295645385 
0.00028472955228192966572 
  0.026645619227936803708 
  0.098094618778863107433 
     36.96908188156374564 
    36.896920225773953916 
-0.00028472955994979362235 
0.00028472956027768140438 
  0.026645619228062841777 
  0.098094618779356115845 
    36.969081881561372427 
    36.896920225769960666 
-0.00028472955191027172041 
0.00028472956717754137378 
  0.026645619227942139717 
  0.098094618778868672426 
    36.969081881563766956 
    36.896920225773868651 
-0.00028472954675208154767 
0.00028472956864928993231 
   0.02664561922761798235 
  0.098094618777606487625 
    36.969081881570936332 
    36.896920225785656555 
-0.00059427674020795073339 
0.00059427669401601417292 
   0.05532330456813720071 
   0.20375474967405282634 
    36.815602657821223431 
    36.665620343906653034 
-0.00059427673273773672438 
0.00059427670363860444092 
  0.055323304568536832426 
   0.20375474967565568307 
    36.815602657808327081 
    36.665620343890410027 
-0.00059427672063618345796 
0.00059427672044749357393 
  0.055323304568679405879 
   0.20375474967627171807 
    36.815602657801868247 
    36.665620343878757126 
-0.00059427670344892327085 
0.00059427673396508849495 
  0.055323304568533133996 
   0.20375474967566623019 
    36.815602657807829701 
    36.665620343888861044 
-0.00059427669243159700514 
0.00059427674174971983293 
  0.055323304568127416869 
   0.20375474967403892079 
    36.815602657822957156 
    36.665620343908450707 
-0.00090597429887807022497 
0.00090597420753053250955 
  0.084244500794678350841 
   0.31033974190193336362 
    36.527181542906468792 
     36.29868628642552153 
-0.00090597428489842845353 
0.00090597423095113845896 
  0.084244500795198073995 
   0.31033974190405672067 
    36.527181542884946452 
    36.298686286392957356 
-0.00090597425812078487446 
0.00090597425759067712423 
  0.084244500795395721449 
   0.31033974190484109323 
    36.527181542871254294 
    36.298686286378817556 
-0.00090597423112182104595 
 0.0009059742856854833366 
  0.084244500795191898379 
   0.31033974190405821947 
    36.527181542882686927 
    36.298686286389717282 
-0.00090597420667942437159 
0.00090597429894946439593 
  0.084244500794678461864 
   0.31033974190193441833 
    36.527181542908543577 
    36.298686286428377912 
   -36.118384893973207284 
    -35.85942698899454939 
 -0.095455414831670110098 
  -0.35168914829611547246 
  0.001026950632569982938 
-0.0010269506351610873524 
   -35.648483809541986034 
   -35.330845228780603406 
  -0.11715574047621966913 
  -0.43151336889452635015 
 0.0012579791072183175559 
-0.0012579791068762233644 
   -35.076422369722401129 
   -34.698779614030399898 
  -0.13930106749667323096 
  -0.51304084741826194715 
 0.0014963764127769799139 
-0.0014963764134028924302 
   -34.399982563938017677 
   -33.961080406968484624 
   -0.1619016453082664786 
  -0.59626785542817517527 
 0.0017390880895483279162 
-0.0017390880904839690207 
   -33.616922175688742414 
    -33.11532238593794375 
   -0.1850321039770326248 
  -0.68144817787971045941 
 0.0019875204848765100352 
-0.0019875204865050098875 
   -32.724693452512276792 
   -32.158814948006664736 
  -0.20875016244237387664 
  -0.76878136094420579383 
 0.0022422198741890945334 
-0.0022422198756087015868 
   -31.720545058983201869 
   -31.088809157788872994 
  -0.23306784543242867191 
  -0.85827800688829214426 
 0.0025031825380328800307 
-0.0025031825369523346553 
   -30.601861957985452278 
   -29.903127798190613618 
  -0.25786928393620717204 
  -0.94939182607725047802 
 0.0027686950095070521002 
 -0.002768695011442512139 
   -29.367201555247881117 
   -28.602160489926280462 
   -0.2826444622684167185 
    -1.039810703928632174 
 0.0030314760686395419292 
-0.0030314760693428690827 
   -28.019827786075218512 
    -27.19630929245290929 
  -0.30560792773535228051 
   -1.1206527124148193408 
 0.0032672660337514525947 
-0.0032672660398820147984 
   -26.587532785455280759 
   -25.777228307412652697 
  -0.30304163545878126662 
   -1.1111382411237422652 
 0.0031828416634462125198 
 -0.003182841668801066233 
   -36.118384893975253647 
     -35.8594269889915509 
 -0.095455414831780924234 
  -0.35168914829653230569 
 0.0010269506367086881585 
-0.0010269506357617834945 
   -35.648483809537381717 
   -35.330845228776624367 
   -0.1171557404763221566 
  -0.43151336889488434156 
 0.0012579791065089880424 
-0.0012579791067001862281 
   -35.076422369719892913 
   -34.698779614031352025 
  -0.13930106749676623989 
  -0.51304084741857614027 
  0.001496376410951419161 
-0.0014963764115561778087 
   -34.399982563940341151 
   -33.961080406971134948 
   -0.1619016453083312046 
  -0.59626785542845206489 
 0.0017390880894943439722 
-0.0017390880900156199199 
   -33.616922175691563268 
   -33.115322385941048822 
  -0.18503210397710864732 
  -0.68144817787995293212 
 0.0019875204854596022035 
-0.0019875204854790575609 
   -32.724693452514884484 
    -32.15881494800757423 
  -0.20875016244242053376 
  -0.76878136094443627613 
 0.0022422198756413568889 
 -0.002242219875678523773 
   -31.720545058983010023 
   -31.088809157787416382 
   -0.2330678454324845994 
  -0.85827800688848621125 
 0.0025031825374325924159 
 -0.002503182538672871129 
   -30.601861957984606732 
   -29.903127798192681297 
  -0.25786928393626701306 
   -0.9493918260774201201 
 0.0027686950068958053779 
-0.0027686950110472970284 
   -29.367201555250534994 
   -28.602160489927605624 
  -0.28264446226846084986 
   -1.0398107039287871611 
   0.00303147606951077557 
-0.0030314760696821992092 
   -28.019827786076842102 
   -27.196309292456660955 
  -0.30560792773540185197 
   -1.1206527124149538999 
 0.0032672660337345919498 
-0.0032672660376871485478 
   -26.587532785459913498 
   -25.777228307417551889 
  -0.30304163545881057651 
   -1.1111382411238590606 
 0.0031828416657331375095 
-0.0031828416661593989662 
   -36.118384893976191563 
   -35.859426988993817531 
 -0.095455414831825374788 
   -0.3516891482966996163 
  0.001026950634908824515 
-0.0010269506361159648055 
    -35.64848380954001783 
   -35.330845228778962053 
  -0.11715574047635519961 
  -0.43151336889502067695 
 0.0012579791069384578701 
-0.0012579791064783252871 
   -35.076422369721214523 
   -34.698779614030208052 
  -0.13930106749679971312 
  -0.51304084741870514819 
 0.0014963764132909500738 
-0.0014963764115775921026 
   -34.399982563938124258 
   -33.961080406968342515 
  -0.16190164530836667622 
   -0.5962678554285680832 
  0.001739088089982120458 
-0.0017390880900257021328 
    -33.61692217568835872 
   -33.115322385937211891 
  -0.18503210397712641089 
  -0.68144817788005340731 
 0.0019875204864502117076 
-0.0019875204850425560316 
   -32.724693452510891234 
   -32.158814948003836776 
  -0.20875016244244198882 
   -0.7687813609445247609 
 0.0022422198751463002023 
-0.0022422198758569301079 
   -31.720545058980189168 
   -31.088809157786847948 
   -0.2330678454325067761 
  -0.85827800688854083422 
 0.0025031825361353614301 
-0.0025031825376929401489 
   -30.601861957984901608 
   -29.903127798193139597 
  -0.25786928393628527623 
  -0.94939182607748207054 
 0.0027686950084621114905 
-0.0027686950092649059534 
   -29.367201555251277512 
   -28.602160489928969866 
  -0.28264446226847322885 
   -1.0398107039288486675 
  0.003031476068979511735 
-0.0030314760695434850822 
   -28.019827786077723175 
   -27.196309292455499218 
   -0.3056079277354090129 
    -1.120652712415024066 
 0.0032672660360101085306 
-0.0032672660373858609072 
   -26.587532785457050011 
   -25.777228307412165975 
  -0.30304163545882883968 
   -1.1111382411238936996 
 0.0031828416675911759721 
-0.0031828416668053857025 
   -36.118384893974933902 
   -35.859426988992481711 
 -0.095455414831773499618 
  -0.35168914829654518428 
 0.0010269506350255098222 
-0.0010269506361717912427 
   -35.648483809538944911 
   -35.330845228778599676 
  -0.11715574047632076882 
  -0.43151336889488534077 
  0.001257979107304089874 
-0.0012579791054912030108 
   -35.076422369721157679 
   -34.698779614030193841 
  -0.13930106749676351985 
  -0.51304084741858135832 
 0.0014963764123888335846 
-0.0014963764125281628879 
   -34.399982563938735325 
   -33.961080406970658885 
  -0.16190164530833964229 
  -0.59626785542846527655 
 0.0017390880903866419264 
-0.0017390880879857636022 
   -33.616922175691023256 
    -33.11532238593910904 
  -0.18503210397710251334 
  -0.68144817787996514458 
 0.0019875204863859597185 
-0.0019875204859245306464 
   -32.724693452512298109 
   -32.158814948004604162 
  -0.20875016244241964558 
  -0.76878136094442095505 
 0.0022422198748263092068 
 -0.002242219876895642193 
    -31.72054505898034904 
   -31.088809157785956216 
  -0.23306784543249309261 
  -0.85827800688847288857 
 0.0025031825375462606054 
-0.0025031825373877758349 
   -30.601861957983498286 
   -29.903127798191331266 
  -0.25786928393626679101 
  -0.94939182607741579023 
 0.0027686950101593653731 
-0.0027686950080223994217 
   -29.367201555249327072 
   -28.602160489927097586 
  -0.28264446226846645649 
    -1.039810703928786717 
 0.0030314760693726399733 
-0.0030314760691340799335 
    -28.01982778607639446 
   -27.196309292455616458 
  -0.30560792773539419143 
   -1.1206527124149658903 
 0.0032672660361046188676 
-0.0032672660358881110663 
   -26.587532785458638074 
   -25.777228307416233832 
  -0.30304163545882062403 
   -1.1111382411238526213 
 0.0031828416669281104495 
-0.0031828416650192246397 
   -36.118384893974820216 
    -35.85942698899279435 
  -0.09545541483166100627 
  -0.35168914829611436224 
 0.0010269506349267858419 
-0.0010269506361664079621 
   -35.648483809538674905 
   -35.330845228776368572 
  -0.11715574047622573373 
  -0.43151336889450847556 
 0.0012579791076947049316 
-0.0012579791073363639706 
   -35.076422369718990524 
   -34.698779614030264895 
  -0.13930106749667775512 
  -0.51304084741827005178 
 0.0014963764121450411852 
-0.0014963764107661010373 
   -34.399982563938529267 
    -33.96108040696751118 
  -0.16190164530826151035 
  -0.59626785542817939412 
 0.0017390880918730822376 
-0.0017390880896464213246 
   -33.616922175687392382 
   -33.115322385937140837 
  -0.18503210397703859225 
  -0.68144817787971456724 
 0.0019875204857380821336 
-0.0019875204851009090935 
   -32.724693452512148895 
   -32.158814948007815815 
  -0.20875016244236591079 
  -0.76878136094420235214 
 0.0022422198746746288892 
-0.0022422198738606476283 
   -31.720545058984782827 
    -31.08880915779038645 
  -0.23306784543244185581 
  -0.85827800688828759235 
 0.0025031825373948166438 
-0.0025031825376781542333 
   -30.601861957987580354 
   -29.903127798194454101 
  -0.25786928393621177946 
  -0.94939182607725913776 
 0.0027686950108508122728 
-0.0027686950083931141653 
   -29.367201555252290035 
   -28.602160489930614773 
  -0.28264446226842138143 
   -1.0398107039286177411 
 0.0030314760699200562523 
 -0.003031476068166636794 
   -28.019827786079737564 
   -27.196309292457947038 
  -0.30560792773535111477 
   -1.1206527124148326635 
  0.003267266037715836971 
-0.0032672660353747972825 
   -26.587532785460126661 
   -25.777228307416475417 
  -0.30304163545877926822 
   -1.1111382411237449297 
 0.0031828416691179499051 
 -0.003182841664152514724 
 0.0031828416690709592819 
-0.0031828416653995445472 
   -0.3030416354587452954 
   -1.1111382411236037093 
     25.77722830741890192 
    26.587532785463643847 
 0.0031828416677765637016 
-0.0031828416655930629256 
  -0.30304163545871126706 
   -1.1111382411234944634 
    25.777228307419623121 
      26.5875327854631891 
 0.0031828416676928689318 
-0.0031828416664642315143 
  -0.30304163545869522434 
   -1.1111382411234633771 
    25.777228307418592834 
    26.587532785462926199 
  0.003182841666531972466 
 -0.003182841667639691851 
  -0.30304163545870232976 
   -1.1111382411235086742 
    25.777228307420166686 
       26.587532785464564 
 0.0031828416650504444581 
-0.0031828416699479305206 
  -0.30304163545874457375 
   -1.1111382411236150336 
    25.777228307418212694 
    26.587532785463505292 
  0.003267266037786862188 
-0.0032672660354114940566 
  -0.30560792773530276456 
   -1.1206527124146514751 
    27.196309292461858576 
    28.019827786083631338 
 0.0032672660377896030511 
-0.0032672660351724665088 
  -0.30560792773525724542 
   -1.1206527124145240215 
     27.19630929246081763 
    28.019827786082252885 
 0.0032672660377434034618 
-0.0032672660362185333878 
  -0.30560792773525163879 
   -1.1206527124144689544 
    27.196309292461226192 
    28.019827786083627785 
 0.0032672660366776314252 
-0.0032672660363548050241 
  -0.30560792773526818111 
   -1.1206527124145144736 
    27.196309292462522933 
    28.019827786084015031 
  0.003267266036224027257 
-0.0032672660386085421516 
  -0.30560792773530276456 
    -1.120652712414655916 
    27.196309292462501617 
     28.01982778608591218 
 0.0030314760707069142442 
-0.0030314760683138623418 
  -0.28264446226836220655 
   -1.0398107039284369968 
    28.602160489934806975 
    29.367201555257310019 
 0.0030314760698715568533 
-0.0030314760700825777243 
  -0.28264446226831713149 
   -1.0398107039282769026 
    28.602160489933599052 
    29.367201555256926326 
 0.0030314760685893481391 
-0.0030314760690971077721 
  -0.28264446226831185793 
   -1.0398107039282060704 
    28.602160489934501442 
    29.367201555255476819 
 0.0030314760697881830073 
 -0.003031476069544465201 
  -0.28264446226832623532 
   -1.0398107039282595832 
    28.602160489935165799 
    29.367201555257832268 
 0.0030314760688369543282 
-0.0030314760702488383927 
  -0.28264446226836575926 
   -1.0398107039284318898 
    28.602160489937713095 
     29.36720155526026943 
 0.0027686950102891140155 
-0.0027686950083710614931 
  -0.25786928393615432542 
  -0.94939182607701533279 
    29.903127798199481191 
    30.601861957991847163 
 0.0027686950107856105226 
-0.0027686950071353876035 
  -0.25786928393611602273 
  -0.94939182607684091675 
    29.903127798199069076 
    30.601861957990543317 
 0.0027686950112672929249 
-0.0027686950094851356038 
  -0.25786928393608543608 
  -0.94939182607678962444 
    29.903127798197822074 
    30.601861957992117169 
 0.0027686950087883683072 
-0.0027686950095103367991 
  -0.25786928393610458743 
  -0.94939182607685235205 
    29.903127798199903964 
    30.601861957991783214 
 0.0027686950096353787031 
-0.0027686950086840958138 
  -0.25786928393615438093 
  -0.94939182607703287431 
    29.903127798202330467 
    30.601861957994362484 
 0.0025031825374544416918 
-0.0025031825365103626754 
  -0.23306784543237113461 
  -0.85827800688804378737 
    31.088809157793914295 
    31.720545058987028142 
  0.002503182538351001428 
-0.0025031825374535405029 
  -0.23306784543230338325 
  -0.85827800688786637373 
    31.088809157792901772 
    31.720545058987742237 
 0.0025031825370112371909 
-0.0025031825380115372941 
   -0.2330678454322907267 
  -0.85827800688777966531 
    31.088809157795189719 
    31.720545058989191745 
 0.0025031825365915017639 
-0.0025031825388145160713 
  -0.23306784543231176543 
  -0.85827800688782518446 
     31.08880915779415588 
    31.720545058988552256 
 0.0025031825363276672368 
-0.0025031825372621514976 
  -0.23306784543237943352 
  -0.85827800688802446949 
    31.088809157796170268 
    31.720545058988882658 
  0.002242219877405277062 
-0.0022422198751326253771 
  -0.20875016244228405959 
  -0.76878136094395266298 
     32.15881494801097773 
    32.724693452519169057 
 0.0022422198755311754936 
-0.0022422198746454486719 
  -0.20875016244222580064 
  -0.76878136094371196663 
    32.158814948011389845 
    32.724693452517030323 
  0.002242219876422916168 
-0.0022422198749731166861 
  -0.20875016244220928607 
  -0.76878136094363791475 
    32.158814948012960144 
    32.724693452519765913 
 0.0022422198755976158364 
-0.0022422198759453663107 
  -0.20875016244222291406 
  -0.76878136094372984122 
     32.15881494801256224 
    32.724693452519588277 
 0.0022422198745788903679 
-0.0022422198769790598408 
  -0.20875016244228802864 
  -0.76878136094394300404 
    32.158814948012370394 
    32.724693452519559855 
 0.0019875204868086459101 
-0.0019875204847928573323 
  -0.18503210397695432632 
   -0.6814481778794126976 
     33.11532238594575972 
    33.616922175696551278 
 0.0019875204864681843102 
-0.0019875204861432536896 
  -0.18503210397689093258 
  -0.68144817787917189023 
    33.115322385942974392 
    33.616922175694604391 
 0.0019875204853105994315 
-0.0019875204857177620164 
   -0.1850321039768571818 
  -0.68144817787907285833 
    33.115322385945567873 
    33.616922175695528097 
 0.0019875204861186253867 
-0.0019875204854634272687 
  -0.18503210397688377165 
  -0.68144817787915745733 
    33.115322385945660244 
    33.616922175696238639 
  0.001987520485875781881 
-0.0019875204865353181087 
  -0.18503210397694624945 
  -0.68144817787941081022 
    33.115322385946079464 
    33.616922175697688147 
 0.0017390880903089664302 
-0.0017390880877405836408 
  -0.16190164530816486543 
  -0.59626785542782767546 
    33.961080406975518997 
    34.399982563942806735 
 0.0017390880917351378941 
-0.0017390880910855767601 
  -0.16190164530808517918 
  -0.59626785542755389447 
    33.961080406975526103 
    34.399982563947389735 
 0.0017390880880181170624 
-0.0017390880910245782448 
  -0.16190164530806264165 
  -0.59626785542743754309 
    33.961080406974446078 
    34.399982563942444358 
 0.0017390880892591963503 
-0.0017390880903434247605 
  -0.16190164530808942578 
  -0.59626785542754834335 
    33.961080406975611368 
    34.399982563944249137 
  0.001739088089631526772 
-0.0017390880902740221605 
  -0.16190164530816208988 
   -0.5962678554278333376 
    33.961080406977622204 
    34.399982563946778669 
 0.0014963764136199843996 
-0.0014963764120767741785 
  -0.13930106749656187559 
  -0.51304084741786060153 
    34.698779614034059193 
    35.076422369725257511 
  0.001496376412268584288 
-0.0014963764107116636799 
  -0.13930106749648635267 
  -0.51304084741753575027 
    34.698779614039260366 
     35.07642236972749572 
 0.0014963764136073172319 
-0.0014963764121412941824 
  -0.13930106749644247111 
   -0.5130408474174258382 
    34.698779614033881558 
    35.076422369724845396 
 0.0014963764115641365032 
 -0.001496376413068554621 
  -0.13930106749647608311 
  -0.51304084741754651944 
      34.6987796140355087 
    35.076422369725442252 
 0.0014963764116387285284 
-0.0014963764113864763163 
  -0.13930106749657067411 
  -0.51304084741786082358 
    34.698779614037725594 
    35.076422369726252271 
 0.0012579791057377937361 
-0.0012579791073253126978 
  -0.11715574047609601804 
  -0.43151336889406244346 
    35.330845228782720824 
    35.648483809542724998 
 0.0012579791067007322324 
-0.0012579791057144285287 
  -0.11715574047600392504 
  -0.43151336889370534022 
    35.330845228783509526 
    35.648483809542611311 
 0.0012579791078695409887 
 -0.001257979106373447592 
  -0.11715574047596150065 
  -0.43151336889357361226 
    35.330845228782465028 
    35.648483809543307643 
 0.0012579791064325869174 
-0.0012579791081057036407 
  -0.11715574047599841556 
  -0.43151336889370028871 
    35.330845228782855827 
    35.648483809544082135 
 0.0012579791055033079112 
-0.0012579791065655094532 
  -0.11715574047609969566 
  -0.43151336889406011199 
    35.330845228782358447 
    35.648483809541374967 
  0.001026950635153041488 
-0.0010269506354465870578 
 -0.095455414831517190755 
  -0.35168914829559005941 
    35.859426988995664942 
     36.11838489397680263 
 0.0010269506358824211523 
-0.0010269506351916247739 
 -0.095455414831418561317 
  -0.35168914829516434439 
    35.859426988995288355 
    36.118384893976575256 
 0.0010269506362169777535 
-0.0010269506340988474296 
 -0.095455414831382007224 
  -0.35168914829499653418 
    35.859426988996297325 
    36.118384893976696048 
 0.0010269506371217034836 
-0.0010269506344567482046 
 -0.095455414831413204491 
  -0.35168914829517311516 
    35.859426988997711305 
    36.118384893979531114 
 0.0010269506353977016829 
-0.0010269506386926501983 
 -0.095455414831514151519 
  -0.35168914829562059055 
    35.859426988995245722 
    36.118384893979921912 
