8.2778540664336739584e-11 
-9.2710103047564898502e-11 
4.3843534362623681097e-08 
-3.5392661967087292214e-07 
-2.7783284718346208062e-05 
-2.7434701148656365433e-05 
7.8675942112674100213e-11 
-8.8038183275328222141e-11 
4.3842536906452376566e-08 
-3.5392613433350243978e-07 
-2.7783425890483817104e-05 
-2.7434844790508389548e-05 
8.2052777625568454342e-11 
-8.5494214599761839947e-11 
4.3842108420879684334e-08 
-3.5392549411023673873e-07 
-2.7783423579240250644e-05 
-2.7434841170651848974e-05 
8.4036422421712590449e-11 
-8.4036422576804418734e-11 
  4.38418707902332882e-08 
-3.5392547033720055925e-07 
-2.7783423528457603242e-05 
-2.7434840871165098607e-05 
8.5494214456511115056e-11 
-8.2052777794019430465e-11 
4.3842108420810386451e-08 
-3.5392549411028771952e-07 
-2.7783423579240162552e-05 
-2.7434841170651845586e-05 
8.8038183093757243849e-11 
-7.8675942246060735074e-11 
4.3842536906471567156e-08 
-3.5392613433345749409e-07 
-2.7783425890483729012e-05 
-2.7434844790508426817e-05 
9.2710102950143520913e-11 
-8.2778540685667982747e-11 
4.3843534362614774016e-08 
-3.5392661967086074604e-07 
-2.7783284718346180957e-05 
-2.7434701148656555168e-05 
2.0700143921533077772e-11 
 -2.28510043521257576e-11 
2.9017267641344374611e-07 
 7.575618346218804967e-08 
-2.7212625083431009928e-05 
-2.6996775695551787806e-05 
1.9665992748980012257e-11 
-2.2442607978271172442e-11 
2.9017288491175006597e-07 
7.5756306720616646638e-08 
-2.7212770552433254446e-05 
-2.6996921553266674314e-05 
2.0036215852251463701e-11 
-2.169310771539045031e-11 
2.9017283729006741686e-07 
7.5756579447881445318e-08 
-2.7212767251498943535e-05 
-2.6996918997684277272e-05 
2.0873824255429626908e-11 
-2.0873824123219766328e-11 
2.9017281310719794575e-07 
7.5756643727378316988e-08 
-2.7212766917694958241e-05 
-2.6996918731900845903e-05 
2.1693107902318531361e-11 
-2.0036215639431517953e-11 
2.9017283729008049293e-07 
7.5756579447901244713e-08 
-2.7212767251498960476e-05 
-2.6996918997684253555e-05 
2.2442608196806419235e-11 
-1.9665992532075306472e-11 
2.9017288491175784808e-07 
7.5756306720580660972e-08 
-2.7212770552433413688e-05 
-2.6996921553266725136e-05 
2.2851004534201031722e-11 
-2.070014387509046975e-11 
2.9017267641346158674e-07 
7.5756183462201628667e-08 
-2.7212625083431186111e-05 
-2.6996775695551764089e-05 
1.2153523510746985476e-11 
-1.2442302507302578885e-11 
2.4734516934242910954e-07 
1.2989455188313888991e-07 
-2.6880722862276326825e-05 
-2.6762870039402365504e-05 
1.1890121437451740646e-11 
-1.2605597760618539171e-11 
 2.473454785474059568e-07 
1.2989458408216580821e-07 
-2.6880868423567486568e-05 
-2.6763015277502957649e-05 
 1.182283591776373091e-11 
-1.2436493522799792131e-11 
2.4734552734055592427e-07 
 1.298946795661555114e-07 
-2.6880866203883451874e-05 
-2.6763013374458964643e-05 
1.2100073986131623585e-11 
-1.2100074049818567619e-11 
2.4734554024095077312e-07 
1.2989471742918226898e-07 
-2.6880866000926371886e-05 
-2.676301325514351506e-05 
1.2436493428069940701e-11 
-1.1822836020828595081e-11 
2.4734552734058472339e-07 
1.2989467956616014361e-07 
-2.688086620388344171e-05 
-2.676301337445889688e-05 
1.2605597646443820272e-11 
-1.1890121581734772402e-11 
2.4734547854741448007e-07 
1.2989458408217041395e-07 
-2.6880868423567588212e-05 
-2.6763015277503018636e-05 
1.2442302387176476424e-11 
-1.215352354671625102e-11 
2.4734516934242720372e-07 
1.2989455188313984282e-07 
-2.688072286227622857e-05 
-2.6762870039402331622e-05 
7.9160136802694834235e-12 
-7.987514824391168128e-12 
1.9988353823433373943e-07 
1.2662949157451978623e-07 
-2.6695041478947600439e-05 
-2.6621605739745805689e-05 
7.8594835541975183038e-12 
-8.0408407509683598303e-12 
1.9988373987955210172e-07 
1.2662950443186873834e-07 
-2.6695186388771527565e-05 
-2.6621750348928388449e-05 
7.8060229161638135159e-12 
-8.0066492483677056644e-12 
1.9988377581931032266e-07 
1.2662953854479974113e-07 
-2.6695184605920910074e-05 
-2.6621748673432136156e-05 
7.8894870243030115162e-12 
-7.8894869702998935311e-12 
1.9988378973157798302e-07 
1.2662955604467881124e-07 
-2.6695184529425618718e-05 
-2.6621748634403876772e-05 
8.0066492725378262279e-12 
-7.8060230322638469901e-12 
1.9988377581926230647e-07 
1.2662953854479148255e-07 
-2.6695184605920889746e-05 
-2.6621748673431949809e-05 
8.0408406341892450006e-12 
-7.8594835775981104817e-12 
1.9988373987959913851e-07 
 1.266295044318927729e-07 
-2.6695186388771602104e-05 
-2.6621750348928520586e-05 
7.9875148229622830901e-12 
-7.9160136841042378134e-12 
1.9988353823431126659e-07 
1.2662949157453098295e-07 
-2.6695041478947600439e-05 
-2.662160573974582263e-05 
5.5662709193096476581e-12 
-5.572601300303272208e-12 
1.6016357101800139197e-07 
1.1023766749153140008e-07 
-2.6577369278359332133e-05 
-2.6527349836016202942e-05 
5.5702416530824340724e-12 
-5.5891601860778661911e-12 
1.6016371458393043079e-07 
1.1023767482321651772e-07 
-2.6577513661207040655e-05 
-2.6527493971032957166e-05 
5.5338641544813175934e-12 
-5.5900558615237077097e-12 
1.6016373438183484782e-07 
1.1023768586484199335e-07 
-2.6577512021689688479e-05 
-2.6527492372757584981e-05 
 5.554545607160869322e-12 
-5.5545455552305140867e-12 
1.6016374288834946199e-07 
 1.102376931790010464e-07 
-2.6577512000067834188e-05 
-2.6527492364894456159e-05 
5.5900559429488202363e-12 
-5.5338640229802312452e-12 
1.6016373438187762298e-07 
1.1023768586486713964e-07 
-2.6577512021689569894e-05 
-2.6527492372757479949e-05 
5.5891602943171489898e-12 
-5.5702416527736194385e-12 
1.6016371458391256369e-07 
1.1023767482315617986e-07 
-2.6577513661207196509e-05 
-2.6527493971032950389e-05 
5.5726012896984459778e-12 
-5.5662709163294023449e-12 
1.6016357101801499743e-07 
1.1023766749153412647e-07 
-2.6577369278359393119e-05 
-2.6527349836016240212e-05 
4.1191109413359688475e-12 
-4.1078724633515947109e-12 
1.2829891022351864808e-07 
9.2127210144812666012e-08 
-2.6496247072933030688e-05 
-2.6460021475128828633e-05 
4.1391355324845061934e-12 
-4.1111044309940757053e-12 
1.2829901650706066471e-07 
9.2127215448378175138e-08 
-2.6496391048325080913e-05 
 -2.64601652539540221e-05 
4.1136055550949855947e-12 
-4.1209616013685553355e-12 
1.2829902670723065358e-07 
9.2127217523365016597e-08 
-2.6496389459993187739e-05 
-2.6460163683672858429e-05 
4.1139719309544632633e-12 
-4.1139719787802295534e-12 
1.2829903130857255045e-07 
9.2127220347688938381e-08 
-2.6496389458423063093e-05 
-2.6460163687006417579e-05 
4.1209616048329501073e-12 
-4.1136054458128364544e-12 
1.2829902670722538609e-07 
9.2127217523344303995e-08 
-2.6496389459993106424e-05 
-2.6460163683672834712e-05 
4.1111045971530684451e-12 
-4.1391353541543068346e-12 
1.2829901650710089878e-07 
9.2127215448382714706e-08 
-2.6496391048325148676e-05 
-2.6460165253954106803e-05 
4.1078726040697874116e-12 
-4.1191109024822558456e-12 
1.2829891022351179241e-07 
9.2127210144840604865e-08 
-2.6496247072932996807e-05 
-2.6460021475128818469e-05 
3.1541364361253555648e-12 
-3.1396938822878159584e-12 
1.0300009973530239055e-07 
7.5673435786502856231e-08 
-2.6436997840026839188e-05 
-2.6409637135333042428e-05 
3.1762417973969931049e-12 
-3.1383830067492165465e-12 
1.0300018089595415599e-07 
 7.567343999324270204e-08 
-2.6437141502437206742e-05 
-2.6409780642227395148e-05 
3.1574589509856777454e-12 
-3.1494382614273965196e-12 
1.0300018608192282527e-07 
7.5673438769831604351e-08 
-2.6437139933781353608e-05 
-2.6409779082832048194e-05 
3.1518423070175193485e-12 
-3.1518424271997178223e-12 
1.0300018851849257356e-07 
7.5673439697756806873e-08 
-2.6437139939338052372e-05 
-2.6409779090121444331e-05 
3.1494380876999766325e-12 
-3.1574591327736249467e-12 
1.0300018608197547366e-07 
7.5673438769855268334e-08 
-2.6437139933781343443e-05 
-2.640977908283209224e-05 
 3.138382806430150089e-12 
-3.1762420651323457729e-12 
1.0300018089590750301e-07 
7.5673439993223312927e-08 
-2.6437141502437213518e-05 
-2.6409780642227344326e-05 
3.1396936620804930275e-12 
-3.1541364934047893417e-12 
1.0300009973527870009e-07 
7.5673435786512980922e-08 
-2.6436997840026659617e-05 
-2.6409637135333174565e-05 
2.4720603452563284764e-12 
-2.4585596491454123421e-12 
8.2970152586927502448e-08 
6.1725387734466020101e-08 
-2.639198469440895054e-05 
-2.6370716811175940483e-05 
2.4921125200979033395e-12 
-2.4559449200143346067e-12 
8.2970215992337710689e-08 
6.1725391146451673046e-08 
-2.6392128113487782481e-05 
-2.6370860106433913938e-05 
2.4777631105638673687e-12 
-2.4659805069625733343e-12 
8.2970218659882596965e-08 
6.1725388898751849027e-08 
-2.6392126553198392251e-05 
-2.6370858551725118965e-05 
2.4710010060077671933e-12 
-2.4710009376381331125e-12 
8.2970219974143311908e-08 
6.1725389051753911684e-08 
-2.6392126561254830933e-05 
-2.6370858560378546468e-05 
 2.465980609329326956e-12 
-2.4777629960492741725e-12 
 8.297021865981415935e-08 
6.1725388898692768479e-08 
-2.6392126553198290607e-05 
-2.6370858551725034262e-05 
2.4559450351265415616e-12 
-2.4921124424037788684e-12 
8.2970215992367250963e-08 
6.1725391146449026068e-08 
-2.6392128113487812975e-05 
-2.6370860106433863116e-05 
 2.458559686244553288e-12 
-2.4720603375957292559e-12 
8.2970152586940207942e-08 
6.1725387734475086001e-08 
-2.639198469440916738e-05 
-2.6370716811176089561e-05 
1.9693883765169731324e-12 
-1.9577877653897225545e-12 
6.7109159865748024409e-08 
5.0260599034770633429e-08 
-2.6356851801579079983e-05 
-2.6339986653210413134e-05 
1.9864807824620454563e-12 
-1.9550327424457972625e-12 
6.7109210225383042716e-08 
5.0260601798041360052e-08 
-2.6356995028716746136e-05 
-2.6340129780960838229e-05 
1.9752243973520218442e-12 
-1.9635782618954822382e-12 
6.7109211634184744497e-08 
5.0260599412826081153e-08 
-2.6356993472505494286e-05 
-2.6340128228573143925e-05 
1.9688711644720140648e-12 
-1.9688710852938480072e-12 
6.7109212371783827528e-08 
5.0260599267614372418e-08 
-2.6356993481405320285e-05 
-2.6340128237661573668e-05 
1.9635783165503979472e-12 
-1.9752244235753521104e-12 
6.7109211634245916157e-08 
5.0260599412916766618e-08 
-2.6356993472505423136e-05 
-2.634012822857317103e-05 
1.9550327036263912534e-12 
-1.9864807104655446796e-12 
6.7109210225427445771e-08 
5.0260601798065857833e-08 
-2.6356995028716715643e-05 
-2.6340129780960997471e-05 
1.9577878616846154548e-12 
-1.969388353207480278e-12 
6.7109159865762556318e-08 
5.0260599034783186722e-08 
-2.6356851801579232449e-05 
-2.6339986653210545271e-05 
 1.587812965828468328e-12 
-1.578110408069942205e-12 
5.4525584591247063888e-08 
 4.097209069210312375e-08 
-2.6328910302810956884e-05 
-2.6315344421213969365e-05 
1.6020597489954921382e-12 
-1.5756012568944657748e-12 
5.4525625080928490002e-08 
4.0972092915523648309e-08 
-2.6329053376573229869e-05 
-2.6315487414573916655e-05 
 1.593066867130419343e-12 
-1.5827200638140236396e-12 
5.4525625852187107257e-08 
4.0972090713501419311e-08 
-2.6329051822684769365e-05 
-2.6315485863534590383e-05 
1.5875364447927947365e-12 
-1.5875365149066277942e-12 
5.4525626287805213394e-08 
4.0972090470068650133e-08 
-2.6329051831833951699e-05 
-2.6315485872726564822e-05 
1.5827200178368414306e-12 
-1.5930668252658389874e-12 
5.4525625852161299222e-08 
4.0972090713478900146e-08 
-2.6329051822684599958e-05 
-2.6315485863534539561e-05 
1.5756013152795201444e-12 
-1.6020598319481394727e-12 
5.4525625080881492908e-08 
4.0972092915472210909e-08 
-2.6329053376573260362e-05 
-2.6315487414573750637e-05 
1.5781102997306545627e-12 
-1.5878129931013377147e-12 
5.4525584591228548277e-08 
4.0972090692104943547e-08 
-2.632891030281089251e-05 
-2.6315344421214054068e-05 
1.2919833502427181664e-12 
-1.2839269493739264816e-12 
4.4511008461380477477e-08 
3.3492349307966563485e-08 
-2.6306386209923534084e-05 
-2.6295358031544696989e-05 
1.3037736019593261827e-12 
-1.2817609336899981408e-12 
4.4511041322007936541e-08 
3.3492351086778382299e-08 
-2.6306529159805402165e-05 
-2.6295500915920008321e-05 
1.2964952941891372709e-12 
-1.2876532066492512679e-12 
4.4511041761473921451e-08 
3.3492349160269183627e-08 
-2.6306527607439683284e-05 
-2.6295499365784035911e-05 
1.2918153643422315838e-12 
-1.2918153233998439143e-12 
4.4511042033279462096e-08 
3.3492348900717714952e-08 
-2.6306527616628743929e-05 
-2.6295499374965496976e-05 
1.2876532287209355845e-12 
-1.296495334317433209e-12 
4.4511041761518317888e-08 
3.3492349160289717558e-08 
-2.6306527607439795092e-05 
-2.6295499365784056239e-05 
1.2817608980538337468e-12 
-1.3037735531137069838e-12 
4.4511041322080701965e-08 
3.3492351086809100478e-08 
-2.6306529159805398777e-05 
-2.6295500915920052366e-05 
1.2839270234319386556e-12 
-1.291983329957164381e-12 
4.4511008461398622511e-08 
3.3492349307994197935e-08 
-2.6306386209923659445e-05 
-2.6295358031544652943e-05 
1.0590563650374654401e-12 
-1.052363679100777444e-12 
 3.650891829350390413e-08 
2.7477332979136482077e-08 
-2.6288045005760907712e-05 
-2.6279005954896617075e-05 
 1.068808475070129906e-12 
-1.050533028225398642e-12 
3.6508945162692303427e-08 
2.7477334396658282171e-08 
-2.6288187854702391405e-05 
-2.6279148750129733804e-05 
1.0628612977182462314e-12 
-1.0554107477609511996e-12 
3.6508945421155400939e-08 
2.7477332748274363433e-08 
-2.6288186303441369505e-05 
-2.6279147200661284343e-05 
1.0589389488491788427e-12 
-1.0589389742641347385e-12 
3.6508945598740867737e-08 
2.7477332503659589555e-08 
-2.6288186312599693019e-05 
-2.6279147209796175537e-05 
1.0554107137668893593e-12 
-1.0628613347148183969e-12 
3.6508945421147347509e-08 
2.7477332748281113227e-08 
-2.6288186303441494866e-05 
-2.6279147200661352106e-05 
1.0505329966675058844e-12 
-1.0688085216502904308e-12 
 3.650894516268416397e-08 
2.7477334396631266452e-08 
-2.6288187854702367688e-05 
-2.6279148750129679594e-05 
1.0523636470761752889e-12 
-1.0590563737564965785e-12 
3.6508918293518740441e-08 
2.7477332979149766598e-08 
-2.628804500576107373e-05 
-2.6279005954896827139e-05 
8.7347770122795902517e-13 
-8.6789391601914014081e-13 
3.0085127596891285233e-08 
2.2633206271759921035e-08 
-2.6272991814673899428e-05 
-2.6265533951061930334e-05 
8.8156719094518760267e-13 
-8.6635634815780230387e-13 
    3.008514970086143e-08 
2.2633207396813480097e-08 
-2.6273134580765413425e-05 
-2.6265676672868173215e-05 
8.7667175669254722529e-13 
-8.7040800865464108574e-13 
3.0085149851779712197e-08 
 2.263320599590668125e-08 
-2.6273133030355192075e-05 
-2.6265675123918622914e-05 
8.7338609494739608396e-13 
-8.7338612074134771868e-13 
3.0085149970199437938e-08 
2.2633205774922353125e-08 
-2.6273133039461988881e-05 
-2.6265675132997386317e-05 
 8.704080173696469888e-13 
-8.7667172211162012747e-13 
3.0085149851714761976e-08 
2.2633205995871870181e-08 
-2.6273133030355185299e-05 
-2.6265675123918741498e-05 
8.6635640066365502071e-13 
-8.8156716568188030787e-13 
 3.008514970087707364e-08 
2.2633207396783824018e-08 
-2.627313458076544053e-05 
-2.6265676672868105453e-05 
8.6789392841804710553e-13 
-8.7347769615884891009e-13 
3.0085127596838650076e-08 
2.2633206271739840398e-08 
-2.6272991814673960414e-05 
-2.6265533951062109905e-05 
 7.242150442479262613e-13 
-7.1951921890610227085e-13 
2.4902110471018219186e-08 
1.8719702590609325588e-08 
-2.6260558061449257799e-05 
-2.6254370870957645433e-05 
7.3096346096941236551e-13 
-7.1822230271472463604e-13 
2.4902128742998932644e-08 
1.8719703475976859836e-08 
-2.6260700759116647329e-05 
-2.6254513531919749885e-05 
7.2691041090463104579e-13 
-7.2160919786551630288e-13 
2.4902128817483181833e-08 
 1.871970227935727861e-08 
-2.6260699209377330284e-05 
-2.6254511983373631211e-05 
7.2413973477057977153e-13 
-7.2413964662063568136e-13 
2.4902128892878835165e-08 
1.8719702079984400565e-08 
-2.6260699218426843945e-05 
-2.6254511992391479393e-05 
  7.21609269551229309e-13 
-7.2691043350981444478e-13 
2.4902128817486960394e-08 
 1.871970227939314847e-08 
-2.6260699209377299791e-05 
-2.6254511983373583778e-05 
7.1822226768144020892e-13 
-7.3096341757925539474e-13 
 2.490212874296374438e-08 
1.8719703475939362084e-08 
-2.6260700759116613448e-05 
-2.6254513531919807483e-05 
7.1951927313439533806e-13 
-7.2421503340595466004e-13 
2.4902110471027940212e-08 
1.8719702590623162666e-08 
-2.6260558061449203589e-05 
-2.6254370870957564118e-05 
6.0320124249916266631e-13 
-5.9918952558632819895e-13 
2.0697768346746085769e-08 
1.5544696776431004365e-08 
-2.6250233085309446858e-05 
-2.6245076131215457657e-05 
6.0889091616710588756e-13 
-5.9807503710879312346e-13 
2.0697783500856793603e-08 
1.5544697455835903056e-08 
-2.6250375726155830019e-05 
-2.6245218741486075781e-05 
6.0552049329203861397e-13 
-6.0093988367214335718e-13 
2.0697783502123590933e-08 
1.5544696412459008019e-08 
-2.6250374176936049103e-05 
-2.6245217193224797348e-05 
6.0314110161809545577e-13 
-6.0314109158005748086e-13 
2.0697783537520505537e-08 
1.5544696225102629054e-08 
-2.625037418592124247e-05 
-2.6245217202167595022e-05 
6.0093994120245943865e-13 
-6.0552035005134692234e-13 
 2.069778350209466939e-08 
1.5544696412430569549e-08 
-2.625037417693598134e-05 
-2.6245217193224817676e-05 
5.9807514959567825595e-13 
-6.0889091487193047589e-13 
 2.069778350090549138e-08 
1.5544697455821265268e-08 
-2.6250375726155928275e-05 
-2.6245218741485936868e-05 
5.9918948975914486008e-13 
-6.0320125169294418142e-13 
2.0697768346735971004e-08 
1.5544696776443842208e-08 
-2.6250233085309399424e-05 
-2.6245076131215589794e-05 
 5.044059887324429453e-13 
-5.0085480007892292146e-13 
1.7268396000338935617e-08 
1.2956278490581676661e-08 
-2.6241620450422604955e-05 
-2.6237305159357225242e-05 
5.0931393573281235797e-13 
-4.9984940027519920595e-13 
1.7268408578039632626e-08 
1.2956278971971567222e-08 
-2.6241763043831260272e-05 
-2.6237447727149855957e-05 
5.0650362547002709162e-13 
-5.0233612488551055225e-13 
1.7268408480443526988e-08 
1.2956278014549975904e-08 
-2.6241761494966972306e-05 
-2.6237446179001029618e-05 
 5.043671848068985344e-13 
-5.0436729124874108606e-13 
1.7268408466243079184e-08 
1.2956277820010378698e-08 
-2.6241761503863830302e-05 
-2.6237446187824449857e-05 
5.0233601090361561213e-13 
-5.0650375287633221932e-13 
 1.726840848050842427e-08 
1.2956278014584528893e-08 
-2.6241761494967029905e-05 
-2.6237446179000965243e-05 
 4.998492644595815957e-13 
-5.0931409264526294979e-13 
 1.726840857801802336e-08 
1.2956278971970774783e-08 
-2.6241763043831080701e-05 
-2.6237447727149754313e-05 
 5.008546798995696986e-13 
-5.0440602466062461287e-13 
1.7268396000325482351e-08 
1.2956278490564994083e-08 
-2.6241620450422618508e-05 
-2.6237305159357248959e-05 
4.2325796088532132191e-13 
-4.1983635174026983833e-13 
1.4455294523842881262e-08 
1.0834915638144051205e-08 
-2.6234408617799373096e-05 
-2.623078563041906895e-05 
4.2773232839928349554e-13 
-4.1881973137572804318e-13 
1.4455304916153893367e-08 
 1.083491588458609518e-08 
-2.6234551171347261002e-05 
-2.6230928162310987467e-05 
4.2539008084956659544e-13 
-4.2111745545661744268e-13 
1.4455304653334788303e-08 
1.0834914906405195399e-08 
-2.6234549622588164365e-05 
-2.6230926613929237231e-05 
 4.232594078374698759e-13 
-4.2325926900921528878e-13 
1.4455304561773527716e-08 
 1.083491466579125757e-08 
-2.6234549631326210459e-05 
-2.623092662250755324e-05 
 4.211176080441070973e-13 
-4.2538995082777059398e-13 
1.4455304653353874669e-08 
1.0834914906415242334e-08 
-2.6234549622588205023e-05 
-2.6230926613929288053e-05 
4.1881986337742415871e-13 
-4.2773215349638053467e-13 
1.4455304916194006664e-08 
1.0834915884603805117e-08 
-2.6234551171347186464e-05 
-2.6230928162310923092e-05 
 4.198364944839234724e-13 
-4.2325792389570673287e-13 
1.4455294523843503302e-08 
1.0834915638179146824e-08 
-2.623440861779951201e-05 
-2.6230785630419146877e-05 
3.5628445742761107479e-13 
-3.5232928516380876727e-13 
1.2134391269658681273e-08 
9.0866380606572909565e-09 
-2.6228350447786072646e-05 
-2.6225300541095818515e-05 
 3.609328236866345645e-13 
-3.5105164855255524539e-13 
 1.213439971783613128e-08 
9.0866379425316891346e-09 
-2.6228492967450274358e-05 
-2.6225443042058362844e-05 
3.5899157720066375324e-13 
-3.5350730469320734864e-13 
1.2134399156412593965e-08 
9.0866367395366629687e-09 
-2.6228491418277032819e-05 
-2.6225441492605715629e-05 
3.5637212206214137229e-13 
-3.5637222191054543664e-13 
1.2134398932815094752e-08 
9.0866363713854705805e-09 
-2.6228491426661916996e-05 
-2.6225441500598941936e-05 
3.5350720560237481057e-13 
-3.5899165214706214953e-13 
1.2134399156409685598e-08 
9.0866367395377895887e-09 
-2.6228491418277036207e-05 
-2.6225441492605702077e-05 
3.5105156534890665878e-13 
-3.6093295131946207302e-13 
1.2134399717852337403e-08 
9.0866379425262975714e-09 
 -2.62284929674502337e-05 
-2.6225443042058193437e-05 
3.5232917243191873521e-13 
-3.5628449164269058659e-13 
1.2134391269708143365e-08 
9.0866380607013052369e-09 
-2.6228350447786113304e-05 
-2.6225300541095913383e-05 
3.0093366961575892339e-13 
-2.9480944485403051665e-13 
1.0208257753213717212e-08 
7.6374497938276000509e-09 
-2.6223248418072875337e-05 
-2.622067582687346771e-05 
3.0714278640022105278e-13 
-2.9268043641226433149e-13 
1.0208264329734594675e-08 
7.6374489630901588404e-09 
-2.6223390908062599113e-05 
-2.6220818299668666602e-05 
3.0553343967548458378e-13 
-2.9611634091194732108e-13 
1.0208263251003489059e-08 
7.6374471015993713268e-09 
-2.6223389357182237208e-05 
-2.6220816746903449713e-05 
3.0121144799354661568e-13 
-3.0121140097993981483e-13 
1.0208262815250775822e-08 
 7.637446432267110512e-09 
-2.6223389364691709446e-05 
-2.6220816753400060282e-05 
2.9611635459638327913e-13 
-3.0553351713180184843e-13 
1.0208263250972453243e-08 
7.6374471015773186916e-09 
-2.6223389357182355793e-05 
-2.6220816746903392115e-05 
2.9268036699927499187e-13 
-3.0714275323691860301e-13 
1.0208264329780557793e-08 
7.6374489631231302596e-09 
-2.6223390908062531351e-05 
-2.6220818299668619168e-05 
2.9480949530755801427e-13 
-3.009336575217552561e-13 
 1.020825775322748646e-08 
7.6374497938142907149e-09 
-2.6223248418073021027e-05 
-2.6220675826873488038e-05 
2.5568658529361506054e-13 
-2.4278042621125671114e-13 
8.5999983837572618597e-09 
6.4288879936376434344e-09 
-2.621894370840534123e-05 
-2.6216771120481715819e-05 
2.6718016070941768957e-13 
-2.383919403191520551e-13 
8.6000030097955243089e-09 
 6.428885516920158027e-09 
-2.6219086169937980092e-05 
-2.6216913562934253141e-05 
2.6557978361248784873e-13 
-2.4512027025027502959e-13 
8.6000012417895595745e-09 
6.4288820283321201403e-09 
-2.6219084613833163014e-05 
-2.6216912000552640709e-05 
2.5630405045553397124e-13 
-2.5630416622129095631e-13 
8.6000005884558105677e-09 
6.4288807083280230248e-09 
-2.6219084619091719734e-05 
-2.6216912003226096919e-05 
 2.451201791904067826e-13 
-2.655797731237314567e-13 
8.6000012418387801297e-09 
6.4288820283574608184e-09 
-2.6219084613833159626e-05 
-2.6216912000552661038e-05 
2.3839199528868639481e-13 
-2.6718006530210483362e-13 
8.6000030097564582229e-09 
6.4288855168719466322e-09 
-2.6219086169938098677e-05 
-2.6216913562934324292e-05 
2.4278052050304184064e-13 
-2.5568656113338002221e-13 
 8.599998383762067779e-09 
 6.428887993650350583e-09 
-2.6218943708405364947e-05 
-2.6216771120481709043e-05 
2.2111938265469257194e-13 
-1.8658115898198218796e-13 
7.2485770501032570551e-09 
5.4145519554492213225e-09 
-2.6215307999549667919e-05 
-2.621347275815052316e-05 
2.4905452497472562457e-13 
-1.7705379728610258837e-13 
7.2485796254898667914e-09 
5.4145449825171313394e-09 
-2.6215450425690671547e-05 
-2.6213615152285732967e-05 
2.4482600743624994683e-13 
-1.9471252537217193197e-13 
7.2485781578529372025e-09 
5.4145375949737898902e-09 
-2.6215448854352373488e-05 
-2.6213613562038434024e-05 
2.2142208827437527132e-13 
-2.2142199301060276314e-13 
7.2485779351768667337e-09 
5.4145350784465053875e-09 
-2.6215448854132808996e-05 
-2.6213613556247462887e-05 
1.9471265932973976133e-13 
-2.4482576218062306666e-13 
7.2485781577984226914e-09 
5.4145375949269995917e-09 
-2.621544885435240737e-05 
-2.6213613562038610207e-05 
1.7705403189460787402e-13 
-2.4905442431836547531e-13 
7.2485796255212913829e-09 
 5.414544982522547718e-09 
-2.6215450425690773191e-05 
-2.6213615152285688921e-05 
1.8658119847536359052e-13 
-2.2111937003291144935e-13 
7.2485770500742743008e-09 
5.4145519554289992381e-09 
-2.6215307999549589991e-05 
-2.6213472758150397799e-05 
2.1018654555608887378e-13 
-8.5720939316696617604e-14 
  6.10521343325771563e-09 
4.5574095157852114254e-09 
-2.6212237248395946356e-05 
-2.6210688449125745816e-05 
3.0342145409816477753e-13 
-8.8733511542509776565e-14 
6.1052415943444859105e-09 
4.5573879268785733657e-09 
-2.6212379595387399572e-05 
-2.6210830661751847613e-05 
2.6887437533504590795e-13 
-1.4685658451568526659e-13 
6.1052497665977753219e-09 
4.5573709855803053473e-09 
-2.6212377981845935639e-05 
-2.6210828999860289541e-05 
2.0647525854133776241e-13 
-2.0647534814344575932e-13 
6.1052529590191103466e-09 
4.5573673122980526649e-09 
-2.6212377971984574779e-05 
 -2.62108289861376409e-05 
1.4685643575182236774e-13 
-2.6887466787809560732e-13 
6.1052497666095750533e-09 
4.5573709856007830306e-09 
-2.6212377981846088105e-05 
-2.6210828999860208226e-05 
8.8733200764926268087e-14 
-3.0342170672717886575e-13 
6.1052415943241273413e-09 
4.5573879268406190105e-09 
-2.6212379595387369079e-05 
-2.6210830661751854389e-05 
8.5720757270457271801e-14 
-2.1018659538910388646e-13 
6.1052134332423077368e-09 
4.5574095157692203698e-09 
-2.6212237248395912475e-05 
-2.6210688449125857624e-05 
2.7606495292033471449e-13 
2.6001408860763165195e-13 
5.1304653505715980707e-09 
3.8277456734150888672e-09 
-2.6209647018331574275e-05 
-2.6208343703748032688e-05 
6.5420786727107980227e-13 
7.6374062974811773305e-14 
5.1306500132562441506e-09 
 3.827586314994965611e-09 
-2.620978897862412163e-05 
-2.6208484818407002369e-05 
3.3491260444415236244e-13 
-1.0873417273014041001e-13 
5.1307053025735533854e-09 
3.8275535356091422258e-09 
-2.620978729754593238e-05 
-2.6208483217891661719e-05 
2.0734595122191245257e-13 
-2.0734586204678946865e-13 
5.1307151355445637898e-09 
3.8275512663069340271e-09 
-2.6209787287470583892e-05 
-2.6208483223155934217e-05 
1.0873428333465054771e-13 
-3.3491247126590360398e-13 
5.1307053026177901774e-09 
3.8275535356042759223e-09 
-2.620978729754600353e-05 
-2.6208483217891641391e-05 
-7.6373945671138242738e-14 
-6.5420773504031584742e-13 
 5.130650013339791874e-09 
3.8275863150312639506e-09 
-2.6209788978624128406e-05 
-2.6208484818406921053e-05 
-2.6001397539978020916e-13 
-2.7606492658313731168e-13 
5.1304653505815639427e-09 
3.8277456734229272307e-09 
-2.6209647018331750458e-05 
-2.6208343703748039464e-05 
-8.0464321245475759172e-12 
8.3113244756719819904e-12 
2.8497071287735273518e-07 
-5.0717973581983033613e-07 
5.1668371851630556216e-05 
5.2380288078729623081e-05 
-1.2075045075644778718e-12 
5.2693339301909912896e-12 
2.8496751441882113016e-07 
-5.0717987920022837515e-07 
5.1668363735019575886e-05 
5.2380292174603877264e-05 
-6.7766146765498864689e-12 
4.8513788371309082231e-12 
2.8496752866448228205e-07 
-5.071800669565346077e-07 
5.1668361817495907012e-05 
5.2380289347901720957e-05 
-5.9526303891639469811e-12 
5.9526303550616555451e-12 
2.8496745535818166863e-07 
-5.0717994436905646513e-07 
5.1668362458184032124e-05 
5.2380289660299926677e-05 
-4.8513789799507899535e-12 
6.7766144867752515555e-12 
2.8496752866445427702e-07 
-5.0718006695656838314e-07 
5.1668361817495920565e-05 
5.2380289347901849706e-05 
-5.2693341052231569226e-12 
1.2075044351971465335e-12 
2.8496751441881927728e-07 
-5.0717987920023038686e-07 
 5.166836373501956911e-05 
5.2380292174603877264e-05 
-8.3113244824294045912e-12 
8.0464321331347478825e-12 
2.8497071287740731587e-07 
-5.0717973581981943058e-07 
5.1668371851630569768e-05 
5.2380288078729623081e-05 
1.1874889878607969204e-11 
-1.3350676866552649054e-11 
-4.374124745639414057e-08 
-4.2281387639802431922e-07 
5.2796013115149619151e-05 
5.3178332968282020189e-05 
 1.156246933566144016e-11 
-1.3503980091234819855e-11 
-4.3740848147049769149e-08 
-4.2281513134723828805e-07 
5.2796013075962737601e-05 
5.3178333294311750745e-05 
1.1728228940163626779e-11 
-1.2935064528313486215e-11 
-4.3740948775487552684e-08 
-4.228150968466948442e-07 
5.2796008544438710055e-05 
5.3178328790079511007e-05 
1.2322223728049914383e-11 
-1.2322223750786631111e-11 
-4.3740980405996127801e-08 
-4.228150942108177802e-07 
5.2796008773219063278e-05 
5.3178329004404569359e-05 
1.2935064583757399346e-11 
-1.1728228684519652146e-11 
-4.3740948775496545792e-08 
-4.2281509684671983168e-07 
5.2796008544438784594e-05 
5.3178328790079239957e-05 
1.3503980432840150145e-11 
-1.156246899814064857e-11 
-4.374084814707494191e-08 
-4.2281513134726586956e-07 
5.2796013075962622404e-05 
5.3178333294311676206e-05 
 1.335067714034477084e-11 
-1.1874889791744469691e-11 
-4.3741247456419180981e-08 
-4.2281387639805248307e-07 
 5.279601311515001895e-05 
5.3178332968282575842e-05 
5.8357376072316573625e-12 
-6.4990910030093708141e-12 
-6.5942865853725457395e-08 
-2.487633290992868375e-07 
 5.337727680544334058e-05 
5.3561278023580643169e-05 
5.7618623436292257613e-12 
-6.5846456808610235164e-12 
-6.594289976415813313e-08 
-2.4876349889997244899e-07 
5.3377275751757827173e-05 
5.3561276898101579382e-05 
5.7470909382123689499e-12 
-6.3537466760019586271e-12 
-6.5942934911580096163e-08 
-2.4876349825676659849e-07 
 5.337727113135242341e-05 
5.3561272069476103847e-05 
6.0355789503531195019e-12 
-6.0355789307998962182e-12 
-6.5942956534632938506e-08 
-2.4876349884904903996e-07 
5.3377271314965232612e-05 
5.3561272208068474933e-05 
 6.353746700228297584e-12 
-5.7470910717288760139e-12 
-6.5942934911555002812e-08 
 -2.48763498256696083e-07 
5.3377271131352518278e-05 
5.3561272069476198714e-05 
 6.584645457686886456e-12 
-5.7618627020468953732e-12 
-6.5942899764159205157e-08 
-2.4876349889995545539e-07 
5.3377275751757678095e-05 
5.3561276898101579382e-05 
6.4990906591514281905e-12 
-5.8357377246544528025e-12 
-6.5942865853730274895e-08 
-2.4876332909930684865e-07 
5.3377276805443720051e-05 
5.3561278023580744813e-05 
2.5565719821918263239e-12 
-2.8292916206757316778e-12 
-2.9540662591823284511e-08 
-1.0914075453922053104e-07 
5.3654996161157839888e-05 
5.3735071364396007159e-05 
2.5284050930560365852e-12 
-2.8824133388343262795e-12 
-2.9540679216716079345e-08 
-1.0914084452675938821e-07 
5.3654994273191412813e-05 
5.3735069535298173407e-05 
2.5057284982941249809e-12 
-2.7865407537369976234e-12 
-2.9540695637465344447e-08 
-1.0914085254792632059e-07 
 5.365498937677574921e-05 
5.3735064541827224987e-05 
2.6354482565057907074e-12 
-2.635448046480176987e-12 
-2.9540707287922521787e-08 
-1.0914085585220776383e-07 
 5.365498949042102133e-05 
5.3735064628025573522e-05 
 2.786540854169000834e-12 
-2.5057285228365325579e-12 
-2.9540695637482142831e-08 
-1.091408525479717692e-07 
5.3654989376775769538e-05 
5.3735064541827584129e-05 
2.8824133125982025826e-12 
-2.5284049994620471163e-12 
-2.954067921672331883e-08 
-1.0914084452675630448e-07 
5.3654994273191622877e-05 
5.3735069535298064986e-05 
2.8292917410034808198e-12 
-2.5565719442870066147e-12 
-2.9540662591813619733e-08 
-1.0914075453924070101e-07 
5.3654996161157914427e-05 
5.3735071364396068145e-05 
1.4849050276582147591e-13 
-2.5613601172258303301e-13 
2.3518473529439635555e-08 
1.2718271515414422028e-08 
5.3767262553441473767e-05 
5.3778221945657903025e-05 
1.1680618876374108879e-13 
-2.5605614625373295369e-13 
2.3518476158669532401e-08 
1.2718258390093198383e-08 
5.3767260472391141979e-05 
5.3778219773944220658e-05 
9.6054219431711598597e-14 
-2.1744035911631439529e-13 
2.3518457384780114409e-08 
1.2718250221577552694e-08 
5.3767255446775523604e-05 
5.3778214709698289142e-05 
1.5092633231468832619e-13 
-1.5092642949906892587e-13 
2.3518452228172445969e-08 
1.2718246525086322633e-08 
5.3767255519156657352e-05 
5.3778214769161045584e-05 
2.1744031283211307559e-13 
-9.6054219013107418624e-14 
2.3518457384762432597e-08 
1.2718250221608161685e-08 
5.3767255446775848865e-05 
5.3778214709698499206e-05 
2.5605616364045116456e-13 
-1.1680621315648239024e-13 
2.3518476158680987198e-08 
1.2718258390100755505e-08 
5.3767260472391026783e-05 
5.3778219773944166448e-05 
2.5613596832241931747e-13 
-1.4849054270373960483e-13 
2.3518473529474817201e-08 
1.2718271515447654836e-08 
5.3767262553441636398e-05 
5.3778221945658065655e-05 
-1.9624219777680730436e-12 
 1.938635649879873241e-12 
8.3893974148174697811e-08 
1.2990104861611464822e-07 
 5.376509951916946681e-05 
5.3719059580158371315e-05 
-2.0193564810122128155e-12 
1.9902998651629646316e-12 
8.3893997895994759386e-08 
1.2990110021491749609e-07 
5.3765097447196285674e-05 
5.3719057206590760953e-05 
-2.0416931867443092994e-12 
2.0015772042384666316e-12 
8.3893967827409228152e-08 
1.2990109240950044328e-07 
 5.376509236961348159e-05 
 5.371905212281528544e-05 
-2.0245642299230462191e-12 
2.0245642538755726413e-12 
 8.389396677761880147e-08 
1.2990108850218393853e-07 
5.3765092422606552947e-05 
5.3719052171274684097e-05 
-2.0015772085479794761e-12 
2.0416932412806913999e-12 
8.3893967827373877761e-08 
1.2990109240946624433e-07 
5.3765092369613691654e-05 
5.3719052122815251558e-05 
-1.9902998273229008858e-12 
2.0193564480862170431e-12 
8.3893997895970738061e-08 
1.2990110021489912607e-07 
5.3765097447196136596e-05 
5.3719057206590774506e-05 
-1.9386356896709066811e-12 
1.9624219717097460956e-12 
8.3893974148209399692e-08 
1.2990104861616597312e-07 
5.3765099519169554901e-05 
5.3719059580158350987e-05 
-4.1291149872306683101e-12 
4.1662786684626404981e-12 
1.4975014387242558235e-07 
 2.529627315086922708e-07 
5.3664662470938674416e-05 
5.3561237199747105614e-05 
-4.2247104592929552768e-12 
4.2688315364084751787e-12 
1.4975018860367156173e-07 
2.5296284795378065917e-07 
 5.366466051088537284e-05 
5.3561234697234233124e-05 
-4.2505078749337720502e-12 
4.2623324514842090775e-12 
1.4975014263265485061e-07 
2.5296283914982777859e-07 
5.3664655423072897642e-05 
5.3561229626265645051e-05 
-4.257797175102410329e-12 
4.2577970663905432521e-12 
1.4975014456998064017e-07 
2.5296283444852265318e-07 
5.3664655469032613981e-05 
5.3561229672824315327e-05 
-4.2623324552120439108e-12 
4.2505079528269719952e-12 
1.4975014263264132456e-07 
2.5296283914979966769e-07 
5.3664655423073019615e-05 
5.3561229626265712813e-05 
-4.2688314416747616883e-12 
4.2247104761368785188e-12 
1.4975018860371804266e-07 
2.5296284795383481634e-07 
5.3664660510885264419e-05 
5.3561234697234483845e-05 
-4.1662787130396161583e-12 
4.1291149754016971683e-12 
1.4975014387244802872e-07 
2.5296273150866183056e-07 
5.3664662470938816717e-05 
5.3561237199747247916e-05 
-6.6851779197871029418e-12 
6.7972447072844571246e-12 
2.2106982751342239169e-07 
3.9304687976256835381e-07 
5.3461267349759432062e-05 
  5.32888199015573821e-05 
-6.8349796823061941689e-12 
6.9508356553272388421e-12 
2.2106989205773142206e-07 
3.9304707179192726518e-07 
5.3461265602110436598e-05 
5.3288817344046368965e-05 
-6.8615063281946925039e-12 
6.9247047678675734712e-12 
2.2106982743228841439e-07 
3.9304705950428012672e-07 
5.3461260532182987542e-05 
5.3288812315282064851e-05 
-6.8937535990761735939e-12 
6.8937536267724867528e-12 
2.2106983207000142956e-07 
3.9304705296344988577e-07 
 5.346126057855850219e-05 
5.3288812366124268833e-05 
-6.9247048524726429223e-12 
6.8615061976189983101e-12 
2.2106982743225199198e-07 
3.9304705950424126908e-07 
5.3461260532182885898e-05 
5.3288812315282058074e-05 
-6.9508357547167973792e-12 
6.8349797500024616297e-12 
2.2106989205768928217e-07 
3.9304707179191154213e-07 
5.3461265602110599228e-05 
5.3288817344046321531e-05 
-6.7972445791750471635e-12 
6.6851779684365327113e-12 
2.2106982751344949674e-07 
3.9304687976255834823e-07 
5.3461267349759628573e-05 
5.3288819901557775123e-05 
-1.0126306580450798267e-11 
1.0373426236449646629e-11 
2.9686201904351943222e-07 
5.6569779430629080108e-07 
5.3129180813713217059e-05 
    5.285937719718486e-05 
-1.0357902641888204487e-11 
1.0573049247598980276e-11 
2.9686209742712563744e-07 
5.6569808879156201937e-07 
5.3129179451692769189e-05 
 5.285937474163444178e-05 
-1.0377807882592864689e-11 
1.0513228664563256697e-11 
2.9686201258604258017e-07 
5.6569806764995190457e-07 
5.3129174426015019254e-05 
5.2859369790235592745e-05 
-1.0447126817481606698e-11 
1.0447126848955232854e-11 
2.9686201996404339319e-07 
5.6569805728777392082e-07 
5.3129174477655155377e-05 
5.2859369847923950688e-05 
-1.0513228625544496121e-11 
1.0377807909704263411e-11 
2.9686201258609578443e-07 
5.6569806765000463237e-07 
5.3129174426014951491e-05 
5.2859369790235558864e-05 
-1.0573049237185198032e-11 
1.0357902585970226392e-11 
2.9686209742714893085e-07 
5.6569808879157059558e-07 
5.3129179451692504915e-05 
 5.285937474163438757e-05 
-1.0373426286505297172e-11 
1.0126306580937976952e-11 
2.9686201904353822576e-07 
  5.65697794306301389e-07 
5.3129180813713366136e-05 
5.2859377197185090393e-05 
-1.5459997284487810096e-11 
1.6000708224012162748e-11 
3.7112516119383902782e-07 
7.9883546476662102091e-07 
5.2608305151050561608e-05 
5.2178431543243103331e-05 
-1.583360127952033266e-11 
1.6210654474231505949e-11 
3.7112523063612912529e-07 
7.9883592274675658331e-07 
5.2608304563341176056e-05 
5.2178429672141088684e-05 
-1.5844814675877582171e-11 
1.6081917883639223542e-11 
3.7112512695337493285e-07 
7.9883587887609920178e-07 
5.2608299604541522334e-05 
 5.217842482562508468e-05 
-1.5972758356907140823e-11 
1.5972758230499858536e-11 
3.7112513629105555547e-07 
 7.988358611961952166e-07 
5.2608299658555329379e-05 
5.2178424874234753759e-05 
-1.6081917994562427932e-11 
1.5844814623837775754e-11 
3.7112512695336312733e-07 
7.9883587887609369607e-07 
5.2608299604541441019e-05 
5.2178424825624901721e-05 
-1.6210654482365544498e-11 
1.5833601264559911789e-11 
3.7112523063607645043e-07 
 7.988359227467156081e-07 
5.2608304563341257371e-05 
5.2178429672141176776e-05 
-1.600070823662163292e-11 
1.5459997278081218703e-11 
3.7112516119387428557e-07 
7.9883546476663870272e-07 
5.2608305151050615818e-05 
5.2178431543243320172e-05 
-2.556622769406001813e-11 
  2.67088135479438576e-11 
4.2108027718407604359e-07 
1.1571548902266549647e-06 
5.1762453741884156854e-05 
5.1020517001734300296e-05 
-2.6266021801868152903e-11 
2.6877639616063798562e-11 
4.2107999887547853902e-07 
1.1571559596989278856e-06 
 5.176245483033940374e-05 
5.1020517091278950745e-05 
-2.6334465509028343976e-11 
2.6624591274698847367e-11 
4.2107988188229429461e-07 
 1.157155866323469077e-06 
5.1762449887262348481e-05 
5.1020512169856631595e-05 
-2.6507861535649080971e-11 
2.6507861756126066398e-11 
4.2107988841028785713e-07 
 1.157155840280072732e-06 
5.1762449909297551462e-05 
5.1020512145703927561e-05 
-2.6624591110852843875e-11 
2.6334465549914401777e-11 
4.2107988188229111824e-07 
1.1571558663234807237e-06 
5.1762449887262219732e-05 
5.1020512169856631595e-05 
-2.6877639574944653543e-11 
2.6266021968587019286e-11 
4.2107999887547065103e-07 
1.1571559596989463085e-06 
5.1762454830339505384e-05 
5.1020517091278808444e-05 
-2.6708813395187360517e-11 
2.5566227741396750234e-11 
4.2108027718409489007e-07 
1.1571548902267026103e-06 
5.1762453741884299156e-05 
 5.102051700173434773e-05 
-3.1373494567540177522e-11 
3.4010227205046159761e-11 
3.5818592142685402827e-07 
1.8443132161396796986e-06 
5.0239532706747540151e-05 
4.8732229811429618222e-05 
-3.4098809865601007729e-11 
3.3650411826109025481e-11 
3.5818504210646872716e-07 
 1.844315287629147635e-06 
5.0239538607814921746e-05 
 4.873223809141021478e-05 
-3.3550997571890797443e-11 
3.3548080949174663084e-11 
3.5818495903481865022e-07 
1.8443151898424490221e-06 
5.0239533012559332869e-05 
4.8732232189167998487e-05 
-3.3542474735975252949e-11 
3.3542474664208843284e-11 
3.5818496554871070235e-07 
1.8443151551390492342e-06 
5.0239532942171111793e-05 
4.8732232117930765795e-05 
-3.3548080941582941594e-11 
3.3550997674642953414e-11 
3.5818495903479228632e-07 
1.8443151898424416105e-06 
5.0239533012559292212e-05 
 4.873223218916790362e-05 
-3.365041176694113877e-11 
3.4098809733206459691e-11 
 3.581850421064948793e-07 
1.8443152876292058685e-06 
5.0239538607814833654e-05 
4.8732238091410377411e-05 
-3.4010227369861980822e-11 
3.1373494532665002126e-11 
3.5818592142686805726e-07 
 1.844313216139649629e-06 
 5.023953270674772311e-05 
4.8732229811429665655e-05 
-1.411922203571292633e-09 
1.4075642277134400092e-09 
-6.9247222815285756578e-07 
4.3293096691369546629e-06 
4.6639456522082539181e-05 
4.1324299671429251979e-05 
-1.4278846309644623842e-09 
1.4119666529325740634e-09 
-6.9247432522287413979e-07 
4.3293122813051056837e-06 
4.6639474992606491188e-05 
4.1324262536745306519e-05 
-1.4142050337085162189e-09 
 1.413745450383447225e-09 
-6.9247525499723990055e-07 
4.3293125665557936356e-06 
4.6639470489753891938e-05 
4.1324261715598492508e-05 
-1.413844973938325351e-09 
1.4138449739469803486e-09 
-6.9247521674115385655e-07 
4.3293124997758770104e-06 
4.6639470458483922415e-05 
4.1324261840470732335e-05 
-1.4137454504281478586e-09 
1.4142050335960548108e-09 
-6.9247525499730681616e-07 
4.3293125665557326493e-06 
4.6639470489753708979e-05 
4.1324261715598492508e-05 
-1.4119666530326420312e-09 
 1.427884630908696142e-09 
-6.924743252228447054e-07 
4.3293122813051166951e-06 
 4.663947499260652507e-05 
4.1324262536745353953e-05 
-1.4075642277384620159e-09 
1.4119222035480240424e-09 
-6.9247222815277868584e-07 
  4.32930966913700972e-06 
4.6639456522082620496e-05 
4.1324299671429441715e-05 
3.0261393101739345339e-05 
3.6759882913042954248e-05 
-1.441226137293013166e-06 
-7.8654033888592134026e-06 
3.5283349930333152022e-09 
-3.5346604302146851385e-09 
4.1687775035136738456e-05 
 4.878779190628026194e-05 
-1.7021018362527883716e-06 
-8.7402407608511658617e-06 
-3.4733585883682433598e-09 
3.4723893296001048614e-09 
 3.026140472625059137e-05 
3.6759898504346769207e-05 
-1.4412258721133600106e-06 
-7.8653792042231470804e-06 
3.5199236125425271069e-09 
-3.532353446991619356e-09 
4.1687789798197094084e-05 
4.8787812169245815992e-05 
-1.7020897861660832371e-06 
-8.7402276187741345409e-06 
-3.4673554624512032807e-09 
3.4658686569139855617e-09 
3.0261406149873289098e-05 
3.6759901100596922277e-05 
-1.4412265239597874673e-06 
-7.8653794392613729416e-06 
3.5261478348748747059e-09 
-3.5292303658276091901e-09 
4.1687792169103076204e-05 
4.8787813542322191898e-05 
-1.7020901746229530405e-06 
-8.7402282300316187856e-06 
-3.4711974812786145457e-09 
3.4680760145667802975e-09 
 3.026140618492158122e-05 
3.6759901417102607598e-05 
-1.4412266281445596117e-06 
-7.8653793447634466119e-06 
3.5279044382466580496e-09 
-3.5279044382879947464e-09 
4.1687792569788976137e-05 
  4.87878141858290597e-05 
-1.7020902777231164366e-06 
-8.7402281564166036737e-06 
-3.4695156950946937561e-09 
3.4695156951558145452e-09 
3.0261406149873299262e-05 
3.6759901100596935829e-05 
-1.4412265239597540095e-06 
-7.8653794392613119552e-06 
3.5292303658280389104e-09 
-3.5261478348721611399e-09 
4.1687792169103055876e-05 
4.8787813542322239332e-05 
-1.7020901746229750634e-06 
-8.7402282300316696075e-06 
-3.4680760145821766102e-09 
 3.471197481257908147e-09 
3.0261404726250618475e-05 
 3.675989850434667434e-05 
-1.4412258721133983388e-06 
-7.8653792042231911261e-06 
3.5323534469727100072e-09 
-3.5199236125580541141e-09 
4.1687789798197039874e-05 
4.8787812169245578823e-05 
-1.7020897861661039894e-06 
-8.7402276187741667282e-06 
-3.4658686569170295864e-09 
3.4673554624666405389e-09 
3.0261393101739314846e-05 
 3.675988291304275096e-05 
-1.4412261372930174012e-06 
-7.8654033888592354254e-06 
3.5346604302045343916e-09 
-3.528334992996487467e-09 
 4.168777503513649451e-05 
 4.878779190628020773e-05 
-1.7021018362527881598e-06 
-8.7402407608511184278e-06 
-3.4723893295768726667e-09 
3.4733585883625846173e-09 
-2.6207479432135059557e-05 
-2.6206397403763152478e-05 
4.2533614097335760409e-09 
3.1715591037227543451e-09 
2.5651769308033972171e-13 
3.1649996303730393443e-13 
-2.6205672552012353177e-05 
-2.6204769839290089077e-05 
3.5415429879583913131e-09 
2.6393109863842563583e-09 
8.2922116644718876753e-14 
-6.8519766621497214669e-13 
-2.6204168334623335239e-05 
-2.6203424064381974342e-05 
2.9165707280463211287e-09 
2.1727197741864296624e-09 
1.0316256384149062352e-13 
-2.684496459450617528e-14 
-2.6202931835470694361e-05 
-2.6202328445612478087e-05 
2.3619676887195009513e-09 
1.7589368189049923953e-09 
7.8424952731571567099e-14 
-4.0572922666685878698e-14 
-2.6201934088114818496e-05 
-2.6201457803965945485e-05 
1.8629417613854747548e-09 
 1.386919540434720658e-09 
6.9417442388968975103e-14 
-5.0508855709865884252e-15 
-2.6201152384452494349e-05 
-2.6200792526798866557e-05 
1.4069589734152825777e-09 
1.0472266683362450687e-09 
8.0597182094414490372e-14 
 9.470797938247586405e-14 
-2.6200569299239704436e-05 
-2.6200318100060530365e-05 
9.8297506731315525458e-10 
7.3159552838190276435e-10 
1.5792835553361185956e-13 
 4.332298186956813445e-13 
-2.6200172516243955793e-05 
-2.620002626641818871e-05 
5.8116082614094618493e-10 
4.3248194146487704697e-10 
 3.873555111167208784e-13 
2.0754017894803403049e-12 
-2.6199945669922521411e-05 
-2.6199994134936641392e-05 
1.7298344047164300678e-10 
1.5993227040502587436e-10 
1.1323242369832645812e-11 
-1.9782554938888079828e-13 
-2.620761347123308385e-05 
-2.620653056986750994e-05 
4.2532946865259703722e-09 
3.1713481792677714214e-09 
6.4834667369987408415e-13 
1.0057696681429216778e-13 
-2.6205805487400267103e-05 
-2.6204902772308594352e-05 
3.5413611835145425068e-09 
2.6392008782555645313e-09 
 1.224545936501608798e-13 
-3.7619776756218166793e-14 
-2.6204301238002717734e-05 
-2.6203556874766653102e-05 
2.9165813394696325187e-09 
2.1727039123993403498e-09 
1.4566612975990949114e-13 
-4.0943694791402309945e-14 
-2.6203064614110258771e-05 
-2.6202461198725823718e-05 
2.3619634174297669409e-09 
1.7589276180218087225e-09 
1.0866900343990552159e-13 
-2.9401221231949372228e-14 
-2.6202066820232602608e-05 
-2.6201590496936065673e-05 
1.8629339184549663946e-09 
 1.386904239046796462e-09 
1.2191580504012181021e-13 
1.7086797226764443211e-14 
-2.6201285026063347763e-05 
-2.6200925048625871332e-05 
1.4069485693413948933e-09 
1.0471891112181478861e-09 
 2.181272886390585004e-13 
1.4017337932876100207e-13 
-2.6200701600406515264e-05 
-2.6200449653599588708e-05 
9.8304905292004924242e-10 
7.3142680350284689172e-10 
6.0559699473441575805e-13 
4.3080624650542425823e-13 
-2.620030330706985897e-05 
-2.6200153664810032795e-05 
5.8014096126205702681e-10 
4.3367264903783465735e-10 
3.5629775902637308396e-13 
2.6357148890285008064e-12 
-2.6200064305436338534e-05 
-2.6200014346585219331e-05 
1.9128831056582704273e-10 
1.4668526279892940063e-10 
1.9703400544149646117e-11 
-7.5500871625244314842e-12 
-2.6207612096059254466e-05 
-2.620652929698634288e-05 
4.2533540316601622037e-09 
3.1713203408170373406e-09 
3.0457814459040923134e-13 
-8.4288123912404036196e-14 
-2.6205804191008873888e-05 
-2.6204901388580335289e-05 
3.5413571143890546682e-09 
2.6392028815578831732e-09 
1.8893836432306289303e-13 
-7.3435546046336699779e-14 
-2.6204299823977557208e-05 
-2.6203555455543519042e-05 
2.9165783499498688892e-09 
2.1726973158507795439e-09 
1.2358342207881572852e-13 
-6.3351572743103499079e-14 
-2.6203063185239317798e-05 
-2.6202459750739365063e-05 
2.3619569547546058707e-09 
1.7589175850320535146e-09 
 1.060100713375535316e-13 
-4.7712164962180822655e-14 
-2.620206535263365849e-05 
-2.6201588991124856443e-05 
1.8629244307834836594e-09 
1.3868871042082636451e-09 
1.2033025317631669983e-13 
-1.4756240375257671231e-14 
-2.6201283473656530843e-05 
-2.620092339473856116e-05 
1.4069415630031410705e-09 
1.0471529434153213338e-09 
2.0108135377420032537e-13 
5.2902187436628658893e-14 
-2.6200699835508676388e-05 
-2.6200447635457042048e-05 
9.8308466389321463765e-10 
7.3134804103363994918e-10 
 4.565057708992355789e-13 
 1.566207223368674383e-13 
-2.6200301188286157558e-05 
-2.620015140143208812e-05 
5.8022717813598470127e-10 
4.3351118782628992425e-10 
-3.5279700198358875812e-13 
1.7088366829589617286e-12 
-2.6200063717697425413e-05 
-2.6200018102634859346e-05 
1.9230825703903023428e-10 
1.4623151703737704655e-10 
1.0898812784673628132e-11 
-9.8131054723882141619e-12 
-2.6207612111244518944e-05 
-2.6206529326874784726e-05 
4.2533634263073876393e-09 
3.1713185003583814826e-09 
1.8071061803569392055e-13 
-1.8071054530968790012e-13 
-2.6205804223423516961e-05 
-2.6204901414683027752e-05 
3.5413593373761047394e-09 
2.6391994128171738906e-09 
1.3161150284414998382e-13 
-1.3161148662564132197e-13 
-2.6204299844404844321e-05 
-2.6203555468662836279e-05 
2.9165768627606126674e-09 
2.1726941424350324777e-09 
9.6270810523904762505e-14 
-9.6270874997842436881e-14 
-2.6203063193505488613e-05 
-2.6202459751756502555e-05 
2.3619542618776450347e-09 
1.7589135254514375058e-09 
7.9764145228976897004e-14 
-7.9764094170627988916e-14 
-2.620206534614553858e-05 
-2.6201588970112388148e-05 
1.8629209221980388948e-09 
1.3868801914608992833e-09 
 7.302817764531723704e-14 
-7.3028193375230748231e-14 
-2.6201283437151846883e-05 
-2.6200923329372533953e-05 
1.4069405727786958836e-09 
1.0471403953500044844e-09 
8.3005823832491658589e-14 
-8.3005900956281534442e-14 
-2.6200699744269234984e-05 
-2.6200447509458909087e-05 
9.8310208491264283015e-10 
7.3133018852952145427e-10 
1.5382622412761407673e-13 
-1.5382623066116903462e-13 
-2.6200301073164205466e-05 
-2.6200151406987133476e-05 
5.8030487112667710423e-10 
 4.335055118999422474e-10 
-1.1468909025801553454e-12 
1.1468909636211519624e-12 
-2.6200063889432257714e-05 
-2.6200018531338146001e-05 
1.9241628606214301094e-10 
1.4626015370223968427e-10 
1.0194074675960529431e-11 
-1.0194074750943951127e-11 
-2.6207612096059298512e-05 
-2.620652929698628867e-05 
4.2533540316603235039e-09 
3.1713203408089471007e-09 
8.4288223621277400231e-14 
-3.0457807466985012456e-13 
-2.620580419100881629e-05 
-2.6204901388580403051e-05 
3.5413571144194796119e-09 
2.6392028815967470135e-09 
 7.343551993106394399e-14 
-1.8893836637290631797e-13 
-2.6204299823977638523e-05 
 -2.62035554555435597e-05 
2.9165783499679758728e-09 
2.1726973158299420371e-09 
6.3351531183152056217e-14 
-1.235834472862326447e-13 
-2.6203063185239304245e-05 
-2.6202459750739344734e-05 
2.3619569547165290927e-09 
1.7589175850224272002e-09 
4.7712203643514457626e-14 
-1.0601006450588837841e-13 
-2.6202065352633702535e-05 
-2.6201588991124832726e-05 
1.8629244308358218583e-09 
1.3868871042253143191e-09 
1.4756228203459558074e-14 
-1.2033026985929916534e-13 
-2.6201283473656517291e-05 
-2.6200923394738588265e-05 
1.4069415629783285473e-09 
1.0471529434071403107e-09 
-5.290222673564584157e-14 
-2.0108134326287296939e-13 
-2.6200699835508761091e-05 
-2.6200447635457079317e-05 
9.8308466388733958735e-10 
7.3134804101435330262e-10 
-1.566207317977277967e-13 
-4.5650581038516407606e-13 
-2.6200301188286174498e-05 
-2.6200151401432149106e-05 
5.8022717813150510467e-10 
 4.335111878145204366e-10 
-1.7088366230122471099e-12 
3.5279707949429971137e-13 
-2.620006371769755755e-05 
-2.6200018102634930496e-05 
1.9230825707904532905e-10 
1.4623151706392246148e-10 
9.8131053786244531424e-12 
-1.0898812903090534725e-11 
-2.620761347123308385e-05 
-2.6206530569867533657e-05 
4.2532946865568126286e-09 
3.1713481792884000651e-09 
-1.0057691182676654877e-13 
-6.4834659875519366283e-13 
-2.6205805487400256939e-05 
-2.6204902772308601128e-05 
3.5413611835145263768e-09 
2.6392008782743415312e-09 
3.7619793549532384581e-14 
-1.2245457163826580795e-13 
-2.6204301238002799049e-05 
-2.6203556874766636162e-05 
2.9165813394666128959e-09 
2.1727039123972496508e-09 
4.0943656847132840629e-14 
-1.4566621084527681672e-13 
-2.6203064614110265548e-05 
-2.6202461198725905033e-05 
2.3619634174112720096e-09 
1.7589276179930395876e-09 
2.9401221265893255497e-14 
-1.0866898314808526499e-13 
-2.6202066820232585668e-05 
-2.620159049693601824e-05 
1.8629339185003277386e-09 
1.3869042390880568513e-09 
-1.7086795000532079584e-14 
-1.2191576595889417928e-13 
-2.620128502606333421e-05 
-2.6200925048625864556e-05 
1.4069485693167788254e-09 
1.0471891112083873616e-09 
-1.4017337293966048609e-13 
-2.1812735220558452065e-13 
-2.6200701600406420396e-05 
-2.620044965359949384e-05 
9.8304905290896419503e-10 
7.3142680349816804798e-10 
-4.3080629253826470614e-13 
-6.0559705150952119092e-13 
-2.620030330706980476e-05 
-2.6200153664809954868e-05 
5.8014096127970709653e-10 
4.3367264903758702016e-10 
-2.635714811740448103e-12 
-3.5629766583839035533e-13 
-2.6200064305436301265e-05 
-2.6200014346585253212e-05 
1.9128831055823060373e-10 
1.4668526281094815399e-10 
7.5500870500837771854e-12 
-1.9703400615491172522e-11 
-2.6207479432134951137e-05 
-2.6206397403763155866e-05 
4.2533614097408461313e-09 
 3.171559103738167615e-09 
-3.1649990649710875833e-13 
-2.5651767590728644341e-13 
-2.620567255201231252e-05 
-2.6204769839289997598e-05 
3.5415429879544001667e-09 
2.6393109863773746292e-09 
6.8519769334579951648e-13 
-8.292211118802723731e-14 
-2.620416833462324376e-05 
-2.6203424064381886251e-05 
 2.916570728068161592e-09 
2.1727197742102942367e-09 
2.6844888323256546563e-14 
-1.0316258786290391399e-13 
-2.6202931835470738407e-05 
-2.6202328445612417101e-05 
2.3619676887108705624e-09 
 1.758936818903409792e-09 
4.0572948217385620542e-14 
-7.8424949725655016186e-14 
-2.6201934088114788002e-05 
-2.6201457803965786243e-05 
1.8629417614167223296e-09 
1.3869195404222914421e-09 
5.0509156349899038013e-15 
-6.9417432539503125639e-14 
-2.6201152384452385929e-05 
-2.6200792526798822511e-05 
1.4069589734044628485e-09 
1.0472266683422202079e-09 
-9.4708048227710297172e-14 
-8.0597200531333076449e-14 
-2.6200569299239680719e-05 
-2.620031810006064895e-05 
9.8297506729386271436e-10 
7.3159552838028014618e-10 
-4.3322987674887831436e-13 
-1.5792837361356207603e-13 
-2.6200172516244050661e-05 
-2.6200026266418131112e-05 
5.8116082615250003694e-10 
4.3248194146840233564e-10 
-2.0754017046244117733e-12 
-3.8735548350753885797e-13 
-2.6199945669922490918e-05 
-2.6199994134936617675e-05 
1.7298344046293186435e-10 
1.5993227040287161171e-10 
1.9782550390623503641e-13 
-1.132324238474902093e-11 
