%           X (m)            Y (m)            Z (m)         RealPolX         RealPolY         RealPolZ
      0.068755435     0.0010916536      0.009688694        520.73337       0.23804011        2.3811307 
      0.068755435     0.0032202209     0.0092028625        520.94348        0.7506328         2.272386 
      0.068755435     0.0051873127     0.0082555609        520.93397        1.2599864        2.0342547 
      0.068755435     0.0068942911     0.0068942911         520.9331        1.6919744        1.6919744 
      0.068755435     0.0082555609     0.0051873127        520.93397        2.0342547        1.2599864 
      0.068755435     0.0092028625     0.0032202209        520.94348         2.272386        0.7506328 
      0.068755435      0.009688694     0.0010916536        520.73337        2.3811307       0.23804011 
      0.066566304     0.0010916536      0.009688694        525.45808       0.24684044        2.2667045 
      0.066566304     0.0032202209     0.0092028625        525.72644       0.73795031        2.1574166 
      0.066566304     0.0051873127     0.0082555609        525.71203        1.2045788        1.9359262 
      0.066566304     0.0068942911     0.0068942911        525.70942         1.612253         1.612253 
      0.066566304     0.0082555609     0.0051873127        525.71203        1.9359262        1.2045788 
      0.066566304     0.0092028625     0.0032202209        525.72644        2.1574166       0.73795031 
      0.066566304      0.009688694     0.0010916536        525.45808        2.2667045       0.24684044 
      0.064377174     0.0010916536      0.009688694        530.99033       0.24871697        2.2379642 
      0.064377174     0.0032202209     0.0092028625        531.27174       0.73720934        2.1276448 
      0.064377174     0.0051873127     0.0082555609        531.26366        1.1938974        1.9091609 
      0.064377174     0.0068942911     0.0068942911        531.26178        1.5922077        1.5922077 
      0.064377174     0.0082555609     0.0051873127        531.26366        1.9091609        1.1938974 
      0.064377174     0.0092028625     0.0032202209        531.27174        2.1276448       0.73720934 
      0.064377174      0.009688694     0.0010916536        530.99033        2.2379642       0.24871697 
      0.062188043     0.0010916536      0.009688694        536.74978       0.24322634        2.1761822 
      0.062188043     0.0032202209     0.0092028625        537.03691       0.71974362        2.0680665 
      0.062188043     0.0051873127     0.0082555609        537.03181        1.1629557        1.8553794 
      0.062188043     0.0068942911     0.0068942911        537.03098        1.5483675        1.5483675 
      0.062188043     0.0082555609     0.0051873127        537.03181        1.8553794        1.1629557 
      0.062188043     0.0092028625     0.0032202209        537.03691        2.0680665       0.71974362 
      0.062188043      0.009688694     0.0010916536        536.74978        2.1761822       0.24322634 
      0.059998913     0.0010916536      0.009688694        542.49671       0.23524696        2.1002731 
      0.059998913     0.0032202209     0.0092028625        542.78788       0.69572144        1.9956114 
      0.059998913     0.0051873127     0.0082555609        542.78392        1.1231842        1.7902329 
      0.059998913     0.0068942911     0.0068942911        542.78359        1.4944012        1.4944012 
      0.059998913     0.0082555609     0.0051873127        542.78392        1.7902329        1.1231842 
      0.059998913     0.0092028625     0.0032202209        542.78788        1.9956114       0.69572144 
      0.059998913      0.009688694     0.0010916536        542.49671        2.1002731       0.23524696 
      0.057809783     0.0010916536      0.009688694        548.11551       0.22606366        2.0166028 
      0.057809783     0.0032202209     0.0092028625        548.41006       0.66841618        1.9159903 
      0.057809783     0.0051873127     0.0082555609        548.40652        1.0787455        1.7187488 
      0.057809783     0.0068942911     0.0068942911        548.40639        1.4348843        1.4348843 
      0.057809783     0.0082555609     0.0051873127        548.40652        1.7187488        1.0787455 
      0.057809783     0.0092028625     0.0032202209        548.41006        1.9159903       0.66841618 
      0.057809783      0.009688694     0.0010916536        548.11551        2.0166028       0.22606366 
      0.055620652     0.0010916536      0.009688694        553.54613       0.21628837        1.9287755 
      0.055620652     0.0032202209     0.0092028625        553.84373       0.63946026        1.8324994 
      0.055620652     0.0051873127     0.0082555609        553.84034         1.031881        1.6438306 
      0.055620652     0.0068942911     0.0068942911        553.84029        1.3723986        1.3723986 
      0.055620652     0.0082555609     0.0051873127        553.84034        1.6438306         1.031881 
      0.055620652     0.0092028625     0.0032202209        553.84373        1.8324994       0.63946026 
      0.055620652      0.009688694     0.0010916536        553.54613        1.9287755       0.21628837 
      0.053431522     0.0010916536      0.009688694        558.75687       0.20624066        1.8389439 
      0.053431522     0.0032202209     0.0092028625        559.05733       0.60973557         1.747135 
      0.053431522     0.0051873127     0.0082555609        559.05397         0.983866        1.5672465 
      0.053431522     0.0068942911     0.0068942911        559.05395        1.3084825        1.3084825 
      0.053431522     0.0082555609     0.0051873127        559.05397        1.5672465         0.983866 
      0.053431522     0.0092028625     0.0032202209        559.05733         1.747135       0.60973557 
      0.053431522      0.009688694     0.0010916536        558.75687        1.8389439       0.20624066 
      0.051242391     0.0010916536      0.009688694         563.7316       0.19610514        1.7484889 
      0.051242391     0.0032202209     0.0092028625        564.03475       0.57976455        1.6611897 
      0.051242391     0.0051873127     0.0082555609        564.03139       0.93548744         1.490147 
      0.051242391     0.0068942911     0.0068942911        564.03139         1.244121         1.244121 
      0.051242391     0.0082555609     0.0051873127        564.03139         1.490147       0.93548744 
      0.051242391     0.0092028625     0.0032202209        564.03475        1.6611897       0.57976455 
      0.051242391      0.009688694     0.0010916536         563.7316        1.7484889       0.19610514 
      0.049053261     0.0010916536      0.009688694        568.46307       0.18599595        1.6583272 
      0.049053261     0.0032202209     0.0092028625        568.76877       0.54987603        1.5755276 
      0.049053261     0.0051873127     0.0082555609         568.7654        0.8872545        1.4133037 
      0.049053261     0.0068942911     0.0068942911         568.7654        1.1799677        1.1799677 
      0.049053261     0.0082555609     0.0051873127         568.7654        1.4133037        0.8872545 
      0.049053261     0.0092028625     0.0032202209        568.76877        1.5755276       0.54987603 
      0.049053261      0.009688694     0.0010916536        568.46307        1.6583272       0.18599595 
       0.04686413     0.0010916536      0.009688694        572.94924       0.17598619        1.5690728 
       0.04686413     0.0032202209     0.0092028625        573.25737       0.52028299         1.490729 
       0.04686413     0.0051873127     0.0082555609        573.25397       0.83950277        1.3372359 
       0.04686413     0.0068942911     0.0068942911        573.25397        1.1164597        1.1164597 
       0.04686413     0.0082555609     0.0051873127        573.25397        1.3372359       0.83950277 
       0.04686413     0.0092028625     0.0032202209        573.25737         1.490729       0.52028299 
       0.04686413      0.009688694     0.0010916536        572.94924        1.5690728       0.17598619 
         0.044675     0.0010916536      0.009688694        577.19119       0.16612281        1.4811304 
         0.044675     0.0032202209     0.0092028625         577.5016       0.49112312        1.4071773 
         0.044675     0.0051873127     0.0082555609        577.49818       0.79245145        1.2622869 
         0.044675     0.0068942911     0.0068942911        577.49818         1.053885         1.053885 
         0.044675     0.0082555609     0.0051873127        577.49818        1.2622869       0.79245145 
         0.044675     0.0092028625     0.0032202209         577.5016        1.4071773       0.49112312 
         0.044675      0.009688694     0.0010916536        577.19119        1.4811304       0.16612281 
       0.04248587     0.0010916536      0.009688694        581.19183       0.15643507        1.3947554 
       0.04248587     0.0032202209     0.0092028625        581.50439       0.46248254         1.325115 
       0.04248587     0.0051873127     0.0082555609        581.50095       0.74623838        1.1886742 
       0.04248587     0.0068942911     0.0068942911        581.50095       0.99242573       0.99242573 
       0.04248587     0.0082555609     0.0051873127        581.50095        1.1886742       0.74623838 
       0.04248587     0.0092028625     0.0032202209        581.50439         1.325115       0.46248254 
       0.04248587      0.009688694     0.0010916536        581.19183        1.3947554       0.15643507 
      0.040296739     0.0010916536      0.009688694        584.95513       0.14693987        1.3100963 
      0.040296739     0.0032202209     0.0092028625        585.26972       0.43441102        1.2446828 
      0.040296739     0.0051873127     0.0082555609        585.26625       0.70094336        1.1165236 
      0.040296739     0.0068942911     0.0068942911        585.26626        0.9321873        0.9321873 
      0.040296739     0.0082555609     0.0051873127        585.26625        1.1165236       0.70094336 
      0.040296739     0.0092028625     0.0032202209        585.26972        1.2446828       0.43441102 
      0.040296739      0.009688694     0.0010916536        584.95513        1.3100963       0.14693987 
      0.038107609     0.0010916536      0.009688694        588.48565       0.13764533        1.2272233 
      0.038107609     0.0032202209     0.0092028625        588.80214       0.40693245        1.1659474 
      0.038107609     0.0051873127     0.0082555609        588.79865       0.65660448        1.0458951 
      0.038107609     0.0068942911     0.0068942911        588.79865       0.87321984       0.87321984 
      0.038107609     0.0082555609     0.0051873127        588.79865        1.0458951       0.65660448 
      0.038107609     0.0092028625     0.0032202209        588.80214        1.1659474       0.40693245 
      0.038107609      0.009688694     0.0010916536        588.48565        1.2272233       0.13764533 
      0.035918478     0.0010916536      0.009688694         591.7882       0.12855351        1.1461505 
      0.035918478     0.0032202209     0.0092028625        592.10647       0.38005251        1.0889218 
      0.035918478     0.0051873127     0.0082555609        592.10296       0.61322998       0.97680005 
      0.035918478     0.0068942911     0.0068942911        592.10296       0.81553332       0.81553332 
      0.035918478     0.0082555609     0.0051873127        592.10296       0.97680005       0.61322998 
      0.035918478     0.0092028625     0.0032202209        592.10647        1.0889218       0.38005251 
      0.035918478      0.009688694     0.0010916536         591.7882        1.1461505       0.12855351 
      0.033729348     0.0010916536      0.009688694        594.86768       0.11966262        1.0668509 
      0.033729348     0.0032202209     0.0092028625         595.1876       0.35376491        1.0135795 
      0.033729348     0.0051873127     0.0082555609        595.18407       0.57080743       0.90921453 
      0.033729348     0.0068942911     0.0068942911        595.18407       0.75910871       0.75910871 
      0.033729348     0.0082555609     0.0051873127        595.18407       0.90921453       0.57080743 
      0.033729348     0.0092028625     0.0032202209         595.1876        1.0135795       0.35376491 
      0.033729348      0.009688694     0.0010916536        594.86768        1.0668509       0.11966262 
      0.031540217     0.0010916536      0.009688694        597.72891       0.11096946       0.98926822 
      0.031540217     0.0032202209     0.0092028625        598.05035       0.32805768       0.93986529 
      0.031540217     0.0051873127     0.0082555609        598.04678       0.52931159        0.8430879 
      0.031540217     0.0068942911     0.0068942911        598.04677       0.70390623       0.70390623 
      0.031540217     0.0082555609     0.0051873127        598.04678        0.8430879       0.52931159 
      0.031540217     0.0092028625     0.0032202209        598.05035       0.93986529       0.32805768 
      0.031540217      0.009688694     0.0010916536        597.72891       0.98926822       0.11096946 
      0.029351087     0.0010916536      0.009688694        600.37654       0.10247341       0.91332479 
      0.029351087     0.0032202209     0.0092028625        600.69937       0.30292214       0.86770022 
      0.029351087     0.0051873127     0.0082555609        600.69575       0.48871329       0.77834733 
      0.029351087     0.0068942911     0.0068942911        600.69572       0.64987128       0.64987128 
      0.029351087     0.0082555609     0.0051873127        600.69575       0.77834733       0.48871329 
      0.029351087     0.0092028625     0.0032202209        600.69937       0.86770022       0.30292214 
      0.029351087      0.009688694     0.0010916536        600.37654       0.91332479       0.10247341 
      0.027161957     0.0010916536      0.009688694        602.81507      0.094185418       0.83892676 
      0.027161957     0.0032202209     0.0092028625        603.13911       0.27837131       0.79698232 
      0.027161957     0.0051873127     0.0082555609        603.13536       0.44899301       0.71489647 
      0.027161957     0.0068942911     0.0068942911        603.13528       0.59693885       0.59693885 
      0.027161957     0.0082555609     0.0051873127        603.13536       0.71489647       0.44899301 
      0.027161957     0.0092028625     0.0032202209        603.13911       0.79698232       0.27837131 
      0.027161957      0.009688694     0.0010916536        602.81507       0.83892676      0.094185418 
      0.024972826     0.0010916536      0.009688694        605.04879      0.086155178        0.7659655 
      0.024972826     0.0032202209     0.0092028625        605.37375       0.25448616       0.72757493 
      0.024972826     0.0051873127     0.0082555609        605.36969       0.41016401       0.65260621 
      0.024972826     0.0068942911     0.0068942911        605.36952       0.54503658       0.54503658 
      0.024972826     0.0082555609     0.0051873127        605.36969       0.65260621       0.41016401 
      0.024972826     0.0092028625     0.0032202209        605.37375       0.72757493       0.25448616 
      0.024972826      0.009688694     0.0010916536        605.04879        0.7659655      0.086155178 
      0.022783696     0.0010916536      0.009688694        607.08202      0.078604854       0.69430729 
      0.022783696     0.0032202209     0.0092028625        607.40706        0.2315657       0.65925863 
      0.022783696     0.0051873127     0.0082555609         607.4024       0.37227538        0.5913172 
      0.022783696     0.0068942911     0.0068942911        607.40215       0.49408734       0.49408734 
      0.022783696     0.0082555609     0.0051873127         607.4024        0.5913172       0.37227538 
      0.022783696     0.0092028625     0.0032202209        607.40706       0.65925863        0.2315657 
      0.022783696      0.009688694     0.0010916536        607.08202       0.69430729      0.078604854 
      0.020594565     0.0010916536      0.009688694         608.9202      0.072665132       0.62368566 
      0.020594565     0.0032202209     0.0092028625        609.24107       0.21049908       0.59157261 
      0.020594565     0.0051873127     0.0082555609        609.23678       0.33506459       0.53102474 
      0.020594565     0.0068942911     0.0068942911        609.23665       0.44398951       0.44398951 
      0.020594565     0.0082555609     0.0051873127        609.23678       0.53102474       0.33506459 
      0.020594565     0.0092028625     0.0032202209        609.24107       0.59157261       0.21049908 
      0.020594565      0.009688694     0.0010916536         608.9202       0.62368566      0.072665132 
      0.074124038      0.001175627      0.010433978        238.96774       0.48254808        4.3222244 
      0.074124038     0.0034679302      0.009910775        238.97782        1.4285194        4.1076895 
      0.074124038     0.0055863368     0.0088906041        238.98207        2.3092044        3.6852966 
      0.074124038     0.0074246212     0.0074246212        238.98401        3.0752112        3.0752112 
      0.074124038     0.0088906041     0.0055863368        238.98207        3.6852966        2.3092044 
      0.074124038      0.009910775     0.0034679302        238.97782        4.1076895        1.4285194 
      0.074124038      0.010433978      0.001175627        238.96774        4.3222244       0.48254808 
      0.076322115      0.001175627      0.010433978        233.60622       0.47472583        4.2322337 
      0.076322115     0.0034679302      0.009910775        233.60959        1.4026193        4.0211768 
      0.076322115     0.0055863368     0.0088906041        233.61081        2.2633817        3.6075232 
      0.076322115     0.0074246212     0.0074246212        233.61194        3.0114031        3.0114031 
      0.076322115     0.0088906041     0.0055863368        233.61081        3.6075232        2.2633817 
      0.076322115      0.009910775     0.0034679302        233.60959        4.0211768        1.4026193 
      0.076322115      0.010433978      0.001175627        233.60622        4.2322337       0.47472583 
      0.078520192      0.001175627      0.010433978        227.44936       0.53433334        4.7492132 
      0.078520192     0.0034679302      0.009910775         227.4501        1.5768886        4.5115405 
      0.078520192     0.0055863368     0.0088906041        227.44954        2.5415995        4.0473163 
      0.078520192     0.0074246212     0.0074246212        227.45019        3.3793847        3.3793847 
      0.078520192     0.0088906041     0.0055863368        227.44954        4.0473163        2.5415995 
      0.078520192      0.009910775     0.0034679302         227.4501        4.5115405        1.5768886 
      0.078520192      0.010433978      0.001175627        227.44936        4.7492132       0.53433334 
      0.080718269      0.001175627      0.010433978         220.3637       0.59607336        5.2929033 
      0.080718269     0.0034679302      0.009910775        220.36361        1.7585731        5.0276857 
      0.080718269     0.0055863368     0.0088906041        220.36222        2.8333637        4.5102311 
      0.080718269     0.0074246212     0.0074246212        220.36253        3.7663062        3.7663062 
      0.080718269     0.0088906041     0.0055863368        220.36222        4.5102311        2.8333637 
      0.080718269      0.009910775     0.0034679302        220.36361        5.0276857        1.7585731 
      0.080718269      0.010433978      0.001175627         220.3637        5.2929033       0.59607336 
      0.082916346      0.001175627      0.010433978        212.35165       0.66256807        5.8812745 
      0.082916346     0.0034679302      0.009910775        212.35127        1.9545489         5.586433 
      0.082916346     0.0055863368     0.0088906041        212.34957         3.148677        5.0114131 
      0.082916346     0.0074246212     0.0074246212        212.34972        4.1849985        4.1849985 
      0.082916346     0.0088906041     0.0055863368        212.34957        5.0114131         3.148677 
      0.082916346      0.009910775     0.0034679302        212.35127         5.586433        1.9545489 
      0.082916346      0.010433978      0.001175627        212.35165        5.8812745       0.66256807 
      0.085114423      0.001175627      0.010433978        203.35984       0.73414952        6.5157499 
      0.085114423     0.0034679302      0.009910775        203.35939        2.1656222        6.1890384 
      0.085114423     0.0055863368     0.0088906041        203.35762        3.4885129        5.5519657 
      0.085114423     0.0074246212     0.0074246212        203.35769        4.6364882        4.6364882 
      0.085114423     0.0088906041     0.0055863368        203.35762        5.5519657        3.4885129 
      0.085114423      0.009910775     0.0034679302        203.35939        6.1890384        2.1656222 
      0.085114423      0.010433978      0.001175627        203.35984        6.5157499       0.73414952 
        0.0873125      0.001175627      0.010433978        193.28711        0.8119483        7.2057514 
        0.0873125     0.0034679302      0.009910775        193.28672        2.3950654        6.8444107 
        0.0873125     0.0055863368     0.0088906041        193.28498        3.8580137        6.1398653 
        0.0873125     0.0074246212     0.0074246212        193.28503        5.1274857        5.1274857 
        0.0873125     0.0088906041     0.0055863368        193.28498        6.1398653        3.8580137 
        0.0873125      0.009910775     0.0034679302        193.28672        6.8444107        2.3950654 
        0.0873125      0.010433978      0.001175627        193.28711        7.2057514        0.8119483 
      0.089510577      0.001175627      0.010433978        181.96743       0.89755226        7.9650802 
      0.089510577     0.0034679302      0.009910775        181.96717        2.6475315        7.5656399 
      0.089510577     0.0055863368     0.0088906041        181.96554        4.2646141        6.7868478 
      0.089510577     0.0074246212     0.0074246212        181.96559        5.6678145        5.6678145 
      0.089510577     0.0088906041     0.0055863368        181.96554        6.7868478        4.2646141 
      0.089510577      0.009910775     0.0034679302        181.96717        7.5656399        2.6475315 
      0.089510577      0.010433978      0.001175627        181.96743        7.9650802       0.89755226 
      0.091708654      0.001175627      0.010433978        169.13186       0.99328446        8.8141516 
      0.091708654     0.0034679302      0.009910775        169.13187        2.9298463        8.3721066 
      0.091708654     0.0055863368     0.0088906041        169.13038        4.7192682        7.5102971 
      0.091708654     0.0074246212     0.0074246212        169.13043        6.2720037        6.2720037 
      0.091708654     0.0088906041     0.0055863368        169.13038        7.5102971        4.7192682 
      0.091708654      0.009910775     0.0034679302        169.13187        8.3721066        2.9298463 
      0.091708654      0.010433978      0.001175627        169.13186        8.8141516       0.99328446 
      0.093906731      0.001175627      0.010433978        154.32826        1.1029152         9.786183 
      0.093906731     0.0034679302      0.009910775        154.32875        3.2530851        9.2953531 
      0.093906731     0.0055863368     0.0088906041        154.32743        5.2397695        8.3385146 
      0.093906731     0.0074246212     0.0074246212        154.32748        6.9636922        6.9636922 
      0.093906731     0.0088906041     0.0055863368        154.32743        8.3385146        5.2397695 
      0.093906731      0.009910775     0.0034679302        154.32875        9.2953531        3.2530851 
      0.093906731      0.010433978      0.001175627        154.32826         9.786183        1.1029152 
      0.096104808      0.001175627      0.010433978        136.69796        1.2372536        10.976597 
      0.096104808     0.0034679302      0.009910775        136.69941        3.6489956        10.426017 
      0.096104808     0.0055863368     0.0088906041        136.69817        5.8771776        9.3528387 
      0.096104808     0.0074246212     0.0074246212        136.69816        7.8107878        7.8107878 
      0.096104808     0.0088906041     0.0055863368        136.69817        9.3528387        5.8771776 
      0.096104808      0.009910775     0.0034679302        136.69941        10.426017        3.6489956 
      0.096104808      0.010433978      0.001175627        136.69796        10.976597        1.2372536 
      0.098302885      0.001175627      0.010433978        114.82872        1.3885455        12.316695 
      0.098302885     0.0034679302      0.009910775        114.83215        4.0945927        11.698876 
      0.098302885     0.0055863368     0.0088906041        114.83048        6.5945704        10.494798 
      0.098302885     0.0074246212     0.0074246212        114.83036        8.7643925        8.7643925 
      0.098302885     0.0088906041     0.0055863368        114.83048        10.494798        6.5945704 
      0.098302885      0.009910775     0.0034679302        114.83215        11.698876        4.0945927 
      0.098302885      0.010433978      0.001175627        114.82872        12.316695        1.3885455 
       0.10050096      0.001175627      0.010433978        76.733483        2.2399515         19.89195 
       0.10050096     0.0034679302      0.009910775        76.735693         6.610016         18.89489 
       0.10050096     0.0055863368     0.0088906041        76.734669        10.649969        16.949533 
       0.10050096     0.0074246212     0.0074246212        76.734587        14.154656        14.154656 
       0.10050096     0.0088906041     0.0055863368        76.734669        16.949533        10.649969 
       0.10050096      0.009910775     0.0034679302        76.735693         18.89489         6.610016 
       0.10050096      0.010433978      0.001175627        76.733483         19.89195        2.2399515 
       0.07063692     0.0098718085     0.0011122857        409.09491        95.510937        10.728754 
       0.07222442      0.010244451     0.0011542724        281.79833        68.484782        7.7075928 
       0.07063692     0.0093767948     0.0032810824        409.17861        90.751256        31.709153 
       0.07222442      0.009730751      0.003404937        281.82246        65.061081        22.748327 
       0.07063692     0.0084115894     0.0052853519        409.18844        81.406199        51.134412 
       0.07222442      0.008729111      0.005484864        281.83281         58.36652        36.662098 
       0.07063692     0.0070245919     0.0070245919        409.19009        67.977099        67.977099 
       0.07222442     0.0072897569     0.0072897569        281.83516        48.738267        48.738267 
       0.07063692     0.0052853519     0.0084115894        409.18844        51.134412        81.406199 
       0.07222442      0.005484864      0.008729111        281.83281        36.662098         58.36652 
       0.07063692     0.0032810824     0.0093767948        409.17861        31.709153        90.751256 
       0.07222442      0.003404937      0.009730751        281.82246        22.748327        65.061081 
       0.07063692     0.0011122857     0.0098718085        409.09491        10.728754        95.510937 
       0.07222442     0.0011542724      0.010244451        281.79833        7.7075928        68.484782 
      0.018416667      0.009688694     0.0010916536        610.55895       0.55474501      0.065062849 
          0.01625      0.009688694     0.0010916536        611.99827       0.48744603       0.05510796 
      0.014083333      0.009688694     0.0010916536        613.25016       0.42071674      0.047645905 
      0.011916667      0.009688694     0.0010916536        614.31909       0.35474233      0.040105469 
          0.00975      0.009688694     0.0010916536        615.20718        0.2893567      0.032987906 
     0.0075833333      0.009688694     0.0010916536        615.91691       0.22442366      0.026462698 
     0.0054166667      0.009688694     0.0010916536        616.45168       0.15971167       0.02156674 
          0.00325      0.009688694     0.0010916536         616.8189      0.094736682      0.021547521 
     0.0010833333      0.009688694     0.0010916536        617.05029      0.027541231      0.044612335 
      0.018416667     0.0092028625     0.0032202209        610.87136       0.52605608       0.18775685 
          0.01625     0.0092028625     0.0032202209        612.30661       0.46279086       0.16270756 
      0.014083333     0.0092028625     0.0032202209        613.55838       0.39948688       0.14030064 
      0.011916667     0.0092028625     0.0032202209        614.62708       0.33684024       0.11828237 
          0.00975     0.0092028625     0.0032202209        615.51496       0.27458221      0.097068658 
     0.0075833333     0.0092028625     0.0032202209        616.22354       0.21245203      0.077055292 
     0.0054166667     0.0092028625     0.0032202209        616.75358       0.14981415      0.059714245 
          0.00325     0.0092028625     0.0032202209        617.10236      0.085290703      0.048625294 
     0.0010833333     0.0092028625     0.0032202209        617.23786      0.015162751      0.053993498 
      0.018416667     0.0082555609     0.0051873127        610.86877       0.47229438       0.29818064 
          0.01625     0.0082555609     0.0051873127        612.30427       0.41499117       0.26159449 
      0.014083333     0.0082555609     0.0051873127        613.55525       0.35831947       0.22557017 
      0.011916667     0.0082555609     0.0051873127        614.62355       0.30208393       0.19025897 
          0.00975     0.0082555609     0.0051873127        615.51069       0.24617235       0.15562156 
     0.0075833333     0.0082555609     0.0051873127        616.21776       0.19029479       0.12190257 
     0.0054166667     0.0082555609     0.0051873127        616.74482        0.1340092      0.089587449 
          0.00325     0.0082555609     0.0051873127        617.09017      0.077158122      0.058695472 
     0.0010833333     0.0082555609     0.0051873127        617.25638      0.024203982      0.021799058 
      0.018416667     0.0068942911     0.0068942911        610.86891       0.39495038       0.39495038 
          0.01625     0.0068942911     0.0068942911        612.30451       0.34687821       0.34687821 
      0.014083333     0.0068942911     0.0068942911        613.55535       0.29939524       0.29939524 
      0.011916667     0.0068942911     0.0068942911        614.62346        0.2524416        0.2524416 
          0.00975     0.0068942911     0.0068942911        615.51032       0.20593548       0.20593548 
     0.0075833333     0.0068942911     0.0068942911        616.21683       0.15979516       0.15979516 
     0.0054166667     0.0068942911     0.0068942911        616.74318       0.11393752       0.11393752 
          0.00325     0.0068942911     0.0068942911        617.08993      0.068272789      0.068272789 
     0.0010833333     0.0068942911     0.0068942911        617.25998      0.022686001      0.022686001 
      0.018416667     0.0051873127     0.0082555609        610.86877       0.29818064       0.47229438 
          0.01625     0.0051873127     0.0082555609        612.30427       0.26159449       0.41499117 
      0.014083333     0.0051873127     0.0082555609        613.55525       0.22557017       0.35831947 
      0.011916667     0.0051873127     0.0082555609        614.62355       0.19025897       0.30208393 
          0.00975     0.0051873127     0.0082555609        615.51069       0.15562156       0.24617235 
     0.0075833333     0.0051873127     0.0082555609        616.21776       0.12190257       0.19029479 
     0.0054166667     0.0051873127     0.0082555609        616.74482      0.089587449        0.1340092 
          0.00325     0.0051873127     0.0082555609        617.09017      0.058695472      0.077158122 
     0.0010833333     0.0051873127     0.0082555609        617.25638      0.021799058      0.024203982 
      0.018416667     0.0032202209     0.0092028625        610.87136       0.18775685       0.52605608 
          0.01625     0.0032202209     0.0092028625        612.30661       0.16270756       0.46279086 
      0.014083333     0.0032202209     0.0092028625        613.55838       0.14030064       0.39948688 
      0.011916667     0.0032202209     0.0092028625        614.62708       0.11828237       0.33684024 
          0.00975     0.0032202209     0.0092028625        615.51496      0.097068658       0.27458221 
     0.0075833333     0.0032202209     0.0092028625        616.22354      0.077055292       0.21245203 
     0.0054166667     0.0032202209     0.0092028625        616.75358      0.059714245       0.14981415 
          0.00325     0.0032202209     0.0092028625        617.10236      0.048625294      0.085290703 
     0.0010833333     0.0032202209     0.0092028625        617.23786      0.053993498      0.015162751 
      0.018416667     0.0010916536      0.009688694        610.55895      0.065062849       0.55474501 
          0.01625     0.0010916536      0.009688694        611.99827       0.05510796       0.48744603 
      0.014083333     0.0010916536      0.009688694        613.25016      0.047645905       0.42071674 
      0.011916667     0.0010916536      0.009688694        614.31909      0.040105469       0.35474233 
          0.00975     0.0010916536      0.009688694        615.20718      0.032987906        0.2893567 
     0.0075833333     0.0010916536      0.009688694        615.91691      0.026462698       0.22442366 
     0.0054166667     0.0010916536      0.009688694        616.45168       0.02156674       0.15971167 
          0.00325     0.0010916536      0.009688694         616.8189      0.021547521      0.094736682 
     0.0010833333     0.0010916536      0.009688694        617.05029      0.044612335      0.027541231 

