%    UNITS: X,Y,Z in in;  Magnetic Field Intensity in Amps/meter
%          X (in)           Y (in)           Z (in)        RealScatX        RealScatY        RealScatZ         RealTotX         RealTotY         RealTotZ
               -5                0                0        17558.469    1.5090151e-12     1.806157e-09        37558.469    1.5090151e-12     1.806157e-09 
            -4.95                0                0        18801.554    1.3500312e-12    1.8240343e-09        38801.554    1.3500312e-12    1.8240343e-09 
             -4.9                0                0        20167.209    1.4708235e-12    1.8400499e-09        40167.209    1.4708235e-12    1.8400499e-09 
            -4.85                0                0        21668.635    1.2363444e-12    1.8504664e-09        41668.635    1.2363444e-12    1.8504664e-09 
             -4.8                0                0        23319.624    1.5987212e-12     1.861153e-09        43319.624    1.5987212e-12     1.861153e-09 
            -4.75                0                0        25133.944     1.762146e-12    1.8666952e-09        45133.944     1.762146e-12    1.8666952e-09 
             -4.7                0                0        27124.226    2.2168933e-12    1.8664821e-09        47124.226    2.2168933e-12    1.8664821e-09 
            -4.65                0                0        29300.116    1.5063506e-12    1.8578987e-09        49300.116    1.5063506e-12    1.8578987e-09 
             -4.6                0                0        31665.261    2.9132252e-12    1.8535786e-09        51665.261    2.9132252e-12    1.8535786e-09 
            -4.55                0                0        34212.582    2.3732127e-12     1.810804e-09        54212.582    2.3732127e-12     1.810804e-09 
             -4.5                0                0        36917.078    2.8421709e-12    1.7910509e-09        56917.078    2.8421709e-12    1.7910509e-09 
            -4.45                0                0        39725.359    3.2684966e-12    1.7388118e-09        59725.359    3.2684966e-12    1.7388118e-09 
             -4.4                0                0        42540.969    5.8548721e-12    1.6530919e-09        62540.969    5.8548721e-12    1.6530919e-09 
            -4.35                0                0        45206.346     7.531753e-12    1.5942874e-09        65206.346     7.531753e-12    1.5942874e-09 
             -4.3                0                0        47483.424    1.2192913e-11    1.4788668e-09        67483.424    1.2192913e-11    1.4788668e-09 
            -4.25                0                0        49041.305    4.1211479e-12    1.3699832e-09        69041.305    4.1211479e-12    1.3699832e-09 
             -4.2                0                0        49466.434    4.5901061e-12    1.2048815e-09        69466.434    4.5901061e-12    1.2048815e-09 
            -4.15                0                0        48318.243    4.1211479e-12    1.0355734e-09        68318.243    4.1211479e-12    1.0355734e-09 
             -4.1                0                0         45246.81    3.0695446e-12    8.8536467e-10         65246.81    3.0695446e-12    8.8536467e-10 
            -4.05                0                0        40154.413    5.2295945e-12     7.321006e-10        60154.413    5.2295945e-12     7.321006e-10 
               -4                0                0        33321.543    6.3664629e-12    5.6115823e-10        53321.543    6.3664629e-12    5.6115823e-10 
            -3.95                0                0        25393.668    2.2737368e-12    4.3155524e-10        45393.668    2.2737368e-12    4.3155524e-10 
             -3.9                0                0         17196.08    2.8194336e-11    3.1411673e-10         37196.08    2.8194336e-11    3.1411673e-10 
            -3.85                0                0        9482.9712    6.3664629e-12    2.6830094e-10        29482.971    6.3664629e-12    2.6830094e-10 
             -3.8                0                0        2760.6691    2.0008883e-11    1.9133495e-10        22760.669    2.0008883e-11    1.9133495e-10 
            -3.75                0                0       -2752.9998    2.7284841e-11    1.8042101e-10            17247    2.7284841e-11    1.8042101e-10 
             -3.7                0                0       -7070.4352    3.9108272e-11    2.0335733e-10        12929.565    3.9108272e-11    2.0335733e-10 
            -3.65                0                0       -10338.095    4.3996806e-11    1.4028956e-10        9661.9051    4.3996806e-11    1.4028956e-10 
             -3.6                0                0       -12751.998    6.2300387e-11    1.3164936e-10        7248.0017    6.2300387e-11    1.3164936e-10 
            -3.55                0                0       -14503.696    5.5479177e-11    9.2313712e-11         5496.304    5.5479177e-11    9.2313712e-11 
             -3.5                0                0       -15757.306    6.3209882e-11    1.0413714e-10        4242.6942    6.3209882e-11    1.0413714e-10 
            -3.45                0                0       -16642.592    7.1395334e-11    1.2687451e-10        3357.4079    7.1395334e-11    1.2687451e-10 
             -3.4                0                0       -17258.037    6.1390892e-11    1.2914825e-10        2741.9629    6.1390892e-11    1.2914825e-10 
            -3.35                0                0       -17675.101     6.184564e-11    1.3369572e-10        2324.8991     6.184564e-11    1.3369572e-10 
             -3.3                0                0       -17945.363    6.9576345e-11    1.5279511e-10        2054.6366    6.9576345e-11    1.5279511e-10 
            -3.25                0                0       -18105.005    5.4569682e-11    8.2764018e-11        1894.9954    5.4569682e-11    8.2764018e-11 
             -3.2                0                0       -18180.438    5.0476956e-11    6.9121597e-11        1819.5618    5.0476956e-11    6.9121597e-11 
            -3.15                0                0       -18190.909    7.5033313e-11    7.6397555e-11        1809.0913    7.5033313e-11    7.6397555e-11 
             -3.1                0                0       -18152.135    6.3664629e-11    1.3278623e-10        1847.8648    6.3664629e-11    1.3278623e-10 
            -3.05                0                0       -18076.319    5.1841198e-11    2.6102498e-10        1923.6809    5.1841198e-11    2.6102498e-10 
               -3                0                0       -17973.427     6.002665e-11    1.5825208e-10        2026.5732     6.002665e-11    1.5825208e-10 
            -2.95                0                0       -17851.778    8.5492502e-11    1.6007107e-10        2148.2224    8.5492502e-11    1.6007107e-10 
             -2.9                0                0       -17719.157    8.3673513e-11    1.3687895e-10        2280.8433    8.3673513e-11    1.3687895e-10 
            -2.85                0                0       -17584.091    8.2764018e-11    2.4374458e-10        2415.9089    8.2764018e-11    2.4374458e-10 
             -2.8                0                0       -17454.103    7.8216544e-11    1.0982149e-10        2545.8967    7.8216544e-11    1.0982149e-10 
            -2.75                0                0       -17335.169    4.9567461e-11    1.7521984e-10         2664.831    4.9567461e-11    1.7521984e-10 
             -2.7                0                0       -17229.454    5.0931703e-11    1.4256329e-10        2770.5455    5.0931703e-11    1.4256329e-10 
            -2.65                0                0       -17137.211    3.8426151e-11    1.9053914e-10        2862.7893    3.8426151e-11    1.9053914e-10 
             -2.6                0                0       -17057.074    5.6047611e-11    1.5677415e-10        2942.9259    5.6047611e-11    1.5677415e-10 
            -2.55                0                0       -16987.114     4.888534e-11    1.5973001e-10        3012.8855     4.888534e-11    1.5973001e-10 
             -2.5                0                0       -16925.245    4.1836756e-11    2.0691004e-10        3074.7552    4.1836756e-11    2.0691004e-10 
            -2.45                0                0       -16869.848    5.7298166e-11     1.891749e-10        3130.1524    5.7298166e-11     1.891749e-10 
             -2.4                0                0       -16819.535    5.5479177e-11     2.237357e-10        3180.4649    5.5479177e-11     2.237357e-10 
            -2.35                0                0       -16773.272    5.1841198e-11    1.7280399e-10        3226.7275    5.1841198e-11    1.7280399e-10 
             -2.3                0                0       -16730.154    5.0931703e-11    1.8962965e-10        3269.8463    5.0931703e-11    1.8962965e-10 
            -2.25                0                0       -16689.574    5.8207661e-11    1.6507329e-10        3310.4257    5.8207661e-11    1.6507329e-10 
             -2.2                0                0       -16651.088    7.2759576e-11    1.3619683e-10        3348.9115    7.2759576e-11    1.3619683e-10 
            -2.15                0                0       -16614.383    5.6388672e-11    1.0140866e-10        3385.6168    5.6388672e-11    1.0140866e-10 
             -2.1                0                0       -16579.183    7.9126039e-11    1.2795454e-10        3420.8166    7.9126039e-11    1.2795454e-10 
            -2.05                0                0       -16545.295     7.548806e-11    8.9102059e-11        3454.7052     7.548806e-11    8.9102059e-11 
               -2                0                0       -16512.604    6.9576345e-11    5.7667648e-11        3487.3961    6.9576345e-11    5.7667648e-11 
            -1.95                0                0       -16481.036     7.116796e-11    6.2641448e-11        3518.9644     7.116796e-11    6.2641448e-11 
             -1.9                0                0        -16450.49    6.7757355e-11   -1.1368684e-13        3549.5104    6.7757355e-11   -1.1368684e-13 
            -1.85                0                0       -16420.906    6.7302608e-11    6.7757355e-11        3579.0936    6.7302608e-11    6.7757355e-11 
             -1.8                0                0       -16392.268    5.8889782e-11    7.4578566e-11        3607.7323    5.8889782e-11    7.4578566e-11 
            -1.75                0                0       -16364.557    4.5702109e-11    7.4578566e-11        3635.4426    4.5702109e-11    7.4578566e-11 
             -1.7                0                0       -16337.722    2.3646862e-11    5.7298166e-11        3662.2775    2.3646862e-11    5.7298166e-11 
            -1.65                0                0       -16311.746    5.0022209e-12    8.8220986e-11         3688.254    5.0022209e-12    8.8220986e-11 
             -1.6                0                0       -16286.634    7.2759576e-12     9.094947e-11        3713.3664    7.2759576e-12     9.094947e-11 
            -1.55                0                0        -16262.38    4.5474735e-13     1.027729e-10        3737.6198    4.5474735e-13     1.027729e-10 
             -1.5                0                0       -16238.947   -5.4569682e-12    1.3096724e-10        3761.0534   -5.4569682e-12    1.3096724e-10 
            -1.45                0                0       -16216.333   -2.3625546e-11    1.0004442e-10        3783.6668   -2.3625546e-11    1.0004442e-10 
             -1.4                0                0       -16194.551    1.8189894e-12    4.3200998e-11        3805.4487    1.8189894e-12    4.3200998e-11 
            -1.35                0                0       -16173.667     9.094947e-13    7.8671292e-11         3826.333     9.094947e-13    7.8671292e-11 
             -1.3                0                0       -16153.536    2.7284841e-12    3.2287062e-11        3846.4639    2.7284841e-12    3.2287062e-11 
            -1.25                0                0       -16134.171    5.9117156e-12   -1.3642421e-12        3865.8291    5.9117156e-12   -1.3642421e-12 
             -1.2                0                0       -16115.678    -9.777068e-12    1.7280399e-11        3884.3223    -9.777068e-12    1.7280399e-11 
            -1.15                0                0       -16098.006    2.4783731e-11    1.3642421e-11         3901.994    2.4783731e-11    1.3642421e-11 
             -1.1                0                0       -16081.229    2.1373125e-11   -4.5474735e-12        3918.7707    2.1373125e-11   -4.5474735e-12 
            -1.05                0                0       -16065.174    2.0918378e-11   -2.5465852e-11        3934.8258    2.0918378e-11   -2.5465852e-11 
               -1                0                0       -16049.999    2.8194336e-11    3.0013325e-11        3950.0011    2.8194336e-11    3.0013325e-11 
            -0.95                0                0       -16035.609    4.8657967e-11    -9.094947e-12         3964.391    4.8657967e-11    -9.094947e-12 
             -0.9                0                0       -16022.012     2.228262e-11    -1.036824e-10        3977.9878     2.228262e-11    -1.036824e-10 
            -0.85                0                0       -16009.028   -8.8675733e-12    -6.002665e-11        3990.9725   -8.8675733e-12    -6.002665e-11 
             -0.8                0                0       -15996.853    3.8198777e-11   -1.6643753e-10         4003.147    3.8198777e-11   -1.6643753e-10 
            -0.75                0                0       -15985.436    1.4779289e-11   -1.3596946e-10        4014.5642    1.4779289e-11   -1.3596946e-10 
             -0.7                0                0       -15974.675   -1.2278178e-11   -1.5075585e-10        4025.3246   -1.2278178e-11   -1.5075585e-10 
            -0.65                0                0       -15964.596   -2.9558578e-11   -1.6189006e-10         4035.404   -2.9558578e-11   -1.6189006e-10 
             -0.6                0                0       -15955.431   -2.2737368e-11   -1.5825208e-10        4044.5693   -2.2737368e-11   -1.5825208e-10 
            -0.55                0                0       -15947.097   -2.7284841e-12   -2.2555469e-10        4052.9031   -2.7284841e-12   -2.2555469e-10 
             -0.5                0                0       -15939.383   -5.4569682e-11   -1.3824319e-10        4060.6171   -5.4569682e-11   -1.3824319e-10 
            -0.45                0                0       -15932.385   -2.5465852e-11   -1.2732926e-10        4067.6154   -2.5465852e-11   -1.2732926e-10 
             -0.4                0                0       -15926.125    -6.002665e-11   -1.3824319e-10        4073.8753    -6.002665e-11   -1.3824319e-10 
            -0.35                0                0       -15920.599   -4.0017767e-11    -1.891749e-10        4079.4013   -4.0017767e-11    -1.891749e-10 
             -0.3                0                0        -15915.74   -6.9121597e-11   -1.8735591e-10        4084.2601   -6.9121597e-11   -1.8735591e-10 
            -0.25                0                0       -15911.631   -7.6397555e-11   -2.6375346e-10        4088.3687   -7.6397555e-11   -2.6375346e-10 
             -0.2                0                0       -15908.357   -1.0550139e-10   -3.2378011e-10        4091.6426   -1.0550139e-10   -3.2378011e-10 
            -0.15                0                0       -15905.947    -1.036824e-10   -4.5383786e-10        4094.0532    -1.036824e-10   -4.5383786e-10 
             -0.1                0                0       -15904.223   -9.1858965e-11   -5.4990323e-10        4095.7768   -9.1858965e-11   -5.4990323e-10 
            -0.05                0                0        -15903.15   -8.2081897e-11   -6.4210326e-10        4096.8501   -8.2081897e-11   -6.4210326e-10 
                0                0                0       -15902.871   -7.8216544e-11   -7.9853635e-10        4097.1294   -7.8216544e-11   -7.9853635e-10 
             0.05                0                0        -15903.15   -8.1854523e-11   -9.6042641e-10        4096.8501   -8.1854523e-11   -9.6042641e-10 
              0.1                0                0       -15904.223   -5.6388672e-11   -1.2478267e-09        4095.7768   -5.6388672e-11   -1.2478267e-09 
             0.15                0                0       -15905.947   -4.5474735e-11   -1.5043042e-09        4094.0532   -4.5474735e-11   -1.5043042e-09 
              0.2                0                0       -15908.357   -7.6397555e-11   -1.7744242e-09        4091.6426   -7.6397555e-11   -1.7744242e-09 
             0.25                0                0       -15911.631   -5.6388672e-11    -2.066372e-09        4088.3687   -5.6388672e-11    -2.066372e-09 
              0.3                0                0        -15915.74   -5.2750693e-11   -2.4883775e-09        4084.2601   -5.2750693e-11   -2.4883775e-09 
             0.35                0                0       -15920.599   -3.4560799e-11   -2.8421709e-09        4079.4013   -3.4560799e-11   -2.8421709e-09 
              0.4                0                0       -15926.125   -3.2741809e-11   -3.3364813e-09        4073.8753   -3.2741809e-11   -3.3364813e-09 
             0.45                0                0       -15932.385   -4.7293724e-11   -3.8357939e-09        4067.6154   -4.7293724e-11   -3.8357939e-09 
              0.5                0                0       -15939.383   -7.2759576e-11   -4.5208708e-09        4060.6171   -7.2759576e-11   -4.5208708e-09 
             0.55                0                0       -15947.097   -3.6379788e-11   -5.2415317e-09        4052.9031   -3.6379788e-11   -5.2415317e-09 
              0.6                0                0       -15955.431   -6.9121597e-11   -6.0008176e-09        4044.5693   -6.9121597e-11   -6.0008176e-09 
             0.65                0                0       -15964.596   -6.5483619e-11   -6.9715611e-09         4035.404   -6.5483619e-11   -6.9715611e-09 
              0.7                0                0       -15974.675   -9.0039975e-11   -8.0088682e-09        4025.3246   -9.0039975e-11   -8.0088682e-09 
             0.75                0                0       -15985.436   -1.0504664e-10   -9.2666141e-09        4014.5642   -1.0504664e-10   -9.2666141e-09 
              0.8                0                0       -15996.853   -1.0231815e-10   -1.0570602e-08         4003.147   -1.0231815e-10   -1.0570602e-08 
             0.85                0                0       -16009.028   -8.1854523e-11   -1.2264081e-08        3990.9725   -8.1854523e-11   -1.2264081e-08 
              0.9                0                0       -16022.012   -7.6397555e-11   -1.4043508e-08        3977.9878   -7.6397555e-11   -1.4043508e-08 
             0.95                0                0       -16035.609   -7.6397555e-11   -1.6239937e-08         3964.391   -7.6397555e-11   -1.6239937e-08 
                1                0                0       -16049.999   -4.9112714e-11   -1.8716491e-08        3950.0011   -4.9112714e-11   -1.8716491e-08 
             1.05                0                0       -16065.174   -4.9112714e-11   -2.1570486e-08        3934.8258   -4.9112714e-11   -2.1570486e-08 
              1.1                0                0       -16081.229    -4.638423e-11   -2.4646852e-08        3918.7707    -4.638423e-11   -2.4646852e-08 
             1.15                0                0       -16098.006   -4.0927262e-11   -2.8424893e-08         3901.994   -4.0927262e-11   -2.8424893e-08 
              1.2                0                0       -16115.678     -1.29603e-11   -3.2668083e-08        3884.3223     -1.29603e-11   -3.2668083e-08 
             1.25                0                0       -16134.171   -1.4097168e-11   -3.7508926e-08        3865.8291   -1.4097168e-11   -3.7508926e-08 
              1.3                0                0       -16153.536     1.546141e-11   -4.2988631e-08        3846.4639     1.546141e-11   -4.2988631e-08 
             1.35                0                0       -16173.667    3.1377567e-11   -4.9388746e-08         3826.333    3.1377567e-11   -4.9388746e-08 
              1.4                0                0       -16194.551     4.638423e-11   -5.6674708e-08        3805.4487     4.638423e-11   -5.6674708e-08 
             1.45                0                0       -16216.333    4.3655746e-11   -6.5009999e-08        3783.6668    4.3655746e-11   -6.5009999e-08 
              1.5                0                0       -16238.947    3.8369308e-11    -7.461017e-08        3761.0534    3.8369308e-11    -7.461017e-08 
             1.55                0                0        -16262.38    3.2628122e-11   -8.5623014e-08        3737.6198    3.2628122e-11   -8.5623014e-08 
              1.6                0                0       -16286.634    1.9554136e-11   -9.8225883e-08        3713.3664    1.9554136e-11   -9.8225883e-08 
             1.65                0                0       -16311.746    2.0918378e-11   -1.1271095e-07         3688.254    2.0918378e-11   -1.1271095e-07 
              1.7                0                0       -16337.722    3.0013325e-11   -1.2938199e-07        3662.2775    3.0013325e-11   -1.2938199e-07 
             1.75                0                0       -16364.557    2.7284841e-12   -1.4861121e-07        3635.4426    2.7284841e-12   -1.4861121e-07 
              1.8                0                0       -16392.268   -2.7284841e-12   -1.7077855e-07        3607.7323   -2.7284841e-12   -1.7077855e-07 
             1.85                0                0       -16420.906    1.6370905e-11   -1.9655954e-07        3579.0936    1.6370905e-11   -1.9655954e-07 
              1.9                0                0        -16450.49    1.3642421e-11    -2.266757e-07        3549.5104    1.3642421e-11    -2.266757e-07 
             1.95                0                0       -16481.036   -3.7516656e-12    -2.622686e-07        3518.9644   -3.7516656e-12    -2.622686e-07 
                2                0                0       -16512.604   -2.0008883e-11   -3.0489764e-07        3487.3961   -2.0008883e-11   -3.0489764e-07 
             2.05                0                0       -16545.295   -1.4551915e-11   -3.5702669e-07        3454.7052   -1.4551915e-11   -3.5702669e-07 
              2.1                0                0       -16579.183   -3.3651304e-11   -4.2242391e-07        3420.8166   -3.3651304e-11   -4.2242391e-07 
             2.15                0                0       -16614.383   -3.3196557e-11   -5.0714971e-07        3385.6168   -3.3196557e-11   -5.0714971e-07 
              2.2                0                0       -16651.088   -3.2969183e-11    -6.210098e-07        3348.9115   -3.2969183e-11    -6.210098e-07 
             2.25                0                0       -16689.574   -3.1377567e-11   -7.8023368e-07        3310.4257   -3.1377567e-11   -7.8023368e-07 
              2.3                0                0       -16730.154   -1.9099389e-11   -1.0115341e-06        3269.8463   -1.9099389e-11   -1.0115341e-06 
             2.35                0                0       -16773.272   -7.2759576e-12   -1.3574318e-06        3226.7275   -7.2759576e-12   -1.3574318e-06 
              2.4                0                0       -16819.535   -2.3646862e-11   -1.8815094e-06        3180.4649   -2.3646862e-11   -1.8815094e-06 
             2.45                0                0       -16869.848    6.3664629e-12   -2.6680284e-06        3130.1524    6.3664629e-12   -2.6680284e-06 
              2.5                0                0       -16925.245    1.2732926e-11   -3.8056157e-06        3074.7552    1.2732926e-11   -3.8056157e-06 
             2.55                0                0       -16987.114     2.910383e-11   -5.3439078e-06        3012.8855     2.910383e-11   -5.3439078e-06 
              2.6                0                0       -17057.074    3.4560799e-11   -7.2243174e-06        2942.9259    3.4560799e-11   -7.2243174e-06 
             2.65                0                0       -17137.211    3.6379788e-11   -9.2152932e-06        2862.7893    3.6379788e-11   -9.2152932e-06 
              2.7                0                0       -17229.454    6.7302608e-11   -1.0914533e-05        2770.5455    6.7302608e-11   -1.0914533e-05 
             2.75                0                0       -17335.169    1.0550139e-10   -1.1865794e-05         2664.831    1.0550139e-10   -1.1865794e-05 
              2.8                0                0       -17454.103    1.2914825e-10   -1.1757941e-05        2545.8967    1.2914825e-10   -1.1757941e-05 
             2.85                0                0       -17584.091    1.9042545e-10   -1.0587537e-05        2415.9089    1.9042545e-10   -1.0587537e-05 
              2.9                0                0       -17719.157    2.3783286e-10    -8.670916e-06        2280.8433    2.3783286e-10    -8.670916e-06 
             2.95                0                0       -17851.778    2.1736923e-10   -6.4917303e-06        2148.2224    2.1736923e-10   -6.4917303e-06 
                3                0                0       -17973.427     2.401066e-10   -4.4849066e-06        2026.5732     2.401066e-10   -4.4849066e-06 
             3.05                0                0       -18076.319    2.1827873e-10   -2.8963773e-06        1923.6809    2.1827873e-10   -2.8963773e-06 
              3.1                0                0       -18152.135    1.9826984e-10   -1.7732887e-06        1847.8648    1.9826984e-10   -1.7732887e-06 
             3.15                0                0       -18190.909    1.6552804e-10   -1.0419228e-06        1809.0913    1.6552804e-10   -1.0419228e-06 
              3.2                0                0       -18180.438    1.4006218e-10   -5.9116292e-07        1819.5618    1.4006218e-10   -5.9116292e-07 
             3.25                0                0       -18105.005     1.200533e-10    -3.228123e-07        1894.9954     1.200533e-10    -3.228123e-07 
              3.3                0                0       -17945.363    9.3677954e-11   -1.6643628e-07        2054.6366    9.3677954e-11   -1.6643628e-07 
             3.35                0                0       -17675.101    8.6401997e-11   -7.6536878e-08        2324.8991    8.6401997e-11   -7.6536878e-08 
              3.4                0                0       -17258.037    6.8212103e-11   -2.5809527e-08        2741.9629    6.8212103e-11   -2.5809527e-08 
             3.45                0                0       -16642.592    6.6847861e-11    2.1889548e-09        3357.4079    6.6847861e-11    2.1889548e-09 
              3.5                0                0       -15757.306    5.2750693e-11    1.7083835e-08        4242.6942    5.2750693e-11    1.7083835e-08 
             3.55                0                0       -14503.696    4.1836756e-11    2.4522507e-08         5496.304    4.1836756e-11    2.4522507e-08 
              3.6                0                0       -12751.998     3.774403e-11    2.7927612e-08        7248.0017     3.774403e-11    2.7927612e-08 
             3.65                0                0       -10338.095    3.2514436e-11    2.9220516e-08        9661.9051    3.2514436e-11    2.9220516e-08 
              3.7                0                0       -7070.4352     3.092282e-11    2.9660463e-08        12929.565     3.092282e-11    2.9660463e-08 
             3.75                0                0       -2752.9998    1.3642421e-11    2.9948318e-08            17247    1.3642421e-11    2.9948318e-08 
              3.8                0                0        2760.6691    1.6598278e-11    3.0629479e-08        22760.669    1.6598278e-11    3.0629479e-08 
             3.85                0                0        9482.9712    2.0463631e-11    3.2202575e-08        29482.971    2.0463631e-11    3.2202575e-08 
              3.9                0                0         17196.08    2.3078428e-11    3.5028407e-08         37196.08    2.3078428e-11    3.5028407e-08 
             3.95                0                0        25393.668    2.1373125e-11    3.9344542e-08        45393.668    2.1373125e-11    3.9344542e-08 
                4                0                0        33321.543    2.3760549e-11    4.5189552e-08        53321.543    2.3760549e-11    4.5189552e-08 
             4.05                0                0        40154.413    1.8189894e-11    5.2247666e-08        60154.413    1.8189894e-11    5.2247666e-08 
              4.1                0                0         45246.81     2.677325e-11    5.9892093e-08         65246.81     2.677325e-11    5.9892093e-08 
             4.15                0                0        48318.243    2.3078428e-11    6.7401688e-08        68318.243    2.3078428e-11    6.7401688e-08 
              4.2                0                0        49466.434    1.9099389e-11    7.4069756e-08        69466.434    1.9099389e-11    7.4069756e-08 
             4.25                0                0        49041.305    1.6711965e-11    7.9479325e-08        69041.305    1.6711965e-11    7.9479325e-08 
              4.3                0                0        47483.424    1.5518253e-11    8.3428493e-08        67483.424    1.5518253e-11    8.3428493e-08 
             4.35                0                0        45206.346    1.3102408e-11    8.5904752e-08        65206.346    1.3102408e-11    8.5904752e-08 
              4.4                0                0        42540.969    9.3507424e-12    8.7077408e-08        62540.969    9.3507424e-12    8.7077408e-08 
             4.45                0                0        39725.359    8.8959951e-12    8.7117678e-08        59725.359    8.8959951e-12    8.7117678e-08 
              4.5                0                0        36917.078    6.0822458e-12    8.6271965e-08        56917.078    6.0822458e-12    8.6271965e-08 
             4.55                0                0        34212.582    4.9737992e-12    8.4729969e-08        54212.582    4.9737992e-12    8.4729969e-08 
              4.6                0                0        31665.261    4.4337867e-12    8.2677927e-08        51665.261    4.4337867e-12    8.2677927e-08 
             4.65                0                0        29300.116    4.5758952e-12    8.0254066e-08        49300.116    4.5758952e-12    8.0254066e-08 
              4.7                0                0        27124.226    3.8653525e-12    7.7589174e-08        47124.226    3.8653525e-12    7.7589174e-08 
             4.75                0                0        25133.944    4.1637804e-12    7.4778104e-08        45133.944    4.1637804e-12    7.4778104e-08 
              4.8                0                0        23319.624    2.7995384e-12    7.1890873e-08        43319.624    2.7995384e-12    7.1890873e-08 
             4.85                0                0        21668.635    2.4726887e-12      6.89811e-08        41668.635    2.4726887e-12      6.89811e-08 
              4.9                0                0        20167.209    2.2737368e-12    6.6091735e-08        40167.209    2.2737368e-12    6.6091735e-08 
             4.95                0                0        18801.554    1.8189894e-12    6.3252301e-08        38801.554    1.8189894e-12    6.3252301e-08 
                5                0                0        17558.469    2.2168933e-12    6.0485874e-08        37558.469    2.2168933e-12    6.0485874e-08 


