-1.1239120311569119937e-05 
-4.188811221304255812e-05 
-7.5965329411204607747e-05 
-2.0214654609873475375e-05 
-0.0043747865842957527061 
 -0.004399389665594274218 
-4.6507272117045111071e-05 
-2.8367466317197534415e-05 
-7.5968679494707979229e-05 
  -2.0210638106589928e-05 
-0.0045286600222891213938 
-0.0046020578441829350369 
-1.8473788930021033865e-05 
-9.4686877595825374169e-06 
-7.5970321040390336636e-05 
-2.020952908529422172e-05 
-0.0045254487513578687749 
-0.0045897140127578841054 
-3.588021614568743709e-06 
3.5880216168137693838e-06 
-7.5970688911504807264e-05 
-2.0209350651932436559e-05 
 -0.004525671955382962186 
-0.0045881087188869651775 
9.4686877620666970098e-06 
 1.847378893316103921e-05 
-7.5970321040392599908e-05 
-2.0209529085294015044e-05 
-0.0045254487513609904098 
-0.0045897140127616658026 
2.8367466317944509054e-05 
4.6507272110612641225e-05 
-7.5968679494701989011e-05 
-2.0210638106590588685e-05 
-0.0045286600222890346576 
-0.0046020578441756656782 
4.1888112205894419973e-05 
1.1239120309656336583e-05 
-7.5965329411207670619e-05 
-2.0214654609872797749e-05 
-0.0043747865843023351143 
-0.0043993896656060998279 
-3.4729880578002604412e-06 
-1.2898938192267664867e-05 
-8.5018687376348025132e-05 
-2.2928993076519659856e-05 
 -0.004428487084479370596 
-0.0044812150698301704901 
-1.5909036013079511557e-05 
-1.4582998106592859198e-05 
-8.501938053920975603e-05 
-2.2928113126011276005e-05 
-0.0046529508361228023861 
-0.0047164322295649933198 
-1.2145520448849083262e-05 
-6.6879639616889098849e-06 
-8.5019911515605650718e-05 
-2.2927351387776581844e-05 
-0.0046387775159276367284 
  -0.00470639168553638014 
-2.734294123692819782e-06 
2.7342941408817788123e-06 
-8.5020120005697581429e-05 
-2.2927143848911487147e-05 
 -0.004636507139464169161 
-0.0047041327571228520182 
6.6879639756924803913e-06 
1.2145520454136789773e-05 
-8.5019911515599552081e-05 
-2.2927351387774972481e-05 
-0.0046387775159284520485 
-0.0047063916855284836788 
1.4582998110583822641e-05 
1.5909036022231739821e-05 
-8.5019380539211029967e-05 
-2.2928113126011330215e-05 
-0.0046529508361147940351 
-0.0047164322295621475059 
1.2898938200975697195e-05 
3.4729880601339086322e-06 
-8.5018687376341289526e-05 
-2.2928993076519581929e-05 
-0.0044284870844907755355 
-0.0044812150698351890452 
-1.6713880212498095583e-06 
-6.1757149478663344143e-06 
-8.4815282727458463129e-05 
-2.2790257415089688442e-05 
-0.0045216475026592676742 
-0.0045791982143172033429 
-7.7068184080032275349e-06 
-7.2616722481139924129e-06 
-8.4815755062292170607e-05 
-2.2789689077699859884e-05 
-0.0047626129123780162888 
-0.0048251142570988857228 
-6.2160235754574798901e-06 
-3.6807039305640509253e-06 
-8.4815900069371309429e-05 
-2.2789314152016505445e-05 
-0.0047548502923764317946 
-0.0048194422965421286967 
-1.6154260276805838736e-06 
1.6154260271106899423e-06 
-8.4815967782205618232e-05 
-2.2789180996616228698e-05 
-0.0047528502310948371468 
-0.0048181379686596378584 
3.6807039307296653482e-06 
6.2160235776376927214e-06 
-8.4815900069371417849e-05 
-2.2789314152016996724e-05 
-0.0047548502923660824343 
 -0.004819442296533782942 
7.2616722503665918329e-06 
7.7068184084710082563e-06 
-8.4815755062294189933e-05 
-2.2789689077701513292e-05 
-0.0047626129123764082002 
-0.0048251142570954917363 
6.1757149477184382266e-06 
1.6713880212080230937e-06 
-8.4815282727458381814e-05 
-2.2790257415090264424e-05 
-0.0045216475026619868532 
-0.0045791982143200318095 
-1.145440124723523412e-06 
-4.2141780958791889437e-06 
-8.2999125335626869272e-05 
-2.229018999520842757e-05 
  -0.00462140094159205813 
-0.0046790685768452805124 
-5.117007984872966176e-06 
-4.3936351943026119807e-06 
-8.299958325630327682e-05 
-2.2289746001104090734e-05 
-0.0048705176787162051885 
 -0.004931978445216938893 
-3.6216627156183509338e-06 
-2.1148585643317602583e-06 
-8.2999663860196818072e-05 
-2.2289523177393795261e-05 
-0.0048658978092199550378 
-0.0049281422787024022417 
-9.2818201769367853371e-07 
9.2818202754426862847e-07 
-8.2999691019321051493e-05 
-2.2289447301216393997e-05 
-0.0048649761198590376482 
 -0.004927570252366153189 
2.1148585730364861937e-06 
3.6216627211955741534e-06 
-8.2999663860200287519e-05 
-2.2289523177394001937e-05 
-0.0048658978092112076946 
-0.0049281422786905315289 
4.3936351987921745923e-06 
5.1170079895190503119e-06 
-8.2999583256304130629e-05 
-2.2289746001101820686e-05 
-0.0048705176787122014467 
-0.0049319784452131016847 
4.2141780995894482096e-06 
1.1454401257169513929e-06 
-8.2999125335626069673e-05 
-2.229018999520715702e-05 
 -0.004621400941593940305 
-0.0046790685768444383041 
-9.300851870350638256e-07 
-3.4122943041016858951e-06 
-8.0494807295854764223e-05 
-2.1610821644902070604e-05 
-0.0047208435258375338467 
-0.0047772712059844608598 
-4.0607393169884076542e-06 
-3.2325541193779222623e-06 
-8.0495256713705192115e-05 
-2.1610434307734037749e-05 
-0.0049763540737072595871 
-0.0050360930999594523405 
-2.5647307344724102657e-06 
-1.4509206158231062574e-06 
-8.0495331950230115123e-05 
-2.1610274297412689537e-05 
-0.0049729093977078061076 
-0.0050329342527015924827 
-6.2713811705771702497e-07 
6.2713811965281337009e-07 
-8.0495354506433466641e-05 
-2.1610225163731231802e-05 
-0.0049725167955791032062 
-0.0050326821885691543426 
1.4509206190083558678e-06 
2.5647307392806448833e-06 
-8.0495331950227187777e-05 
-2.1610274297412896213e-05 
-0.0049729093976953794159 
-0.0050329342526907834207 
3.2325541248236364171e-06 
4.0607393225615176819e-06 
-8.0495256713704582251e-05 
-2.1610434307733824297e-05 
-0.0049763540737035247274 
-0.0050360930999558484525 
3.4122943085367978408e-06 
9.3008518822443265591e-07 
-8.0494807295852026613e-05 
-2.1610821644903703683e-05 
-0.0047208435258345145605 
-0.0047772712059781933039 
-8.2915098346038305542e-07 
-3.0376635849548337537e-06 
-7.7674617615976470622e-05 
-2.0850182650401302432e-05 
-0.0048179313466123535256 
 -0.004872571987795864222 
-3.576144256732519995e-06 
-2.7253428405271741981e-06 
-7.7675058292170885634e-05 
-2.0849826320411682173e-05 
-0.0050790856528818333418 
-0.0051367865162200154749 
-2.1103062855197633175e-06 
-1.1674377463482410325e-06 
-7.7675136819339634861e-05 
-2.0849694972821248006e-05 
-0.0050760652094827699368 
-0.0051338583192325889723 
-4.9872563406351403529e-07 
4.9872562873925815824e-07 
-7.7675160771967900015e-05 
-2.0849657806007242214e-05 
 -0.005075884586807423958 
-0.0051337323405583907415 
1.1674377426512577375e-06 
2.1103062862583722359e-06 
-7.7675136819339404468e-05 
-2.0849694972820194297e-05 
-0.0050760652094741761167 
-0.0051338583192284351769 
 2.725342843176640741e-06 
3.5761442601827630159e-06 
-7.7675058292170519715e-05 
-2.084982632041273927e-05 
-0.0050790856528785668575 
-0.0051367865162175460961 
3.0376635879079234918e-06 
8.2915098425186133513e-07 
-7.7674617615977161801e-05 
-2.0850182650399845535e-05 
-0.0048179313466041066502 
-0.0048725719877854489423 
-7.7135195526456124462e-07 
-2.8241288940445930906e-06 
-7.4699050956262197159e-05 
-2.0049530259900832062e-05 
-0.0049118352852046340273 
   -0.0049644556709272274 
-3.3085445749945152279e-06 
-2.4701142584164743692e-06 
-7.4699479560610349753e-05 
-2.0049194742353913259e-05 
-0.0051782287553930918256 
-0.0052337412194184418368 
-1.8896753595276983139e-06 
-1.0332973464859985232e-06 
-7.4699560214399850764e-05 
-2.0049077972826150366e-05 
-0.0051753409733799899534 
-0.0052308715530057104531 
-4.3864052528225600909e-07 
4.3864051840852037935e-07 
-7.4699585437357972307e-05 
-2.0049046505099742631e-05 
-0.0051752426681968529201 
 -0.005230794207678211849 
1.0332973405310989825e-06 
1.8896753560862945052e-06 
-7.4699560214398387091e-05 
-2.0049077972825686192e-05 
-0.0051753409733783783953 
-0.0052308715530066151114 
2.4701142536620521783e-06 
3.3085445641503250987e-06 
-7.4699479560608181348e-05 
-2.0049194742352331001e-05 
-0.0051782287553886830259 
-0.0052337412194079337494 
2.8241288837286546355e-06 
7.7135195249879570156e-07 
-7.4699050956263660832e-05 
-2.004953025989929385e-05 
-0.0049118352851962058733 
-0.0049644556709263557015 
-7.2993930844029573436e-07 
-2.6718045084275913674e-06 
-7.1647688900662888085e-05 
-1.9229444502842528355e-05 
-0.0050022013075416548594 
 -0.005052700295420939694 
-3.1236650468615183693e-06 
-2.311659490544056506e-06 
-7.1648102819400335205e-05 
-1.9229125670397233456e-05 
 -0.005273553961860187253 
-0.0053268076558261618497 
-1.759095992391050854e-06 
-9.5690160919373582315e-07 
-7.1648183408555150809e-05 
-1.9229017647668853846e-05 
-0.0052706874132123875121 
-0.0053239314562615047688 
-4.0504315760448172405e-07 
4.0504315869503119087e-07 
-7.164820901576400905e-05 
-1.9228989252638399853e-05 
-0.0052706206489658777303 
-0.0053238726380714068015 
9.5690160975425288797e-07 
1.7590959914937155846e-06 
-7.1648183408557956182e-05 
-1.9229017647670019364e-05 
-0.0052706874132136807484 
-0.0053239314562613425721 
2.3116594907405287628e-06 
3.1236650514939445224e-06 
-7.1648102819399142583e-05 
-1.9229125670398636142e-05 
-0.0052735539618490746144 
-0.0053268076558194831643 
2.6718045133618077363e-06 
7.2993930976200996867e-07 
-7.1647688900661830988e-05 
-1.9229444502845570897e-05 
-0.0050022013075422247161 
-0.0050527002954178900501 
-6.9477461540213400598e-07 
-2.5428222035856853774e-06 
-6.8563142060658132477e-05 
-1.8400959355546758637e-05 
-0.0050888766963986592148 
-0.0051372124291919965544 
-2.9703872506850570486e-06 
-2.1903271481470883604e-06 
-6.8563539710704785122e-05 
-1.8400655500757115109e-05 
-0.0053649548255379903017 
-0.0054159194656989871272 
-1.6631114857528039808e-06 
-9.0272395818530532897e-07 
-6.8563618663398329871e-05 
-1.8400553798619291162e-05 
-0.0053620679678827772724 
-0.0054130130889720219634 
-3.8164738110189791316e-07 
3.8164738538479189722e-07 
-6.8563643978022316308e-05 
-1.8400527378137284822e-05 
-0.0053620131420900312563 
-0.0054129612222660007312 
9.0272396323846164087e-07 
1.6631114928899874507e-06 
-6.8563618663398018162e-05 
-1.8400553798621025885e-05 
-0.0053620679678828449266 
-0.0054130130889741756225 
2.1903271538428911105e-06 
 2.970387250335698733e-06 
-6.8563539710704446309e-05 
-1.840065550075424875e-05 
-0.0053649548255307270145 
-0.0054159194656856835329 
2.5428222015658476468e-06 
6.9477461485971803524e-07 
-6.8563142060658918524e-05 
-1.8400959355544288688e-05 
-0.0050888766963948315475 
-0.0051372124291896520756 
-6.620318649921800282e-07 
-2.4228855865983319391e-06 
-6.546935676349795489e-05 
-1.7570283935566118706e-05 
-0.0051717996815288718934 
-0.0052179585017039543937 
-2.8293419816519619893e-06 
-2.0833240456122556426e-06 
-6.5469737301262841784e-05 
-1.7569994323495404339e-05 
-0.0054523870426308523526 
-0.0055010534983597281569 
-1.5804704936861192976e-06 
-8.5711405818500658707e-07 
-6.5469813691675039693e-05 
-1.7569897920313437963e-05 
-0.0054494652986054126567 
-0.0054981092396942056119 
-3.6218596998271908045e-07 
3.6218596357315914693e-07 
-6.5469838307551691723e-05 
 -1.75698730122899623e-05 
-0.0054494149056960716065 
-0.0054980599119131877764 
8.5711405224376206448e-07 
1.5804704890117025449e-06 
-6.5469813691675215876e-05 
-1.7569897920312184354e-05 
-0.0054494652986088031738 
 -0.005498109239698869416 
2.0833240418561591888e-06 
2.8293419791438741391e-06 
-6.5469737301261662714e-05 
-1.756999432349703403e-05 
-0.0054523870426157984223 
 -0.005501053498345917156 
2.4228855849798048663e-06 
 6.620318645590691065e-07 
 -6.54693567634945261e-05 
-1.7570283935567721292e-05 
-0.0051717996815275023292 
 -0.005217958501703760972 
-6.3028579055726164181e-07 
-2.3066653691876507568e-06 
-6.2380133377702636248e-05 
-1.6741000280010824716e-05 
 -0.005250952004487452647 
-0.0052949343736427715093 
-2.6932726716745827335e-06 
-1.9820119191553534368e-06 
-6.238049640534244582e-05 
-1.6740724564431916745e-05 
-0.0055358392722634226085 
-0.0055822100098178503019 
-1.5030894422930048784e-06 
-8.1486510766585088161e-07 
-6.2380569734653222558e-05 
-1.6740633018676504451e-05 
-0.0055328784093541995975 
-0.0055792262506536424368 
-3.4426502606166802957e-07 
3.4426502508280980949e-07 
-6.2380593430357001144e-05 
-1.6740609425515635603e-05 
-0.0055328296014868216801 
-0.0055791777958925127534 
8.1486510683674210443e-07 
1.5030894418697007983e-06 
-6.2380569734652897298e-05 
-1.6740633018676080935e-05 
-0.0055328784093594766264 
-0.0055792262506593288604 
1.9820119200596157417e-06 
2.6932726757871161572e-06 
-6.2380496405341917272e-05 
-1.6740724564427651087e-05 
-0.0055358392722512301046 
-0.0055822100098088739753 
2.3066653733506084754e-06 
6.3028579167241344527e-07 
-6.2380133377706390298e-05 
-1.674100028000898496e-05 
-0.0052509520044865679381 
-0.0052949343736388458301 
-5.990147530439033569e-07 
-2.1922089092677390417e-06 
-5.9303448280863084452e-05 
-1.5915179661404517012e-05 
 -0.005326337284404452678 
-0.0053681509987570305564 
-2.5594994587337649044e-06 
-1.8831433726662585564e-06 
-5.9303793652169718177e-05 
-1.5914917650894820162e-05 
-0.0056153182897383082176 
 -0.005659402246635094301 
-1.4279127231837415736e-06 
 -7.74001239738418088e-07 
-5.9303863670634038437e-05 
-1.5914830762689212142e-05 
-0.0056123179999720967936 
-0.0056563796456784712005 
-3.2697445875740377935e-07 
3.2697445461668459313e-07 
-5.9303886333588261119e-05 
-1.5914808397739327138e-05 
-0.0056122697054418338794 
-0.0056563314337017408726 
7.7400123558562624706e-07 
1.4279127189982093682e-06 
-5.9303863670632080097e-05 
-1.5914830762690035458e-05 
-0.0056123179999779228624 
-0.0056563796456842617075 
 1.883143368947855704e-06 
2.5594994563209695313e-06 
-5.9303793652168152861e-05 
-1.5914917650897046164e-05 
 -0.005615318289730981613 
-0.0056594022466290704737 
2.1922089077451659788e-06 
5.9901475263483631244e-07 
-5.9303448280863911156e-05 
-1.5915179661405008291e-05 
-0.0053263372843998183642 
-0.0053681509987535142719 
-5.6802621744910345964e-07 
-2.0787943512754833334e-06 
-5.6243795749609878801e-05 
-1.5093988076212833308e-05 
-0.0053979705186066864395 
-0.0054376272311485850802 
-2.4270204081389758006e-06 
-1.7854739847234289884e-06 
 -5.62441234586456696e-05 
-1.5093739643284620781e-05 
-0.0056908409642575253501 
 -0.005732650648038011866 
-1.3537607079289574883e-06 
-7.3375569969345464022e-07 
-5.6244190057954826327e-05 
-1.509365731762751766e-05 
 -0.005687802374130976682 
-0.0057295906431383642962 
-3.0996023316381326264e-07 
3.0996023921857131747e-07 
-5.6244211637619876396e-05 
-1.509363614273957901e-05 
 -0.005687754177841719376 
-0.0057295424051584699365 
7.3375570385624718741e-07 
1.3537607069406208107e-06 
-5.624419005795561915e-05 
-1.5093657317628298624e-05 
-0.0056878023741348694015 
-0.0057295906431370979481 
1.7854739809991201988e-06 
2.4270204020944004582e-06 
-5.6244123458646658935e-05 
-1.5093739643282828459e-05 
-0.0056908409642511354962 
-0.0057326506480292992174 
2.0787943458375737402e-06 
 5.680262159929037926e-07 
-5.6243795749610895241e-05 
-1.5093988076209487528e-05 
-0.0053979705186050306459 
-0.0054376272311509165486 
-5.3723044399365426373e-07 
-1.9660850527815917071e-06 
-5.3203524103879821225e-05 
-1.4278032207582590078e-05 
-0.0054658726696352232313 
-0.0055033860213244134574 
-2.2953662072827857591e-06 
-1.688415422269171444e-06 
-5.3203834227206525437e-05 
-1.4277797258154194639e-05 
-0.0057624296917554327854 
-0.0058019794700973981519 
-1.2800741514318899998e-06 
-6.9376426357356464668e-07 
-5.3203897384782320096e-05 
-1.4277719454723377315e-05 
-0.0057593543521113092429 
-0.0057988836094382319869 
-2.9305401936332934414e-07 
2.9305401689883039172e-07 
-5.3203917868325777151e-05 
-1.4277699457034876313e-05 
 -0.005759306040529952285 
-0.0057988351365721923711 
6.9376425999567450171e-07 
1.2800741448142646814e-06 
-5.3203897384783160353e-05 
-1.4277719454722526894e-05 
-0.0057593543521070383537 
-0.0057988836094309244643 
 1.688415415952336419e-06 
2.2953662048153029743e-06 
-5.3203834227205610641e-05 
-1.4277797258152698779e-05 
-0.0057624296917472830545 
-0.0058019794700931038439 
1.9660850519479639033e-06 
5.3723044376785984395e-07 
-5.3203524103880566614e-05 
-1.4278032207583999541e-05 
-0.0054658726696392347794 
-0.0055033860213290356281 
-5.0653281104041549169e-07 
-1.8537271467952385105e-06 
-5.0183629947798606794e-05 
-1.3467565472645908075e-05 
-0.0055300677636498591153 
 -0.005565452397393053606 
-2.1640539720745046617e-06 
-1.5913900925886201102e-06 
-5.0183922620409755799e-05 
-1.3467343945837355026e-05 
   -0.0058301096969600643 
 -0.005867414774980215901 
-1.206311684101768495e-06 
-6.5367775373103820665e-07 
-5.018398237772464266e-05 
-1.3467270672674166358e-05 
 -0.005826999049034718367 
-0.0058642842102528828022 
-2.7609514451466061144e-07 
2.7609513635737582853e-07 
-5.0184001780543912273e-05 
-1.346725186134976063e-05 
-0.0058269503694199659832 
-0.0058642351252834214181 
6.5367774827864127952e-07 
1.2063116860450931042e-06 
-5.0183982377724486806e-05 
-1.3467270672672963572e-05 
-0.0058269990490290076574 
-0.0058642842102545715555 
1.5913900968865144124e-06 
2.1640539754183074049e-06 
-5.0183922620411368549e-05 
-1.3467343945837861551e-05 
-0.0058301096969568325101 
-0.0058674147749760248091 
1.8537271491552067681e-06 
5.0653281167266523572e-07 
-5.0183629947801303747e-05 
-1.3467565472644657854e-05 
-0.0055300677636540649523 
-0.0055654523973955403321 
-4.7573397766578204409e-07 
-1.7409765875077147482e-06 
-4.7184246050176938017e-05 
-1.2662614851191690633e-05 
 -0.005590581421735019152 
-0.0056238526304764092922 
-2.0320830636888072614e-06 
-1.4932408369078300716e-06 
-4.7184521464474846056e-05 
-1.2662406746017347025e-05 
 -0.005893907432719305145 
-0.0059289832773849271766 
-1.1314003349088291098e-06 
-6.128095123749528681e-07 
-4.7184577928034890208e-05 
-1.2662338091183741865e-05 
-0.0058907622175575387324 
-0.0059258179172401986151 
-2.5876884863129623351e-07 
2.5876885113543484556e-07 
-4.7184596294054031377e-05 
-1.2662320511313875104e-05 
-0.0058907126125545775791 
-0.0059257672951357641053 
6.1280951309871192247e-07 
1.1314003307705505431e-06 
-4.7184577928035330665e-05 
-1.2662338091182532302e-05 
-0.0058907622175601555628 
-0.0059258179172379538829 
 1.493240832169955728e-06 
2.0320830621801441736e-06 
-4.7184521464474175206e-05 
-1.2662406746017668897e-05 
-0.0058939074327159441183 
-0.0059289832773848005418 
1.7409765872493243831e-06 
4.7573397759616816486e-07 
-4.7184246050176904136e-05 
-1.2662614851192219181e-05 
-0.0055905814217369342867 
-0.0056238526304785152465 
-4.443370634183502151e-07 
-1.6259793149189334499e-06 
-4.4204949017887053872e-05 
-1.1863060965009256944e-05 
-0.0056474405307844425389 
-0.0056786146601812250226 
-1.896967333653157891e-06 
 -1.39111241381167836e-06 
-4.4205207438022503085e-05 
-1.1862866413859494906e-05 
-0.0059538497257402072868 
-0.0059867118685835640432 
-1.0526989573484225806e-06 
-5.6947300445028644165e-07 
-4.4205260790420970664e-05 
-1.1862802640450213678e-05 
-0.0059506687581144602009 
-0.0059835083715947794819 
-2.403030288038862273e-07 
2.4030302411119971507e-07 
-4.4205278195836648198e-05 
-1.1862786415225949965e-05 
-0.0059506168177053276463 
-0.0059834538449859298731 
5.6947300086717645614e-07 
1.0526989567937095973e-06 
-4.4205260790419466333e-05 
-1.186280264045031024e-05 
 -0.005950668758111542396 
-0.0059835083715948879021 
1.3911124140572531167e-06 
1.8969673330664550143e-06 
-4.4205207438022645387e-05 
-1.1862866413859261125e-05 
-0.0059538497257409540853 
-0.0059867118685834799091 
1.6259793142109888183e-06 
4.4433706322799189512e-07 
-4.4204949017888612412e-05 
-1.1863060965008741948e-05 
-0.0056474405307868008955 
-0.0056786146601841037962 
-4.1107027859664046924e-07 
-1.5039895548266117569e-06 
-4.1244957433061374202e-05 
-1.1068689524312844963e-05 
-0.0057006744746450803765 
-0.0057297707767582630942 
-1.7523503095461194112e-06 
-1.2777229930578353437e-06 
-4.1245199202647916373e-05 
-1.1068508973674248637e-05 
-0.0060099636169278188372 
-0.0060406279470243528368 
-9.634798520723494662e-07 
-5.1938091445074949896e-07 
-4.1245249680679806677e-05 
-1.1068450755503052204e-05 
-0.0060067407449375742959 
-0.0060373746389894957301 
-2.1873788304268099304e-07 
2.1873789107663769941e-07 
-4.1245266218615256478e-05 
-1.1068436189978948661e-05 
-0.0060066828594639931974 
-0.0060373101615186107113 
5.1938092085869509356e-07 
9.6347985403938866862e-07 
-4.1245249680680463975e-05 
-1.1068450755501222613e-05 
-0.0060067407449371649011 
 -0.006037374638984647178 
1.2777229925270377004e-06 
1.7523503066386652672e-06 
-4.1245199202643383052e-05 
-1.1068508973673118695e-05 
-0.0060099636169265628974 
-0.0060406279470207073154 
1.5039895518467574717e-06 
4.1107027779588199068e-07 
-4.1244957433061096375e-05 
-1.1068689524310646065e-05 
-0.0057006744746489444731 
-0.0057297707767643086055 
-3.7263440038000713924e-07 
-1.3626952777188243591e-06 
-3.8303261655444831237e-05 
-1.0279224501823052202e-05 
-0.0057503196342873390615 
 -0.005777365639919286415 
-1.581804720386455406e-06 
-1.1344165896315732072e-06 
-3.8303487106694094093e-05 
-1.0279059162656110305e-05 
-0.0060622771791526176843 
-0.0060907610794521081787 
-8.4657732706793891722e-07 
-4.5166921880239758268e-07 
-3.8303534767221955376e-05 
-1.0279008152580243932e-05 
-0.0060589935633592831993 
-0.0060874250670800130261 
-1.8913249126810970772e-07 
 1.891324896558164004e-07 
-3.8303550416478565187e-05 
-1.027899597601610462e-05 
-0.0060589205920803359054 
-0.0060873354805545572266 
4.5166921869176068021e-07 
8.4657733105875804749e-07 
-3.8303534767219454935e-05 
-1.0279008152580684389e-05 
-0.0060589935633543045429 
-0.0060874250670791361234 
1.1344165956006317507e-06 
1.5818047276660988061e-06 
-3.8303487106694710732e-05 
-1.0279059162656508411e-05 
-0.0060622771791485827175 
-0.0060907610794493759893 
1.3626952838351745206e-06 
3.7263440201835504766e-07 
-3.8303261655444600844e-05 
-1.0279224501825305309e-05 
-0.0057503196342925527729 
-0.0057773656399200193357 
-3.202184567358202234e-07 
-1.1692146233014098585e-06 
-3.5378710487536959813e-05 
-9.4943488162370717493e-06 
-0.0057964322022275296606 
-0.0058214786785099979088 
-1.3420222811047202301e-06 
-9.1347201626847635101e-07 
-3.5378919361107986983e-05 
-9.4942018521920698321e-06 
-0.0061108218325616149233 
-0.0061371462617925039151 
-6.5871605397831165965e-07 
-3.3962319160163977442e-07 
-3.5378962913772188305e-05 
-9.4941620463470923429e-06 
-0.0061074266136947122363 
-0.0061336416547503012919 
-1.3956243620084343241e-07 
1.3956244370160311582e-07 
-3.5378976898350406781e-05 
-9.4941539369383942004e-06 
-0.0061073163251572082366 
 -0.006133491420383707475 
3.3962319738636811965e-07 
6.5871605507172468016e-07 
-3.5378962913771368377e-05 
-9.4941620463471939869e-06 
-0.0061074266136936184932 
-0.0061336416547445125197 
9.1347201546368387804e-07 
1.3420222798271798228e-06 
-3.5378919361109376117e-05 
-9.4942018521931353996e-06 
-0.0061108218325591837083 
-0.0061371462617895973859 
1.1692146221555343701e-06 
3.2021845642774279966e-07 
-3.5378710487536017913e-05 
 -9.49434881623631789e-06 
-0.0057964322022269303136 
-0.0058214786785102346986 
-2.2828660895594724157e-07 
-8.2824849614557544193e-07 
-3.2470069520524752753e-05 
-8.7137120898682174721e-06 
-0.0058391253210372025956 
-0.0058622919140503340629 
-9.1211104442777933385e-07 
-4.9384079746203636852e-07 
-3.2470259011663861514e-05 
-8.7135925360447961008e-06 
-0.0061556336107782419834 
-0.0061798187915565435183 
-2.9561918834305068824e-07 
-1.2494211586633447394e-07 
-3.2470290967245874771e-05 
-8.7135737976330000245e-06 
-0.0061519983646981662995 
-0.0061759359901346674165 
-4.6083354916849264181e-08 
4.6083353497246482807e-08 
-3.2470299175777141587e-05 
-8.7135731327649082765e-06 
-0.0061518047765314887165 
-0.0061756639005243561119 
1.2494211677135153806e-07 
2.9561919558250126329e-07 
-3.2470290967247284234e-05 
-8.7135737976321716263e-06 
-0.0061519983646929803436 
-0.0061759359901358270792 
4.9384080365789031296e-07 
9.1211104142986111819e-07 
-3.247025901166453914e-05 
-8.7135925360462784085e-06 
-0.0061556336107717974857 
 -0.006179818791540899782 
8.2824849112289315202e-07 
 2.282866076130927325e-07 
-3.2470069520527903716e-05 
-8.7137120898686071073e-06 
-0.0058391253210390960462 
-0.0058622919140559016579 
1.8976804152084241759e-09 
2.8677072545437610981e-08 
-2.9576110011428829527e-05 
-7.9369521998380682874e-06 
-0.0058787046291920407037 
-0.0059003798424840034342 
1.2876957560599643543e-07 
4.1863562416502864996e-07 
-2.9576248535210742041e-05 
-7.936890374828768589e-06 
-0.0061967008427994850137 
-0.0062186393961157259216 
4.4091866506589152165e-07 
2.5507173729070437581e-07 
-2.957623275894928367e-05 
-7.9369170044751596887e-06 
-0.0061925532994666875053 
 -0.006214016085175057269 
9.8879228392114475518e-08 
-9.8879226760886726053e-08 
-2.9576223788303131223e-05 
-7.9369258741115574439e-06 
-0.0061922481082919318685 
-0.0062136989646644638988 
-2.5507173690138293991e-07 
-4.4091866805668169036e-07 
-2.9576232758949276894e-05 
-7.9369170044762303384e-06 
-0.0061925532994689252986 
-0.0062140160851739244946 
-4.186356262567608431e-07 
-1.2876957184202628096e-07 
-2.9576248535212598738e-05 
-7.9368903748270880756e-06 
-0.0061967008427826087563 
-0.0062186393961047000192 
-2.8677067887799935747e-08 
-1.8976791700524517608e-09 
-2.9576110011428263709e-05 
-7.9369521998371805969e-06 
-0.0058787046291977123821 
-0.0059003798424862655136 
8.6678226001962048829e-07 
3.2544091870443206799e-06 
-2.6694902600091075635e-05 
-7.1628980226225271642e-06 
-0.0059163392159595996553 
-0.0059382671036976152762 
3.5617129758148853806e-06 
 2.052551759332441871e-06 
-2.6694577413463023245e-05 
-7.1632171217845194157e-06 
-0.0062332688918126906777 
-0.0062512993378982953732 
1.2587822796285080899e-06 
 6.380869702797396571e-07 
-2.6694431633890700501e-05 
-7.1632898604110682104e-06 
-0.0062287965207681776983 
-0.0062477152290817544733 
2.2903229274121516875e-07 
-2.2903229751910440751e-07 
-2.6694402602387614639e-05 
-7.1633003474826327845e-06 
-0.0062285345464359485532 
-0.0062476158451593372459 
-6.3808697352513707714e-07 
-1.2587822786939478401e-06 
-2.6694431633888013712e-05 
-7.1632898604107980069e-06 
-0.0062287965207673337553 
-0.0062477152290850964181 
-2.0525517560567829283e-06 
-3.5617129703063904143e-06 
-2.6694577413463680543e-05 
-7.1632171217853317203e-06 
-0.0062332688918046138052 
 -0.006251299337892446753 
-3.2544091820550768155e-06 
-8.6678225868491181566e-07 
-2.6694902600092793417e-05 
-7.1628980226222696662e-06 
-0.0059163392159592726599 
-0.0059382671036936384226 
-3.4408359751144357422e-06 
-1.2812952817690129647e-05 
3.9778102021829072428e-05 
0.00014662253756690253842 
 0.0041941052494093179065 
 0.0040956096020945001804 
-1.5802653426982981471e-05 
-1.4544828800215464355e-05 
3.9775487867362744286e-05 
0.00014662298824406026776 
 0.0042186338580227338707 
 0.0041095047726084155473 
-1.226313724898069048e-05 
-7.2334622517052259085e-06 
3.9775267349376840068e-05 
0.00014662348768148514267 
 0.0042288948331269358982 
  0.004115993683967454804 
-3.1247065030316653737e-06 
 3.124706512609328218e-06 
3.9775191827583729408e-05 
0.00014662370463881419804 
  0.004233226688879988299 
 0.0041191055024998399908 
7.2334622621076807324e-06 
1.2263137261634568195e-05 
3.9775267349375471263e-05 
0.00014662348768148622687 
 0.0042288948331301026359 
 0.0041159936839683655338 
1.4544828812916515029e-05 
1.5802653437566820777e-05 
3.9775487867362385144e-05 
0.00014662298824406072855 
 0.0042186338580146249058 
 0.0041095047726024194756 
1.2812952825426310253e-05 
3.4408359771892268528e-06 
3.9778102021827771385e-05 
0.00014662253756690316183 
 0.0041941052494088209082 
 0.0040956096020996549112 
-1.5926990828489822543e-06 
-5.9144132529986449329e-06 
3.6141091154753414807e-05 
 0.0001352545037292946211 
 0.0040258369582901257222 
 0.0039311737443849265744 
-7.4965772159266239483e-06 
-7.4364724736354443968e-06 
3.6141049420429579729e-05 
0.00013525473052343920202 
 0.0040342368498047821712 
 0.0039351915117107720554 
-6.4559738342573932523e-06 
-3.776793529817977728e-06 
3.6140737321487667794e-05 
 0.0001352547520263692809 
 0.0040383860129957448171 
 0.0039367212426591130861 
-1.6271370534925863997e-06 
1.6271370513637016474e-06 
3.6140669275375777569e-05 
0.00013525477398666690206 
  0.004040840796186394128 
 0.0039386008380670614951 
3.7767935277797348184e-06 
6.4559738324653010818e-06 
 3.614073732148959903e-05 
0.00013525475202636808828 
 0.0040383860129957439497 
 0.0039367212426588650206 
7.4364724715516637254e-06 
7.4965772127892960739e-06 
  3.61410494204295594e-05 
0.00013525473052343998806 
 0.0040342368497999509663 
 0.0039351915117069877562 
5.9144132502222564321e-06 
1.5926990821070781661e-06 
3.6141091154754499009e-05 
0.00013525450372929264243 
 0.0040258369582966109859 
 0.0039311737443893822117 
-5.7355606158001244179e-07 
-2.1097806550769888662e-06 
3.7145225653672950218e-05 
0.00013899697126147728685 
 0.0038597500456348109339 
 0.0037594100685067752612 
-2.7886625499386447155e-06 
-3.0438906837777062292e-06 
3.7145223661241339895e-05 
0.00013899716418202403916 
 0.0038616962204009622033 
  0.003760074732296058396 
-2.7726220540316181461e-06 
-1.7132169957262205216e-06 
3.7145019787858117219e-05 
0.00013899710329147053488 
 0.0038617858186188219922 
 0.0037588494746371046637 
-7.7854520166090762367e-07 
7.7854519397623212641e-07 
3.7144985879537365566e-05 
 0.0001389970998578976373 
 0.0038632726988845492513 
 0.0037598386357129459819 
1.7132169900234809952e-06 
2.7726220537349512091e-06 
3.7145019787857744525e-05 
0.00013899710329147286591 
 0.0038617858186165065701 
 0.0037588494746293756033 
3.0438906837116372358e-06 
2.7886625450866108712e-06 
3.7145223661241787128e-05 
0.00013899716418202520468 
 0.0038616962203993137823 
  0.003760074732299193475 
 2.109780649870587777e-06 
5.7355606018092037133e-07 
3.7145225653671893121e-05 
 0.0001389969712614775308 
  0.003859750045637122453 
 0.0037594100685052764602 
-2.1758985066076610418e-07 
-7.8018331548970394244e-07 
3.8385704212388691958e-05 
0.00014412437903877568551 
 0.0036841937989810398524 
 0.0035789940218751950703 
-1.050195976815145262e-06 
-1.159675385040229466e-06 
 3.838576930718663174e-05 
0.00014412457984311363257 
 0.0036842249539754232286 
 0.0035785715883288617654 
-1.0789320218580574644e-06 
-6.8346275656728824483e-07 
3.8385625941564916462e-05 
0.00014412451188952353064 
  0.003682333485624346165 
 0.0035761750125950994561 
-3.2481540194234121289e-07 
 3.248154021983475509e-07 
 3.838561600746449241e-05 
0.00014412450113681146897 
 0.0036830474381785234701 
 0.0035766348007765704636 
6.8346275555670170579e-07 
1.0789320173832482608e-06 
3.8385625941565343366e-05 
0.00014412451188952369327 
 0.0036823334856159067353 
 0.0035761750125901221008 
1.1596753805334144873e-06 
1.0501959756732167354e-06 
3.8385769307184985108e-05 
0.00014412457984311439151 
 0.0036842249539790834952 
 0.0035785715883291475611 
7.8018331556524339947e-07 
2.1758985068150822052e-07 
3.8385704212389566096e-05 
0.00014412437903877603788 
 0.0036841937989781667166 
 0.0035789940218723778793 
-7.1497251377571003297e-08 
-2.3350741078621328777e-07 
3.9882325308561381299e-05 
0.00015052386093907199572 
 0.0035000514886313715927 
 0.0033895461623304218995 
-3.2740798313345854477e-07 
-3.5332277479371692906e-07 
3.9882419449091747305e-05 
 0.0001505240796990091898 
 0.0034994146939839555419 
 0.0033887727932330256701 
-3.4325017687264903313e-07 
-2.214216578818091643e-07 
3.9882301236407646436e-05 
 0.0001505240163464025005 
 0.0034967790397932522334 
 0.0033859892530007000902 
-1.1651613503694710989e-07 
1.1651614492297469412e-07 
3.9882304094735905576e-05 
0.00015052400732316786706 
 0.0034971050965091378393 
 0.0033862041141413607229 
2.2142166597644696691e-07 
3.4325018007063854851e-07 
3.9882301236408615442e-05 
0.00015052401634640258181 
 0.0034967790397913331955 
 0.0033859892530036773094 
3.5332277633406201376e-07 
3.2740798503011862663e-07 
3.9882419449092418155e-05 
0.00015052407969900981322 
 0.0034994146939828752428 
 0.0033887727932315862833 
2.3350741238405597477e-07 
7.1497251802606365818e-08 
3.9882325308561842085e-05 
0.00015052386093907462491 
 0.0035000514886289976237 
 0.0033895461623292236393 
-6.6425949195074874703e-09 
1.0261969068165566593e-08 
4.1504799893849088485e-05 
0.00015803279700693810203 
 0.0033064439815241571455 
 0.0031898737830784325807 
-5.5292526925225285315e-09 
6.6086557152212673455e-09 
4.1504910637236462818e-05 
0.00015803303296222970297 
 0.0033056239221966785512 
 0.0031890579944472683717 
-1.4945493814913147678e-08 
-1.4018923401717387491e-08 
4.1504801629950768382e-05 
0.00015803297339218812224 
 0.0033027902312814773692 
 0.0031862353719470950207 
-2.3072018613524521177e-08 
2.3072020102149198392e-08 
4.1504810996689476285e-05 
0.00015803296674191360713 
 0.0033029478444379623513 
 0.0031863477798358408322 
1.4018926446663160238e-08 
1.4945501115765594368e-08 
4.1504801629950483779e-05 
0.00015803297339218861013 
 0.0033027902312846870413 
 0.0031862353719460437783 
-6.6086468438177784045e-09 
5.5292615955657065082e-09 
4.1504910637235995256e-05 
0.00015803303296223092269 
 0.0033056239221950951823 
 0.0031890579944456477063 
-1.0261962039250089621e-08 
6.6425968033181622444e-09 
4.1504799893848126255e-05 
0.00015803279700693850861 
 0.0033064439815252678022 
 0.0031898737830846871262 
2.8003930287824146006e-08 
1.4162768891489686552e-07 
4.3149609576023023399e-05 
 0.0001667871910031466765 
 0.0031019199689903188301 
 0.0029781462149250132083 
1.6495968185541436177e-07 
1.9152515284804579839e-07 
4.3149732087745869703e-05 
0.00016678744415473396152 
 0.0031011392517359486452 
 0.0029774520374573044089 
1.5100996137664012623e-07 
8.9945398313988856967e-08 
4.3149624944490677756e-05 
0.00016678738560175883029 
 0.0030983526233322026579 
 0.0029747528896242334331 
2.2957681193871657525e-08 
-2.2957677955320821339e-08 
4.3149637925288870011e-05 
0.00016678738048240854697 
 0.0030984429433051469648 
 0.0029748280744610164535 
-8.9945394750088771374e-08 
-1.5100995692582606907e-07 
4.3149624944490664203e-05 
0.00016678738560175769188 
 0.0030983526233292744446 
  0.002974752889620421812 
-1.9152514964465872437e-07 
-1.6495968294586266108e-07 
4.3149732087746276278e-05 
0.00016678744415473499151 
 0.0031011392517358900983 
 0.0029774520374615397363 
-1.4162769101534865404e-07 
-2.8003930850537914678e-08 
4.3149609576022217024e-05 
0.00016678719100314635124 
  0.003101919968997899138 
 0.0029781462149310561176 
 5.571715838349760063e-08 
2.4757402743753961618e-07 
 4.465035322347143536e-05 
0.00017712649824816126005 
 0.0028843037260635495146 
 0.0027516198812991264112 
2.9773786238658757553e-07 
3.2458309613675412412e-07 
 4.465048636790938121e-05 
 0.0001771267694748692638 
 0.0028837033707023768288 
 0.0027511839944385778518 
2.6583304843602575819e-07 
1.5984369489445997656e-07 
4.4650377934688835219e-05 
0.00017712670905497502412 
 0.0028810847222398177671 
 0.0027486980214549978745 
5.2729189027446619589e-08 
-5.2729193118198326403e-08 
4.4650393352522626839e-05 
0.00017712670449176361599 
 0.0028811541765187548281 
 0.0027487669603919618472 
-1.598436979156171764e-07 
-2.6583304853205700686e-07 
4.4650377934687812004e-05 
0.00017712670905497247625 
 0.0028810847222346057904 
 0.0027486980214468663582 
-3.2458309495225250394e-07 
-2.9773786063278981755e-07 
4.4650486367909394763e-05 
0.00017712676947486915538 
 0.0028837033707079730467 
 0.0027511839944436076826 
-2.4757402588753179139e-07 
-5.5717157966956066129e-08 
4.4650353223472600878e-05 
0.00017712649824816071795 
 0.0028843037260694432376 
 0.0027516198813061559444 
9.1200141372832991314e-08 
3.8320635900083287395e-07 
4.5697082658224259094e-05 
0.00018969547895331042176 
 0.0026502849241158000886 
 0.0025059932085650248219 
4.6131116193946596921e-07 
 4.709842233492519788e-07 
4.5697227008928649526e-05 
0.00018969577181547533353 
 0.0026500144569963760867 
 0.0025060045062266665325 
3.8509729723570694458e-07 
2.2872974972988553791e-07 
4.5697116117603237234e-05 
0.00018969570618481359386 
 0.0026476376681327483398 
 0.0025037935864014840455 
8.0466015611371786934e-08 
-8.0466020634345681177e-08 
4.5697133507797698824e-05 
0.00018969570108610370098 
 0.0026477080933654064711 
 0.0025038685937900815801 
-2.2872975657937336723e-07 
-3.8509730907890647237e-07 
4.5697116117603216905e-05 
0.00018969570618481150677 
 0.0026476376681253753313 
  0.002503793586399107908 
-4.7098423687994739004e-07 
-4.6131117508753949871e-07 
4.5697227008928581764e-05 
0.00018969577181547652616 
 0.0026500144570010581054 
 0.0025060045062309638762 
-3.8320636925872696704e-07 
-9.1200144120781368378e-08 
4.5697082658223899952e-05 
0.00018969547895330998808 
 0.0026502849241205003218 
 0.0025059932085622189067 
1.5054834479487372673e-07 
6.0896090338118374038e-07 
4.5670835053698126957e-05 
0.00020571792993946959554 
 0.0023945195727174267697 
 0.0022340583005316049479 
7.2241129341338865965e-07 
6.7109558034244946613e-07 
4.5670997553880287678e-05 
0.00020571823429399221841 
 0.0023948226353621383453 
 0.0022348705297236676204 
5.3336021177665301002e-07 
3.0508372453062658113e-07 
4.5670884670805851646e-05 
0.00020571815693552880622 
 0.0023927370303064659195 
 0.0022329617004813056592 
1.0750858610095200097e-07 
-1.0750857930755190086e-07 
4.5670903338231150334e-05 
0.00020571814976821451099 
 0.0023928088669002540133 
 0.0022330202979400654711 
-3.0508371809526231827e-07 
-5.333602063208866917e-07 
4.5670884670806353089e-05 
0.00020571815693552953806 
 0.0023927370303062750999 
  0.002232961700482091489 
-6.7109557416940760126e-07 
-7.2241128430207674515e-07 
4.5670997553878884992e-05 
 0.0002057182342939921642 
 0.0023948226353652161784 
 0.0022348705297238090003 
-6.0896089535015107115e-07 
-1.5054834264332859319e-07 
4.5670835053698147286e-05 
0.00020571792993947135737 
 0.0023945195727140228086 
 0.0022340583005340786636 
2.6636418064902621744e-07 
1.0486273978516755029e-06 
4.3302635772860044211e-05 
0.00022850997976517985243 
 0.0021074837033367150967 
 0.0019215108804265857746 
1.1899081556066482491e-06 
9.0616033152749198359e-07 
4.3302766340897952467e-05 
0.00022851043582769263972 
 0.0021088747430260861362 
 0.0019239672823248403239 
6.4981030812223926752e-07 
3.4524772618229827962e-07 
4.3302647897062314342e-05 
0.00022851033884158881287 
 0.0021070380498102556262 
 0.0019221511879006878288 
  1.11345969420184289e-07 
-1.1134597763480994665e-07 
4.3302664510535003638e-05 
0.00022851032989243944861 
 0.0021070618392380101661 
 0.0019220931257007010853 
-3.4524773287359900027e-07 
-6.4981031064612142348e-07 
4.3302647897061616387e-05 
0.00022851033884158691552 
 0.0021070380498098765891 
 0.0019221511878961439375 
-9.061603318904830827e-07 
-1.1899081542301553353e-06 
4.3302766340898054111e-05 
 0.0002285104358276919892 
 0.0021088747430245175125 
 0.0019239672823215332904 
-1.0486273962656577664e-06 
-2.6636418022327913549e-07 
 4.330263577286006454e-05 
0.00022850997976518156005 
 0.0021074837033417648767 
 0.0019215108804327980362 
4.3821116664335159203e-07 
1.6828979608037036384e-06 
3.4953637120477830966e-05 
0.00025904478743376694932 
 0.0017710298063696920754 
 0.0015485077348190465045 
1.7769961893169679179e-06 
8.8855843491662140973e-07 
3.4953937292261764731e-05 
0.00025904483799616166099 
  0.001774659837608485221 
 0.0015542711405408052034 
4.4801005758571364257e-07 
2.3088494710649971444e-07 
3.4953811910887034957e-05 
 0.0002590447325740752359 
 0.0017726052667631918454 
 0.0015515449551841066934 
6.6765543367271381919e-08 
-6.6765536625352938488e-08 
3.4953826014944055015e-05 
0.00025904472210164263598 
   0.00177248664852459447 
 0.0015513427565270220595 
-2.3088494086314762986e-07 
-4.4801005270328576798e-07 
3.4953811910886479304e-05 
0.00025904473257407518169 
 0.0017726052667576212146 
 0.0015515449551798965195 
-8.8855843132550696287e-07 
-1.7769961878917301638e-06 
3.4953937292263377481e-05 
0.00025904483799616307045 
 0.0017746598376053360473 
  0.001554271140539821832 
-1.6828979603038091451e-06 
-4.3821116650887097679e-07 
3.4953637120480195882e-05 
0.00025904478743377085245 
 0.0017710298063764624843 
 0.0015485077348261801211 
-7.9331317995286478278e-07 
-2.5751783286639765059e-06 
6.9345809268921206289e-06 
0.00045020513003569322206 
  0.001315891064712964827 
  0.000851452543337872245 
-2.7809418692875199036e-06 
-7.8096067240045025992e-07 
6.9348154913946602292e-06 
0.00045020612486942256049 
 0.0013210546286196941674 
0.00085282942021855053828 
-2.3003679560877349263e-07 
5.2499351749360071167e-08 
6.9344612361175027873e-06 
0.00045020609474643837533 
 0.0013187108045078176338 
0.00085220200662103340328 
-7.4064325110169507417e-08 
7.4064321745614893721e-08 
6.9344871340062794505e-06 
0.00045020610347398332075 
  0.001318527202287334563 
 0.0008521528201662474265 
-5.2499355897012169125e-08 
2.3003678931886426857e-07 
 6.934461236114974394e-06 
0.00045020609474643479746 
  0.001318710804504890071 
0.00085220200662024963353 
7.8096066528572195116e-07 
2.7809418620644024002e-06 
6.9348154913951252503e-06 
0.00045020612486942228943 
 0.0013210546286195436801 
0.00085282942021850923018 
2.5751783229345207133e-06 
7.9331317841711114606e-07 
6.9345809268911499292e-06 
0.00045020513003569170418 
 0.0013158910647186978712 
0.00085145254333940953526 
 0.0043633863408922843666 
 0.0043489910499545456762 
1.5976818112825932216e-05 
6.0946202901819507356e-05 
-1.096302330983451429e-05 
-4.0799160901880361305e-05 
 0.0043194699274492652161 
 0.0042557685921829225412 
 2.780595009797374057e-05 
0.00010187374802341450945 
-4.1335564868311252735e-06 
-1.5423690650231325534e-05 
 0.0044811305015576086488 
 0.0044169473186513119947 
1.5972143213496304437e-05 
6.0955152265945188365e-05 
-4.4507366487990697576e-05 
-2.4559636979168372229e-05 
 0.0043646996446608981104 
 0.0042886961376866093373 
2.7810108786714418324e-05 
0.00010187865286993856085 
-1.9185897257372337135e-05 
-1.8176149673393711512e-05 
 0.0044859598267909060049 
 0.0044346074895260222809 
1.5971319241018138894e-05 
6.0955530081057690138e-05 
-1.4742215434154169255e-05 
-7.6264033599056734158e-06 
 0.0043847914660177554971 
 0.0043026023624943010581 
2.7809014760177700121e-05 
0.00010187822405277611787 
-1.5171044731051932272e-05 
-7.9753521097992752546e-06 
 0.0044872969121066471482 
 0.0044371593657502456098 
1.5971211482692903032e-05 
6.0955704816889999911e-05 
-2.9503696319624045584e-06 
2.9503696507224347936e-06 
 0.0043881645587940604561 
 0.0043070042262110920864 
2.7808902815887216601e-05 
 0.0001018783521870105283 
-3.0833482695988191065e-06 
3.0833482684183664626e-06 
 0.0044859598267885736692 
 0.0044346074895251783379 
1.5971319241018369287e-05 
6.0955530081057452969e-05 
7.6264033781217759381e-06 
1.4742215450880962545e-05 
 0.0043847914660166721623 
 0.0043026023624910918197 
2.7809014760177310486e-05 
0.00010187822405277596879 
7.9753521093973886143e-06 
1.5171044732778497127e-05 
 0.0044811305015549909511 
 0.0044169473186484731198 
1.5972143213496324765e-05 
6.0955152265944903761e-05 
 2.455963699543415598e-05 
4.4507366504478207447e-05 
 0.0043646996446604731032 
 0.0042886961376930017933 
 2.781010878671332057e-05 
0.00010187865286993894032 
 1.817614967340298144e-05 
1.9185897250561633197e-05 
 0.0043633863408911125609 
 0.0043489910499629382684 
1.5976818112825742481e-05 
6.0946202901820740636e-05 
4.0799160914949456264e-05 
1.0963023313346339995e-05 
 0.0043194699274591895691 
 0.0042557685921874605778 
 2.780595009797064043e-05 
0.00010187374802341457721 
1.5423690642892909906e-05 
4.1335564848634524904e-06 
-0.0059535661870467136009 
 -0.005973435634772880122 
-2.3595880607245344108e-05 
-6.331221041463206778e-06 
9.4440090772160602312e-07 
3.5418214025658536278e-06 
-0.0059862643085866924786 
 -0.006001444352846014435 
-2.0796278241389220534e-05 
-5.5806859583046090168e-06 
-2.0990949373017636006e-08 
-6.3355257835148776952e-08 
-0.0060118404427940775117 
-0.0060250638795717381332 
-1.8005247695837542691e-05 
-4.8318386903484918072e-06 
1.1424390479034717604e-08 
5.5786396561594028725e-08 
-0.0060339672080559113646 
 -0.006045068861937826464 
-1.522198787951619192e-05 
-4.0849706207382387675e-06 
-1.8764916843931012649e-08 
-5.8910956264698401292e-08 
-0.0060525701016405572541 
  -0.00606196282090654473 
-1.2445371204656514521e-05 
-3.3398269700423668772e-06 
1.0035515061362190379e-07 
3.8361945597055239861e-07 
-0.0060684436019430368359 
-0.0060767572203194722066 
-9.6741690871144907378e-06 
-2.5960702683725366821e-06 
4.4853758208829840212e-07 
 1.681016218626671019e-06 
-0.0060831398792430806804 
 -0.006092264527980010419 
-6.9072902315614614576e-06 
-1.8532999496947599606e-06 
1.4873291972982848395e-06 
5.5558132653585070879e-06 
-0.0061014062642604418446 
-0.0061172580605345786356 
-4.1433785768241556506e-06 
-1.1112532945618774386e-06 
4.6905636363158817169e-06 
1.7508789281816634155e-05 
-0.0061410621486675583819 
-0.0061903066865326584339 
-1.4043952746950854653e-06 
-3.5280161671514263315e-07 
1.7634581002864997684e-05 
6.5794343109167136518e-05 
-0.0062635972563919763145 
-0.0062791741825908298225 
-2.3595684093383073073e-05 
-6.3316147350848111391e-06 
3.8597473098976669439e-06 
2.1653336079247476735e-06 
-0.0062906292821166475901 
 -0.006306348505023122962 
-2.0796416822859484214e-05 
-5.5807986675527926869e-06 
9.2371508332392130064e-08 
5.8942857937628934262e-07 
-0.0063169658054220770294 
-0.0063302542592494331214 
-1.8005327581510689082e-05 
-4.8318106810760255959e-06 
1.0237336783426106099e-07 
2.1162781970579594663e-07 
-0.0063392817477728874431 
-0.0063506574249252469022 
-1.5222084809357127485e-05 
-4.0849399442960809007e-06 
3.8095120014777555036e-09 
2.3753918476264226011e-07 
-0.0063582566806760533462 
-0.0063676430383485492503 
-1.2445453084438626865e-05 
-3.339829388158585816e-06 
5.8196844315231079706e-07 
 8.587755045055516284e-07 
-0.0063738001204573652148 
-0.0063812356091190562679 
 -9.67421594891433172e-06 
-2.5961572555329487596e-06 
2.2566735158852066996e-06 
2.6110477945631244599e-06 
-0.0063857556240824384086 
-0.0063906691562835666806 
-6.9071088683259025876e-06 
-1.8537004078100851879e-06 
6.9893492853400109846e-06 
6.8473488962394638235e-06 
-0.0063918763474565473692 
-0.0063902600959762729735 
-4.143263481829632117e-06 
-1.1117356868245151544e-06 
 2.049559190400466056e-05 
 1.584900679009469454e-05 
-0.0063745124040354515099 
-0.0063331294796291851684 
-1.3830431303250265534e-06 
-3.675817056709670948e-07 
6.7916680825036136954e-05 
2.5508273933033270175e-05 
-0.0062607261874883220545 
-0.0062773624306778725776 
-2.3595526530526027753e-05 
-6.3316821280682626492e-06 
1.3002256512984241501e-06 
6.6534104757484720825e-07 
 -0.006288922501791592394 
-0.0063038693048014810688 
-2.0796417075436645332e-05 
-5.5808029367237799731e-06 
6.5945803566505588197e-07 
3.8409576723983912827e-07 
-0.0063141447428640166614 
 -0.006327271592312188643 
-1.8005343136751019215e-05 
-4.8318207343659945588e-06 
2.2284156361252248652e-07 
1.7049451624103662906e-07 
-0.0063361257111751619064 
-0.0063471893241063290572 
-1.5222110114077902859e-05 
-4.0849589659437556094e-06 
2.8628439860483251732e-07 
2.0794954751737802469e-07 
-0.0063544678977504849907 
-0.0063632901738268441566 
-1.2445472037967355455e-05 
-3.3398811835455790266e-06 
  8.48307920906650861e-07 
 5.610714851194084789e-07 
-0.0063687787155064529837 
-0.0063749517578263487777 
-9.6741839848265508253e-06 
-2.5962961229092569829e-06 
2.4032695285261399493e-06 
1.4953730172344273413e-06 
-0.0063781589065555737567 
-0.0063807479984125383896 
-6.9068571628218279241e-06 
-1.8540389328406589593e-06 
5.8891922271560634389e-06 
3.4233513444340605686e-06 
-0.0063805552492152981317 
-0.0063774388582538456272 
-4.1424278007079700194e-06 
-1.1124122704887322621e-06 
1.1893900445288725138e-05 
5.7484972869010073684e-06 
-0.0063749326514034084651 
-0.0063712265244196177733 
 -1.38044229298686437e-06 
-3.6861536899657947993e-07 
8.2749711078314397926e-06 
3.5476487202737312395e-06 
-0.0062607409930261733247 
 -0.006277526632095565412 
-2.3595498485785144465e-05 
-6.3316930253284254667e-06 
2.4272451476132428586e-07 
-2.4272451997338371397e-07 
-0.0062891271160658551026 
-0.0063040349319145316809 
-2.0796407879554061138e-05 
-5.5808164966256987009e-06 
1.5716309428633597995e-07 
-1.5716308276319137175e-07 
-0.0063142553623060987053 
-0.0063272709199805685781 
-1.8005348800431789655e-05 
-4.8318294154593685504e-06 
8.1817918496950198958e-08 
-8.1817922250694296712e-08 
-0.0063360406431369467248 
  -0.00634698496965594057 
-1.5222118922469564728e-05 
-4.0849705155847912744e-06 
9.8809239026339245521e-08 
-9.8809241463646759509e-08 
-0.0063541351220773537728 
-0.0063627258261963080474 
-1.2445476909471717399e-05 
-3.339906658755266034e-06 
2.5939387815747690533e-07 
-2.5939386717360479626e-07 
-0.0063679725130605926639 
 -0.006373716360668412427 
-9.6741628706718926274e-06 
-2.5963538564598293487e-06 
6.6850643721523116565e-07 
-6.6850642974518206464e-07 
-0.0063766049956520730671 
-0.0063787530907326870158 
-6.9067395221602208196e-06 
-1.8541495459702413079e-06 
1.4533059382882178535e-06 
-1.4533059372518175618e-06 
-0.0063791711977110769974 
-0.0063781648318900745903 
-4.1421066136898302695e-06 
-1.1125139145745297535e-06 
2.0174681695168135539e-06 
-2.0174681654705498704e-06 
-0.0063773854828075432488 
-0.0063762870391972569992 
-1.3802192204526088624e-06 
-3.6855226429998180886e-07 
 1.059754754497855245e-06 
-1.0597547605927953782e-06 
-0.0062607261874884955269 
-0.0062773624306918726634 
-2.3595526530527257645e-05 
-6.3316821280665194554e-06 
-6.6534104772960033947e-07 
-1.3002256376327018403e-06 
-0.0062889225018058353411 
  -0.00630386930480255573 
-2.0796417075434405776e-05 
-5.5808029367254647217e-06 
-3.8409576053021682027e-07 
-6.5945804211443335203e-07 
-0.0063141447428626444952 
-0.0063272715923172783217 
-1.8005343136750517771e-05 
-4.8318207343651043271e-06 
-1.7049451762934250256e-07 
-2.2284155853513266788e-07 
-0.0063361257111844955861 
 -0.006347189324120774967 
-1.5222110114080022135e-05 
-4.0849589659445187861e-06 
-2.0794954808235567089e-07 
-2.8628439405818835535e-07 
 -0.006354467897763095563 
-0.0063632901738293239438 
-1.2445472037964910918e-05 
-3.3398811835445956213e-06 
-5.6107147784440226652e-07 
-8.4830792375879343588e-07 
-0.0063687787155035195663 
-0.0063749517578187446173 
-9.6741839848256919339e-06 
-2.5962961229093958963e-06 
-1.4953730114747648715e-06 
-2.4032695274393191744e-06 
-0.0063781589065472123895 
-0.0063807479984068190063 
-6.9068571628222311118e-06 
-1.8540389328405083992e-06 
-3.4233513424324226114e-06 
-5.8891922225178414628e-06 
-0.0063805552492096394637 
-0.0063774388582457253866 
-4.1424278007067130225e-06 
-1.1124122704904633857e-06 
-5.7484972837537522678e-06 
-1.1893900444600012813e-05 
-0.0063749326513962041585 
-0.0063712265244173791126 
-1.3804422929869192154e-06 
-3.6861536899630414128e-07 
-3.5476487245564577228e-06 
-8.2749711071486736389e-06 
-0.0062635972563941820154 
-0.0062791741825853385553 
-2.3595684093384211485e-05 
-6.3316147350854531901e-06 
-2.165333592018186361e-06 
-3.8597473016905478775e-06 
-0.0062906292821103670238 
-0.0063063485050223943781 
-2.0796416822857397125e-05 
-5.5807986675506437643e-06 
-5.8942858860888684605e-07 
-9.2371512014163547122e-08 
-0.0063169658054217942694 
-0.0063302542592448265632 
-1.8005327581511888481e-05 
-4.831810681075514835e-06 
-2.1162781384278283119e-07 
-1.0237336629514728427e-07 
 -0.006339281747766370087 
-0.0063506574249178188163 
-1.5222084809356487128e-05 
-4.0849399442972015252e-06 
-2.375391786751608079e-07 
-3.8095068217176540971e-09 
-0.0063582566806705438645 
-0.0063676430383491832918 
-1.2445453084439634834e-05 
-3.3398293881589500402e-06 
-8.5877550881518231332e-07 
-5.8196844132012919248e-07 
-0.0063738001204608823666 
-0.0063812356091243107453 
-9.674215948915515872e-06 
-2.596157255532689991e-06 
-2.611047794551519685e-06 
-2.256673514135528857e-06 
 -0.006385755624087071855 
-0.0063906691562847480273 
-6.9071088683239086721e-06 
-1.8537004078101711617e-06 
-6.8473488919008628119e-06 
-6.9893492844511227513e-06 
-0.0063918763474559176646 
-0.0063902600959741453351 
-4.1432634818288325179e-06 
-1.1117356868246443269e-06 
-1.5849006790853920664e-05 
-2.0495591906259221708e-05 
 -0.006374512404031941297 
-0.0063331294796233981309 
-1.3830431303255076681e-06 
-3.6758170567079805879e-07 
-2.5508273931365448749e-05 
-6.7916680825646014229e-05 
 -0.005953566187050890815 
 -0.005973435634773946977 
-2.3595880607244334445e-05 
-6.3312210414616270615e-06 
-3.5418213983161563472e-06 
-9.4440090658108367706e-07 
-0.0059862643085869743712 
-0.0060014443528472495581 
-2.0796278241389362835e-05 
-5.5806859583061362172e-06 
6.3355256533319792522e-08 
2.0990949023084525855e-08 
-0.0060118404427956639163 
 -0.006025063879573348824 
-1.8005247695835801191e-05 
-4.8318386903489085474e-06 
-5.5786396595232499622e-08 
-1.142439048910598236e-08 
-0.0060339672080565072421 
-0.0060450688619356190284 
-1.522198787951502132e-05 
-4.084970620737583164e-06 
5.8910960088589757565e-08 
1.8764917867875959408e-08 
 -0.006052570101636461572 
-0.0060619628209000906913 
-1.2445371204656768631e-05 
-3.3398269700424909675e-06 
-3.8361945275249402573e-07 
-1.0035514975120333097e-07 
-0.0060684436019352193045 
-0.0060767572203102781722 
-9.6741690871156071273e-06 
-2.5960702683728894713e-06 
-1.6810162167449983381e-06 
-4.4853758158444175342e-07 
-0.0060831398792334677103 
-0.0060922645279706108198 
-6.9072902315618502458e-06 
-1.8532999496939523147e-06 
-5.5558132656536184489e-06 
-1.4873291973778252567e-06 
-0.0061014062642517109814 
-0.0061172580605274688714 
-4.1433785768256904743e-06 
-1.1112532945614503223e-06 
-1.7508789284027573106e-05 
-4.6905636369080280508e-06 
-0.0061410621486613411329 
-0.0061903066865272721175 
-1.4043952746959272042e-06 
-3.5280161671614975532e-07 
-6.5794343110307202207e-05 
-1.7634581003170597007e-05 
