%          X (in)           Y (in)           Z (in)         RealPolX         RealPolY         RealPolZ
        2.7792273      -0.36473017      -0.11850802          3373923       -27987.351       -9093.6387 
        2.7792273      -0.22541564      -0.31025802          3373923       -17297.134       -23807.462 
        2.7792273                0          -0.3835          3373923     1.051769e-06       -29427.642 
        2.7792273       0.22541564      -0.31025802          3373923        17297.134       -23807.462 
        2.7792273       0.36473017      -0.11850802          3373923        27987.351       -9093.6387 
        2.5876818      -0.36473017      -0.11850802        3569217.9       -28371.564       -9218.4865 
        2.5876818      -0.22541564      -0.31025802        3569217.8       -17534.591       -24134.296 
        2.5876818                0          -0.3835        3569217.8    2.2087712e-06        -29831.63 
        2.5876818       0.22541564      -0.31025802        3569217.8        17534.591       -24134.296 
        2.5876818       0.36473017      -0.11850802        3569217.9        28371.564       -9218.4865 
        2.3961364      -0.36473017      -0.11850802        3757639.1       -26385.121       -8573.0559 
        2.3961364      -0.22541564      -0.31025802        3757639.1       -16306.901       -22444.528 
        2.3961364                0          -0.3835        3757639.1    1.1470434e-06       -27742.961 
        2.3961364       0.22541564      -0.31025802        3757639.1        16306.901       -22444.528 
        2.3961364       0.36473017      -0.11850802        3757639.1        26385.121       -8573.0559 
        2.2045909      -0.36473017      -0.11850802        3931513.1       -24156.622       -7848.9678 
        2.2045909      -0.22541564      -0.31025802        3931513.1       -14929.612       -20548.853 
        2.2045909                0          -0.3835        3931513.1   -7.4774245e-07       -25399.777 
        2.2045909       0.22541564      -0.31025802        3931513.1        14929.612       -20548.853 
        2.2045909       0.36473017      -0.11850802        3931513.1        24156.622       -7848.9678 
        2.0130455      -0.36473017      -0.11850802        4089935.1       -21898.049       -7115.1106 
        2.0130455      -0.22541564      -0.31025802        4089935.1       -13533.737       -18627.595 
        2.0130455                0          -0.3835        4089935.1    1.0026833e-07       -23024.972 
        2.0130455       0.22541564      -0.31025802        4089935.1        13533.737       -18627.595 
        2.0130455       0.36473017      -0.11850802        4089935.1        21898.049       -7115.1106 
           1.8215      -0.36473017      -0.11850802        4232904.7       -19665.748       -6389.7908 
           1.8215      -0.22541564      -0.31025802        4232904.7         -12154.1       -16728.685 
           1.8215                0          -0.3835        4232904.7    1.5474613e-07       -20677.792 
           1.8215       0.22541564      -0.31025802        4232904.7          12154.1       -16728.685 
           1.8215       0.36473017      -0.11850802        4232904.7        19665.748       -6389.7908 
        1.6299545      -0.36473017      -0.11850802        4360654.4       -17473.708       -5677.5532 
        1.6299545      -0.22541564      -0.31025802        4360654.4       -10799.345       -14864.025 
        1.6299545                0          -0.3835        4360654.4   -4.0902392e-07       -18372.945 
        1.6299545       0.22541564      -0.31025802        4360654.4        10799.345       -14864.025 
        1.6299545       0.36473017      -0.11850802        4360654.4        17473.708       -5677.5532 
        1.4384091      -0.36473017      -0.11850802        4473465.2       -15322.762        -4978.668 
        1.4384091      -0.22541564      -0.31025802        4473465.2       -9469.9878       -13034.321 
        1.4384091                0          -0.3835        4473465.2    1.3740604e-06       -16111.306 
        1.4384091       0.22541564      -0.31025802        4473465.2        9469.9878       -13034.321 
        1.4384091       0.36473017      -0.11850802        4473465.2        15322.762        -4978.668 
        1.2468636      -0.36473017      -0.11850802          4571608       -13209.319       -4291.9684 
        1.2468636      -0.22541564      -0.31025802          4571608        -8163.808       -11236.518 
        1.2468636                0          -0.3835          4571608   -1.0611091e-06         -13889.1 
        1.2468636       0.22541564      -0.31025802          4571608         8163.808       -11236.518 
        1.2468636       0.36473017      -0.11850802          4571608        13209.319       -4291.9684 
        1.0553182      -0.36473017      -0.11850802        4655325.5        -11128.47       -3615.8593 
        1.0553182      -0.22541564      -0.31025802        4655325.5       -6877.7726       -9466.4421 
        1.0553182                0          -0.3835        4655325.5   -2.3351808e-07       -11701.166 
        1.0553182       0.22541564      -0.31025802        4655325.5        6877.7726       -9466.4421 
        1.0553182       0.36473017      -0.11850802        4655325.5         11128.47       -3615.8593 
       0.86377273      -0.36473017      -0.11850802        4724851.3       -9081.8621        -2950.876 
       0.86377273      -0.22541564      -0.31025802        4724851.3       -5612.8994       -7725.4934 
       0.86377273                0          -0.3835        4724851.3    1.5273692e-06       -9549.2349 
       0.86377273       0.22541564      -0.31025802        4724851.3        5612.8994       -7725.4934 
       0.86377273       0.36473017      -0.11850802        4724851.3        9081.8621        -2950.876 
              3.1      -0.39278634      -0.12762402        1364241.9       -43927.577       -14272.936 
              3.1      -0.24275531      -0.33412402        1364241.9       -27148.738       -37367.028 
              3.1                0           -0.413        1364241.9   -4.6657426e-07       -46188.188 
              3.1       0.24275531      -0.33412402        1364241.9        27148.738       -37367.028 
              3.1       0.39278634      -0.12762402        1364241.9        43927.577       -14272.936 
              3.3      -0.39278634      -0.12762402        1204374.7       -45452.224       -14768.323 
              3.3      -0.24275531      -0.33412402        1204374.7        -28091.02       -38663.971 
              3.3                0           -0.413        1204374.7    -5.621159e-07       -47791.296 
              3.3       0.24275531      -0.33412402        1204374.7         28091.02       -38663.971 
              3.3       0.39278634      -0.12762402        1204374.7        45452.224       -14768.323 
              3.5      -0.39278634      -0.12762402        1028375.6       -50951.831       -16555.253 
              3.5      -0.24275531      -0.33412402        1028375.6       -31489.964       -43342.216 
              3.5                0           -0.413        1028375.6    4.9873984e-07       -53573.925 
              3.5       0.24275531      -0.33412402        1028375.6        31489.964       -43342.216 
              3.5       0.39278634      -0.12762402        1028375.6        50951.831       -16555.253 
              3.7      -0.39278634      -0.12762402        819246.42       -58434.856       -18986.635 
              3.7      -0.24275531      -0.33412402        819246.42       -36114.727       -49707.657 
              3.7                0           -0.413        819246.42      4.98673e-08       -61442.043 
              3.7       0.24275531      -0.33412402        819246.42        36114.727       -49707.657 
              3.7       0.39278634      -0.12762402        819246.42        58434.856       -18986.635 
              3.9      -0.39278634      -0.12762402         502510.4       -79533.413       -25841.972 
              3.9      -0.24275531      -0.33412402         502510.4       -49154.353       -67655.162 
              3.9                0           -0.413         502510.4   -4.3820521e-07       -83626.379 
              3.9       0.24275531      -0.33412402         502510.4        49154.353       -67655.162 
              3.9       0.39278634      -0.12762402         502510.4        79533.413       -25841.972 
             -3.1       0.39278634      -0.12762402        1364241.9       -43927.578        14272.935 
             -3.3       0.39278634      -0.12762402        1204374.7       -45452.224        14768.323 
             -3.5       0.39278634      -0.12762402        1028375.6       -50951.831        16555.253 
             -3.7       0.39278634      -0.12762402        819246.42       -58434.856        18986.636 
             -3.9       0.39278634      -0.12762402         502510.4       -79533.413        25841.972 
             -3.1       0.24275531      -0.33412402        1364241.9       -27148.736        37367.029 
             -3.3       0.24275531      -0.33412402        1204374.7       -28091.019        38663.971 
             -3.5       0.24275531      -0.33412402        1028375.6       -31489.963        43342.216 
             -3.7       0.24275531      -0.33412402        819246.42       -36114.727        49707.657 
             -3.9       0.24275531      -0.33412402         502510.4       -49154.352        67655.162 
             -3.1                0           -0.413        1364241.9    6.9407393e-06        46188.188 
             -3.3                0           -0.413        1204374.7   -3.9680085e-06        47791.296 
             -3.5                0           -0.413        1028375.6    1.3120251e-06        53573.925 
             -3.7                0           -0.413        819246.42    1.0039242e-06        61442.043 
             -3.9                0           -0.413         502510.4    9.8968013e-07        83626.379 
             -3.1      -0.24275531      -0.33412402        1364241.9        27148.736        37367.029 
             -3.3      -0.24275531      -0.33412402        1204374.7        28091.019        38663.971 
             -3.5      -0.24275531      -0.33412402        1028375.6        31489.963        43342.216 
             -3.7      -0.24275531      -0.33412402        819246.42        36114.727        49707.657 
             -3.9      -0.24275531      -0.33412402         502510.4        49154.352        67655.162 
             -3.1      -0.39278634      -0.12762402        1364241.9        43927.578        14272.935 
             -3.3      -0.39278634      -0.12762402        1204374.7        45452.224        14768.323 
             -3.5      -0.39278634      -0.12762402        1028375.6        50951.831        16555.253 
             -3.7      -0.39278634      -0.12762402        819246.42        58434.856        18986.636 
             -3.9      -0.39278634      -0.12762402         502510.4        79533.413        25841.972 
       0.86377273       0.36473017       0.11850802        4724851.3        9081.8622        2950.8757 
        1.0553182       0.36473017       0.11850802        4655325.5         11128.47        3615.8589 
        1.2468636       0.36473017       0.11850802          4571608        13209.319        4291.9676 
        1.4384091       0.36473017       0.11850802        4473465.2        15322.763        4978.6667 
        1.6299545       0.36473017       0.11850802        4360654.4        17473.709         5677.551 
           1.8215       0.36473017       0.11850802        4232904.7        19665.749        6389.7872 
        2.0130455       0.36473017       0.11850802        4089935.1        21898.051        7115.1047 
        2.2045909       0.36473017       0.11850802        3931513.1        24156.625        7848.9577 
        2.3961364       0.36473017       0.11850802        3757639.1        26385.127        8573.0369 
        2.5876818       0.36473017       0.11850802        3569217.8        28371.568        9218.4749 
        2.7792273       0.36473017       0.11850802          3373923        27987.348        9093.6435 
       0.86377273       0.22541564       0.31025802        4724851.3        5612.8995        7725.4933 
        1.0553182       0.22541564       0.31025802        4655325.5        6877.7728        9466.4419 
        1.2468636       0.22541564       0.31025802          4571608        8163.8084        11236.518 
        1.4384091       0.22541564       0.31025802        4473465.2        9469.9885         13034.32 
        1.6299545       0.22541564       0.31025802        4360654.4        10799.346        14864.024 
           1.8215       0.22541564       0.31025802        4232904.7        12154.102        16728.684 
        2.0130455       0.22541564       0.31025802        4089935.1         13533.74        18627.593 
        2.2045909       0.22541564       0.31025802        3931513.1        14929.616         20548.85 
        2.3961364       0.22541564       0.31025802        3757639.1        16306.905        22444.525 
        2.5876818       0.22541564       0.31025802        3569217.8        17534.593        24134.295 
        2.7792273       0.22541564       0.31025802          3373923        17297.132        23807.461 
       0.86377273                0           0.3835        4724851.3   -3.5400572e-06        9549.2349 
        1.0553182                0           0.3835        4655325.5   -6.6693265e-07        11701.166 
        1.2468636                0           0.3835          4571608    5.8159529e-07          13889.1 
        1.4384091                0           0.3835        4473465.2    4.3057925e-07        16111.306 
        1.6299545                0           0.3835        4360654.4   -1.8854748e-06        18372.945 
           1.8215                0           0.3835        4232904.7    1.7420997e-07        20677.792 
        2.0130455                0           0.3835        4089935.1   -5.5712809e-08        23024.972 
        2.2045909                0           0.3835        3931513.1   -6.8385649e-07        25399.777 
        2.3961364                0           0.3835        3757639.1    1.8793597e-06        27742.961 
        2.5876818                0           0.3835        3569217.8   -5.1575271e-07         29831.63 
        2.7792273                0           0.3835          3373923   -4.0522476e-07         29427.64 
       0.86377273      -0.22541564       0.31025802        4724851.3       -5612.8995        7725.4933 
        1.0553182      -0.22541564       0.31025802        4655325.5       -6877.7728        9466.4419 
        1.2468636      -0.22541564       0.31025802          4571608       -8163.8084        11236.518 
        1.4384091      -0.22541564       0.31025802        4473465.2       -9469.9885         13034.32 
        1.6299545      -0.22541564       0.31025802        4360654.4       -10799.346        14864.024 
           1.8215      -0.22541564       0.31025802        4232904.7       -12154.102        16728.684 
        2.0130455      -0.22541564       0.31025802        4089935.1        -13533.74        18627.593 
        2.2045909      -0.22541564       0.31025802        3931513.1       -14929.616         20548.85 
        2.3961364      -0.22541564       0.31025802        3757639.1       -16306.905        22444.525 
        2.5876818      -0.22541564       0.31025802        3569217.8       -17534.593        24134.295 
        2.7792273      -0.22541564       0.31025802          3373923       -17297.132        23807.461 
       0.86377273      -0.36473017       0.11850802        4724851.3       -9081.8622        2950.8757 
        1.0553182      -0.36473017       0.11850802        4655325.5        -11128.47        3615.8589 
        1.2468636      -0.36473017       0.11850802          4571608       -13209.319        4291.9676 
        1.4384091      -0.36473017       0.11850802        4473465.2       -15322.763        4978.6667 
        1.6299545      -0.36473017       0.11850802        4360654.4       -17473.709         5677.551 
           1.8215      -0.36473017       0.11850802        4232904.7       -19665.749        6389.7872 
        2.0130455      -0.36473017       0.11850802        4089935.1       -21898.051        7115.1047 
        2.2045909      -0.36473017       0.11850802        3931513.1       -24156.625        7848.9577 
        2.3961364      -0.36473017       0.11850802        3757639.1       -26385.127        8573.0369 
        2.5876818      -0.36473017       0.11850802        3569217.8       -28371.568        9218.4749 
        2.7792273      -0.36473017       0.11850802          3373923       -27987.348        9093.6435 
              3.9       0.39278634       0.12762402         502510.4        79533.413        25841.973 
              3.7       0.39278634       0.12762402        819246.42        58434.856        18986.636 
              3.5       0.39278634       0.12762402        1028375.6        50951.831        16555.254 
              3.3       0.39278634       0.12762402        1204374.7        45452.224        14768.323 
              3.1       0.39278634       0.12762402          1364242        43927.578        14272.934 
              3.9       0.24275531       0.33412402         502510.4        49154.352        67655.162 
              3.7       0.24275531       0.33412402        819246.42        36114.727        49707.657 
              3.5       0.24275531       0.33412402        1028375.6        31489.963        43342.216 
              3.3       0.24275531       0.33412402        1204374.7        28091.019        38663.971 
              3.1       0.24275531       0.33412402        1364241.9        27148.734        37367.031 
              3.9                0            0.413         502510.4   -2.4662464e-08        83626.379 
              3.7                0            0.413        819246.42    7.4005372e-08        61442.043 
              3.5                0            0.413        1028375.6   -3.9159395e-07        53573.925 
              3.3                0            0.413        1204374.7    9.0939903e-07        47791.296 
              3.1                0            0.413        1364241.9   -2.5248115e-06        46188.188 
              3.9      -0.24275531       0.33412402         502510.4       -49154.352        67655.162 
              3.7      -0.24275531       0.33412402        819246.42       -36114.727        49707.657 
              3.5      -0.24275531       0.33412402        1028375.6       -31489.963        43342.216 
              3.3      -0.24275531       0.33412402        1204374.7       -28091.019        38663.971 
              3.1      -0.24275531       0.33412402        1364241.9       -27148.734        37367.031 
              3.9      -0.39278634       0.12762402         502510.4       -79533.413        25841.973 
              3.7      -0.39278634       0.12762402        819246.42       -58434.856        18986.636 
              3.5      -0.39278634       0.12762402        1028375.6       -50951.831        16555.254 
              3.3      -0.39278634       0.12762402        1204374.7       -45452.224        14768.323 
              3.1      -0.39278634       0.12762402          1364242       -43927.578        14272.934 
             -3.9      -0.39278634       0.12762402         502510.4        79533.413       -25841.972 
             -3.9      -0.24275531       0.33412402         502510.4        49154.352       -67655.162 
             -3.9                0            0.413         502510.4   -1.1202233e-06       -83626.379 
             -3.9       0.24275531       0.33412402         502510.4       -49154.352       -67655.162 
             -3.9       0.39278634       0.12762402         502510.4       -79533.413       -25841.972 
             -3.7      -0.39278634       0.12762402        819246.42        58434.856       -18986.636 
             -3.7      -0.24275531       0.33412402        819246.42        36114.727       -49707.657 
             -3.7                0            0.413        819246.42    1.3899672e-07       -61442.043 
             -3.7       0.24275531       0.33412402        819246.42       -36114.727       -49707.657 
             -3.7       0.39278634       0.12762402        819246.42       -58434.856       -18986.636 
             -3.5      -0.39278634       0.12762402        1028375.6        50951.831       -16555.253 
             -3.5      -0.24275531       0.33412402        1028375.6        31489.963       -43342.216 
             -3.5                0            0.413        1028375.6   -1.8337895e-06       -53573.925 
             -3.5       0.24275531       0.33412402        1028375.6       -31489.963       -43342.216 
             -3.5       0.39278634       0.12762402        1028375.6       -50951.831       -16555.253 
             -3.3      -0.39278634       0.12762402        1204374.7        45452.224       -14768.323 
             -3.3      -0.24275531       0.33412402        1204374.7        28091.019       -38663.971 
             -3.3                0            0.413        1204374.7     2.344663e-07       -47791.296 
             -3.3       0.24275531       0.33412402        1204374.7       -28091.019       -38663.971 
             -3.3       0.39278634       0.12762402        1204374.7       -45452.224       -14768.323 
             -3.1      -0.39278634       0.12762402        1364241.9        43927.578       -14272.935 
             -3.1      -0.24275531       0.33412402        1364241.9        27148.736       -37367.029 
             -3.1                0            0.413        1364241.9    1.7455495e-06       -46188.188 
             -3.1       0.24275531       0.33412402        1364241.9       -27148.736       -37367.029 
             -3.1       0.39278634       0.12762402        1364241.9       -43927.578       -14272.935 
          -2.9375      -0.37875826      -0.12306602        2056919.9        497937.86        161789.82 
          -2.9375      -0.23408548      -0.32219102        2056919.9        307742.52        423571.24 
          -2.9375                0         -0.39825        2056919.9   -1.0106708e-05        523562.85 
          -2.9375       0.23408548      -0.32219102        2056919.9       -307742.52        423571.24 
          -2.9375       0.37875826      -0.12306602        2056919.9       -497937.86        161789.82 
          -2.9375      -0.37875826       0.12306602        2056919.9        497937.86       -161789.82 
          -2.9375      -0.23408548       0.32219102        2056919.9        307742.52       -423571.24 
          -2.9375                0          0.39825        2056919.9     -3.31916e-06       -523562.85 
          -2.9375       0.23408548       0.32219102        2056919.9       -307742.52       -423571.24 
          -2.9375       0.37875826       0.12306602        2056919.9       -497937.86       -161789.82 
           2.9375      -0.37875826       0.12306602        2056919.9       -497937.85        161789.84 
           2.9375      -0.23408548       0.32219102        2056919.9       -307742.52        423571.24 
           2.9375                0          0.39825        2056919.9     6.292453e-06        523562.85 
           2.9375       0.23408548       0.32219102        2056919.9        307742.52        423571.24 
           2.9375       0.37875826       0.12306602        2056919.9        497937.85        161789.84 
           2.9375       0.37875826      -0.12306602        2056919.9        497937.87       -161789.79 
           2.9375       0.23408548      -0.32219102        2056919.9        307742.52       -423571.24 
           2.9375                0         -0.39825        2056919.9    -4.144929e-06       -523562.85 
           2.9375      -0.23408548      -0.32219102        2056919.9       -307742.52       -423571.24 
           2.9375      -0.37875826      -0.12306602        2056919.9       -497937.87       -161789.79 
                0       0.36473017      -0.11850802          4865083    -2.646124e-06   -9.7913031e-06 
                0       0.22541564      -0.31025802          4865083   -5.8583335e-06   -4.8548525e-06 
                0                0          -0.3835          4865083    6.6797196e-07   -4.7507648e-07 
                0      -0.22541564      -0.31025802          4865083    3.2060258e-06   -2.9277917e-06 
                0      -0.36473017      -0.11850802          4865083    3.8463303e-06   -1.3484813e-05 
                0      -0.36473017       0.11850802          4865083   -6.5444306e-06   -1.8396265e-05 
                0      -0.22541564       0.31025802          4865083   -6.3003799e-06   -3.8800926e-06 
                0                0           0.3835          4865083    1.1610669e-06     5.730067e-07 
                0       0.22541564       0.31025802          4865083    9.5958069e-06   -6.2743974e-06 
                0       0.36473017       0.11850802          4865083    5.0238336e-06   -1.3716299e-05 
      -0.20930083      -0.36473017      -0.11850802        4856594.5        2177.3138        707.45212 
      -0.20930083      -0.22541564      -0.31025802        4856594.5        1345.6539        1852.1337 
      -0.20930083                0          -0.3835        4856594.5   -3.9267105e-07        2289.3632 
      -0.20930083       0.22541564      -0.31025802        4856594.5       -1345.6539        1852.1337 
      -0.20930083       0.36473017      -0.11850802        4856594.5       -2177.3138        707.45212 
       -0.4327805      -0.36473017      -0.11850802        4829719.5        4519.7078        1468.5421 
       -0.4327805      -0.22541564      -0.31025802        4829719.5         2793.333        3844.6931 
       -0.4327805                0          -0.3835        4829719.5   -1.3788685e-06         4752.302 
       -0.4327805       0.22541564      -0.31025802        4829719.5        -2793.333        3844.6931 
       -0.4327805       0.36473017      -0.11850802        4829719.5       -4519.7078        1468.5421 
      -0.65626017      -0.36473017      -0.11850802        4783979.6        6877.2842        2234.5651 
      -0.65626017      -0.22541564      -0.31025802        4783979.6        4250.3954        5850.1674 
      -0.65626017                0          -0.3835        4783979.6    -1.411711e-06        7231.2046 
      -0.65626017       0.22541564      -0.31025802        4783979.6       -4250.3954        5850.1674 
      -0.65626017       0.36473017      -0.11850802        4783979.6       -6877.2842        2234.5651 
      -0.65626017       0.36473017       0.11850802        4783979.6       -6877.2842       -2234.5651 
       -0.4327805       0.36473017       0.11850802        4829719.5       -4519.7078       -1468.5421 
      -0.20930083       0.36473017       0.11850802        4856594.5       -2177.3138       -707.45213 
      -0.65626017       0.22541564       0.31025802        4783979.6       -4250.3954       -5850.1674 
       -0.4327805       0.22541564       0.31025802        4829719.5        -2793.333       -3844.6931 
      -0.20930083       0.22541564       0.31025802        4856594.5       -1345.6539       -1852.1337 
      -0.65626017                0           0.3835        4783979.6   -1.0458061e-06       -7231.2046 
       -0.4327805                0           0.3835        4829719.5    8.8844477e-07        -4752.302 
      -0.20930083                0           0.3835        4856594.5    1.5813885e-06       -2289.3632 
      -0.65626017      -0.22541564       0.31025802        4783979.6        4250.3954       -5850.1674 
       -0.4327805      -0.22541564       0.31025802        4829719.5         2793.333       -3844.6931 
      -0.20930083      -0.22541564       0.31025802        4856594.5        1345.6539       -1852.1337 
      -0.65626017      -0.36473017       0.11850802        4783979.6        6877.2842       -2234.5651 
       -0.4327805      -0.36473017       0.11850802        4829719.5        4519.7078       -1468.5421 
      -0.20930083      -0.36473017       0.11850802        4856594.5        2177.3138       -707.45214 
       0.65626017       0.36473017      -0.11850802        4783979.6        6877.2842       -2234.5652 
        0.4327805       0.36473017      -0.11850802        4829719.5        4519.7078       -1468.5421 
       0.20930083       0.36473017      -0.11850802        4856594.5        2177.3138       -707.45216 
       0.65626017       0.22541564      -0.31025802        4783979.6        4250.3954       -5850.1674 
        0.4327805       0.22541564      -0.31025802        4829719.5         2793.333       -3844.6931 
       0.20930083       0.22541564      -0.31025802        4856594.5        1345.6539       -1852.1337 
       0.65626017                0          -0.3835        4783979.6    3.0317472e-07       -7231.2046 
        0.4327805                0          -0.3835        4829719.5    -2.612804e-06        -4752.302 
       0.20930083                0          -0.3835        4856594.5    4.3085956e-06       -2289.3632 
       0.65626017      -0.22541564      -0.31025802        4783979.6       -4250.3954       -5850.1674 
        0.4327805      -0.22541564      -0.31025802        4829719.5        -2793.333       -3844.6931 
       0.20930083      -0.22541564      -0.31025802        4856594.5       -1345.6539       -1852.1337 
       0.65626017      -0.36473017      -0.11850802        4783979.6       -6877.2842       -2234.5652 
        0.4327805      -0.36473017      -0.11850802        4829719.5       -4519.7078       -1468.5421 
       0.20930083      -0.36473017      -0.11850802        4856594.5       -2177.3138       -707.45214 
       0.20930083      -0.36473017       0.11850802        4856594.5       -2177.3138        707.45211 
       0.20930083      -0.22541564       0.31025802        4856594.5       -1345.6539        1852.1337 
       0.20930083                0           0.3835        4856594.5    2.4341494e-07        2289.3632 
       0.20930083       0.22541564       0.31025802        4856594.5        1345.6539        1852.1337 
       0.20930083       0.36473017       0.11850802        4856594.5        2177.3138         707.4521 
        0.4327805      -0.36473017       0.11850802        4829719.5       -4519.7078         1468.542 
        0.4327805      -0.22541564       0.31025802        4829719.5       -2793.3331        3844.6931 
        0.4327805                0           0.3835        4829719.5   -3.7084345e-06         4752.302 
        0.4327805       0.22541564       0.31025802        4829719.5        2793.3331        3844.6931 
        0.4327805       0.36473017       0.11850802        4829719.5        4519.7078        1468.5421 
       0.65626017      -0.36473017       0.11850802        4783979.6       -6877.2843         2234.565 
       0.65626017      -0.22541564       0.31025802        4783979.6       -4250.3954        5850.1674 
       0.65626017                0           0.3835        4783979.6    3.1419369e-06        7231.2046 
       0.65626017       0.22541564       0.31025802        4783979.6        4250.3954        5850.1674 
       0.65626017       0.36473017       0.11850802        4783979.6        6877.2843         2234.565 
      -0.86377273       0.36473017      -0.11850802        4724851.3       -9081.8621        2950.8759 
       -1.0553182       0.36473017      -0.11850802        4655325.5        -11128.47        3615.8591 
       -1.2468636       0.36473017      -0.11850802          4571608       -13209.319         4291.968 
       -1.4384091       0.36473017      -0.11850802        4473465.2       -15322.763        4978.6674 
       -1.6299545       0.36473017      -0.11850802        4360654.4       -17473.709        5677.5521 
          -1.8215       0.36473017      -0.11850802        4232904.7       -19665.748         6389.789 
       -2.0130455       0.36473017      -0.11850802        4089935.1        -21898.05        7115.1076 
       -2.2045909       0.36473017      -0.11850802        3931513.1       -24156.623        7848.9628 
       -2.3961364       0.36473017      -0.11850802        3757639.1       -26385.124        8573.0464 
       -2.5876818       0.36473017      -0.11850802        3569217.8       -28371.566        9218.4807 
       -2.7792273       0.36473017      -0.11850802          3373923        -27987.35        9093.6414 
      -0.86377273       0.22541564      -0.31025802        4724851.3       -5612.8995        7725.4934 
       -1.0553182       0.22541564      -0.31025802        4655325.5       -6877.7727         9466.442 
       -1.2468636       0.22541564      -0.31025802          4571608       -8163.8082        11236.518 
       -1.4384091       0.22541564      -0.31025802        4473465.2       -9469.9881         13034.32 
       -1.6299545       0.22541564      -0.31025802        4360654.4       -10799.346        14864.024 
          -1.8215       0.22541564      -0.31025802        4232904.7       -12154.101        16728.685 
       -2.0130455       0.22541564      -0.31025802        4089935.1       -13533.739        18627.594 
       -2.2045909       0.22541564      -0.31025802        3931513.1       -14929.614        20548.851 
       -2.3961364       0.22541564      -0.31025802        3757639.1       -16306.903        22444.527 
       -2.5876818       0.22541564      -0.31025802        3569217.8       -17534.592        24134.296 
       -2.7792273       0.22541564      -0.31025802          3373923       -17297.134        23807.462 
      -0.86377273                0          -0.3835        4724851.3     2.155785e-06        9549.2349 
       -1.0553182                0          -0.3835        4655325.5    3.6655692e-06        11701.166 
       -1.2468636                0          -0.3835          4571608    -2.221597e-06          13889.1 
       -1.4384091                0          -0.3835        4473465.2   -8.9737335e-08        16111.306 
       -1.6299545                0          -0.3835        4360654.4   -3.3739091e-06        18372.945 
          -1.8215                0          -0.3835        4232904.7    2.2549333e-06        20677.792 
       -2.0130455                0          -0.3835        4089935.1    5.9213191e-07        23024.972 
       -2.2045909                0          -0.3835        3931513.1    5.0200376e-07        25399.777 
       -2.3961364                0          -0.3835        3757639.1   -1.5309471e-06        27742.961 
       -2.5876818                0          -0.3835        3569217.8    7.9621014e-07         29831.63 
       -2.7792273                0          -0.3835          3373923    7.6378701e-07        29427.642 
      -0.86377273      -0.22541564      -0.31025802        4724851.3        5612.8995        7725.4934 
       -1.0553182      -0.22541564      -0.31025802        4655325.5        6877.7727         9466.442 
       -1.2468636      -0.22541564      -0.31025802          4571608        8163.8082        11236.518 
       -1.4384091      -0.22541564      -0.31025802        4473465.2        9469.9881         13034.32 
       -1.6299545      -0.22541564      -0.31025802        4360654.4        10799.346        14864.024 
          -1.8215      -0.22541564      -0.31025802        4232904.7        12154.101        16728.685 
       -2.0130455      -0.22541564      -0.31025802        4089935.1        13533.739        18627.594 
       -2.2045909      -0.22541564      -0.31025802        3931513.1        14929.614        20548.851 
       -2.3961364      -0.22541564      -0.31025802        3757639.1        16306.903        22444.527 
       -2.5876818      -0.22541564      -0.31025802        3569217.8        17534.592        24134.296 
       -2.7792273      -0.22541564      -0.31025802          3373923        17297.134        23807.462 
      -0.86377273      -0.36473017      -0.11850802        4724851.3        9081.8621        2950.8759 
       -1.0553182      -0.36473017      -0.11850802        4655325.5         11128.47        3615.8591 
       -1.2468636      -0.36473017      -0.11850802          4571608        13209.319         4291.968 
       -1.4384091      -0.36473017      -0.11850802        4473465.2        15322.763        4978.6674 
       -1.6299545      -0.36473017      -0.11850802        4360654.4        17473.709        5677.5521 
          -1.8215      -0.36473017      -0.11850802        4232904.7        19665.748         6389.789 
       -2.0130455      -0.36473017      -0.11850802        4089935.1         21898.05        7115.1076 
       -2.2045909      -0.36473017      -0.11850802        3931513.1        24156.623        7848.9628 
       -2.3961364      -0.36473017      -0.11850802        3757639.1        26385.124        8573.0464 
       -2.5876818      -0.36473017      -0.11850802        3569217.8        28371.566        9218.4807 
       -2.7792273      -0.36473017      -0.11850802          3373923         27987.35        9093.6414 
       -2.7792273      -0.36473017       0.11850802          3373923         27987.35       -9093.6414 
       -2.7792273      -0.22541564       0.31025802          3373923        17297.134       -23807.462 
       -2.7792273                0           0.3835          3373923   -4.7816056e-07       -29427.642 
       -2.7792273       0.22541564       0.31025802          3373923       -17297.134       -23807.462 
       -2.7792273       0.36473017       0.11850802          3373923        -27987.35       -9093.6414 
       -2.5876818      -0.36473017       0.11850802        3569217.8        28371.566       -9218.4807 
       -2.5876818      -0.22541564       0.31025802        3569217.8        17534.592       -24134.296 
       -2.5876818                0           0.3835        3569217.8    4.7542189e-08        -29831.63 
       -2.5876818       0.22541564       0.31025802        3569217.8       -17534.592       -24134.296 
       -2.5876818       0.36473017       0.11850802        3569217.8       -28371.566       -9218.4807 
       -2.3961364      -0.36473017       0.11850802        3757639.1        26385.124       -8573.0464 
       -2.3961364      -0.22541564       0.31025802        3757639.1        16306.903       -22444.527 
       -2.3961364                0           0.3835        3757639.1    9.0449189e-07       -27742.961 
       -2.3961364       0.22541564       0.31025802        3757639.1       -16306.903       -22444.527 
       -2.3961364       0.36473017       0.11850802        3757639.1       -26385.124       -8573.0464 
       -2.2045909      -0.36473017       0.11850802        3931513.1        24156.623       -7848.9628 
       -2.2045909      -0.22541564       0.31025802        3931513.1        14929.614       -20548.851 
       -2.2045909                0           0.3835        3931513.1   -1.9670354e-07       -25399.777 
       -2.2045909       0.22541564       0.31025802        3931513.1       -14929.614       -20548.851 
       -2.2045909       0.36473017       0.11850802        3931513.1       -24156.623       -7848.9628 
       -2.0130455      -0.36473017       0.11850802        4089935.1         21898.05       -7115.1076 
       -2.0130455      -0.22541564       0.31025802        4089935.1        13533.739       -18627.594 
       -2.0130455                0           0.3835        4089935.1    3.0054205e-08       -23024.972 
       -2.0130455       0.22541564       0.31025802        4089935.1       -13533.739       -18627.594 
       -2.0130455       0.36473017       0.11850802        4089935.1        -21898.05       -7115.1076 
          -1.8215      -0.36473017       0.11850802        4232904.7        19665.748        -6389.789 
          -1.8215      -0.22541564       0.31025802        4232904.7        12154.101       -16728.685 
          -1.8215                0           0.3835        4232904.7    4.9134268e-07       -20677.792 
          -1.8215       0.22541564       0.31025802        4232904.7       -12154.101       -16728.685 
          -1.8215       0.36473017       0.11850802        4232904.7       -19665.748        -6389.789 
       -1.6299545      -0.36473017       0.11850802        4360654.4        17473.709       -5677.5521 
       -1.6299545      -0.22541564       0.31025802        4360654.4        10799.346       -14864.024 
       -1.6299545                0           0.3835        4360654.4   -1.4671732e-06       -18372.945 
       -1.6299545       0.22541564       0.31025802        4360654.4       -10799.346       -14864.024 
       -1.6299545       0.36473017       0.11850802        4360654.4       -17473.709       -5677.5521 
       -1.4384091      -0.36473017       0.11850802        4473465.2        15322.763       -4978.6674 
       -1.4384091      -0.22541564       0.31025802        4473465.2        9469.9881        -13034.32 
       -1.4384091                0           0.3835        4473465.2    -1.767746e-06       -16111.306 
       -1.4384091       0.22541564       0.31025802        4473465.2       -9469.9881        -13034.32 
       -1.4384091       0.36473017       0.11850802        4473465.2       -15322.763       -4978.6674 
       -1.2468636      -0.36473017       0.11850802          4571608        13209.319        -4291.968 
       -1.2468636      -0.22541564       0.31025802          4571608        8163.8082       -11236.518 
       -1.2468636                0           0.3835          4571608     5.154345e-07         -13889.1 
       -1.2468636       0.22541564       0.31025802          4571608       -8163.8082       -11236.518 
       -1.2468636       0.36473017       0.11850802          4571608       -13209.319        -4291.968 
       -1.0553182      -0.36473017       0.11850802        4655325.5         11128.47       -3615.8591 
       -1.0553182      -0.22541564       0.31025802        4655325.5        6877.7727        -9466.442 
       -1.0553182                0           0.3835        4655325.5    1.3268912e-06       -11701.166 
       -1.0553182       0.22541564       0.31025802        4655325.5       -6877.7727        -9466.442 
       -1.0553182       0.36473017       0.11850802        4655325.5        -11128.47       -3615.8591 
      -0.86377273      -0.36473017       0.11850802        4724851.3        9081.8621       -2950.8759 
      -0.86377273      -0.22541564       0.31025802        4724851.3        5612.8995       -7725.4934 
      -0.86377273                0           0.3835        4724851.3    5.5614523e-07       -9549.2349 
      -0.86377273       0.22541564       0.31025802        4724851.3       -5612.8995       -7725.4934 
      -0.86377273       0.36473017       0.11850802        4724851.3       -9081.8621       -2950.8759 

