-0.0039548441547502975399 
  0.003954802371294518018 
   0.36157536898795372693 
     1.362286520879262941 
   -29.937303844784718621 
   -30.940970578922158296 
-0.0039548190245762820244 
 0.0039548114726507734712 
   0.36157536794435168881 
    1.3622865195074804756 
   -29.937303766473711164 
   -30.940970484133845986 
-0.0039548156160837235132 
 0.0039548156314207676479 
   0.36157536790932620629 
    1.3622865194769153696 
   -29.937303756745723859 
   -30.940970475160963105 
-0.0039548114565613997143 
 0.0039548190426879903381 
   0.36157536794436317962 
    1.3622865195074556066 
   -29.937303766499148594 
   -30.940970484161269383 
-0.0039548023597729669437 
 0.0039548441461589112569 
     0.361575368987956558 
    1.3622865208792209746 
   -29.937303844838105249 
   -30.940970578955322878 
-0.0040397415979298639463 
 0.0040398301560603689514 
   0.37087241676722826345 
    1.3766549826650149591 
   -31.692927675483495875 
   -32.709201517295106498 
-0.0040397961319538567074 
 0.0040398103448376632141 
   0.37087241645100876841 
    1.3766549821233367012 
   -31.692927587244945187 
   -32.709201463527556086 
-0.0040398032582236028873 
 0.0040398032904322154005 
   0.37087241642382939855 
    1.3766549820896860634 
   -31.692927578573975467 
    -32.70920145492227249 
-0.0040398103172735290792 
 0.0040397961468673169311 
   0.37087241645100094134 
    1.3766549821233478035 
   -31.692927587268439282 
   -32.709201463538413179 
-0.0040398301549254573423 
 0.0040397415740847826549 
    0.3708724167672300398 
    1.3766549826649938648 
   -31.692927675500108364 
   -32.709201517286729199 
-0.0037537847743344949884 
 0.0037539305323414438702 
    0.3447269175152231635 
    1.2804468938694022473 
   -33.428241597220193171 
   -34.373716884435289387 
-0.0037538569205762474697 
 0.0037538944992335757274 
   0.34472691746594852358 
    1.2804468937194655176 
   -33.428241569271946787 
   -34.373716892499025732 
-0.0037538780353950250077 
 0.0037538780521213744798 
   0.34472691745537703545 
    1.2804468936942019486 
   -33.428241562392322805 
   -34.373716890272199009 
-0.0037538944870737743498 
     0.003753856920237737 
   0.34472691746596439977 
    1.2804468937194679601 
   -33.428241569273581035 
   -34.373716892488126007 
-0.0037539305349552874735 
 0.0037537847780304963927 
   0.34472691751523221182 
     1.280446893869420677 
   -33.428241597204994662 
   -34.373716884426421814 
-0.0034368889616280128181 
 0.0034369669518832693215 
   0.31560185515332978001 
    1.1723089972338394116 
   -35.036820122041604009 
   -35.902480047451398093 
-0.0034369078191380615303 
 0.0034369460950464799862 
   0.31560185513808958202 
    1.1723089971675451082 
    -35.03682014253660526 
    -35.90248006589578722 
-0.0034369283746652507655 
 0.0034369283637615648253 
   0.31560185513385818901 
     1.172308997150867782 
   -35.036820143041779829 
   -35.902480069212636238 
-0.0034369461061111014274 
 0.0034369078076516091161 
   0.31560185513809502211 
    1.1723089971675333398 
   -35.036820142520994636 
    -35.90248006587973606 
-0.0034369669583934935389 
 0.0034368889691559190679 
   0.31560185515333183393 
    1.1723089972338489595 
   -35.036820122040175818 
   -35.902480047464024437 
-0.0031155836474194391339 
 0.0031156290233678826836 
    0.2860893504089021544 
    1.0627061754976985242 
   -36.506544906532241157 
    -37.29128365218185337 
-0.0031155914514580406761 
 0.0031156175683077634748 
   0.28608935040224375834 
    1.0627061754636171198 
   -36.506544922880557635 
   -37.291283664851654578 
-0.0031156043553522182535 
 0.0031156043568143455477 
   0.28608935040022837049 
    1.0627061754532678428 
    -36.50654492711090171 
   -37.291283668765998982 
-0.0031156175652464548897 
 0.0031155914588538516363 
   0.28608935040224481305 
    1.0627061754636299984 
   -36.506544922865934666 
   -37.291283664841358814 
-0.0031156290198236834613 
  0.003115583636101798299 
   0.28608935040889982293 
    1.0627061754977009667 
   -36.506544906544540652 
   -37.291283652179316732 
-0.0027979977034603567901 
 0.0027980247254100394129 
   0.25692334237083097603 
   0.95437510338930631182 
   -37.836395790892176194 
   -38.541143572543695939 
  -0.00279800177708678776 
 0.0027980181174418342419 
   0.25692334236718622487 
   0.95437510336967623648 
    -37.83639580128253499 
   -38.541143580383668166 
-0.0027980095802824468329 
 0.0027980095825389768652 
   0.25692334236601349629 
   0.95437510336313957637 
   -37.836395804811459698 
   -38.541143583175511367 
-0.0027980181100775752996 
 0.0027980017984098851276 
   0.25692334236718233909 
   0.95437510336967790181 
     -37.8363958012788828 
   -38.541143580393985246 
-0.0027980247057652622884 
 0.0027979977045219936796 
   0.25692334237083658266 
   0.95437510338929987252 
   -37.836395790877382694 
    -38.54114357251030043 
-0.0024861289683144583394 
 0.0024861451740436110551 
   0.22828457667234169914 
   0.84799666535715467752 
   -39.028214582854658943 
   -39.654410107926118201 
-0.0024861313280958958691 
  0.002486141242523103468 
   0.22828457667003876352 
   0.84799666534486539682 
   -39.028214589182383065 
   -39.654410112672110245 
-0.0024861360264532743683 
  0.002486136020488830152 
   0.22828457666926488256 
   0.84799666534057216438 
   -39.028214591511563469 
   -39.654410114474067939 
-0.0024861412535057913174 
 0.0024861313033401446007 
   0.22828457667004284359 
   0.84799666534487838643 
   -39.028214589192764095 
   -39.654410112668720956 
-0.0024861451934825341825 
 0.0024861289772691317138 
   0.22828457667234997031 
   0.84799666535715179094 
    -39.02821458282484457 
   -39.654410107924697115 
-0.0021801036216801427704 
 0.0021801133319296070803 
    0.2001828463111744727 
   0.74361233618588951089 
   -40.084520201490320801 
    -40.63363522844374387 
-0.0021801050180750170676 
 0.0021801110158438832647 
   0.20018284630958393944 
    0.7436123361777027263 
    -40.08452020531844795 
   -40.633635231345571981 
-0.0021801078127770749486 
 0.0021801078328138171793 
   0.20018284630902688503 
   0.74361233617476085733 
   -40.084520206784425511 
   -40.633635232420836303 
-0.0021801110088653548325 
  0.002180104989392086471 
   0.20018284630958615988 
   0.74361233617769950666 
   -40.084520205296946926 
   -40.633635231288408818 
-0.0021801133665251518252 
 0.0021801036065765234603 
    0.2001828463111834655 
   0.74361233618588651328 
   -40.084520201506428805 
   -40.633635228479334955 
-0.0018794485883407950622 
 0.0018794544502721622411 
   0.17256982587587968436 
   0.64104924066743862454 
   -41.007820657096566208 
   -41.481201600378838634 
-0.0018794494091889193434 
 0.0018794530330684066331 
   0.17256982587469862911 
   0.64104924066172908059 
   -41.007820659439460087 
   -41.481201602120840732 
-0.0018794511224647398196 
 0.0018794511069914966901 
   0.17256982587428570941 
   0.64104924065962076707 
   -41.007820660293212711 
   -41.481201602760073399 
-0.0018794530395013523891 
 0.0018794494274354638097 
   0.17256982587469688051 
   0.64104924066173396557 
   -41.007820659378232619 
   -41.481201602084297519 
-0.0018794544317815040178 
 0.0018794485827771149032 
   0.17256982587586908173 
   0.64104924066745139211 
   -41.007820657130466202 
   -41.481201600388715178 
-0.0015826843863829503749 
 0.0015826879029114144116 
   0.14537624979357224864 
   0.54007431830206664714 
     -41.8003876810559305 
   -42.199213044119986193 
-0.0015826849156829960082 
  0.001582687056755083645 
   0.14537624979264898717 
   0.54007431829790453204 
   -41.800387682460900862 
   -42.199213045204857053 
-0.0015826859242990831429 
 0.0015826859208938894811 
   0.14537624979231894562 
   0.54007431829637064791 
   -41.800387682974616155 
   -42.199213045590134641 
-0.0015826870626886981389 
 0.0015826849028198238922 
   0.14537624979266211556 
   0.54007431829790164546 
   -41.800387682430844905 
   -42.199213045167866198 
-0.0015826879154241439793 
 0.0015826843817174519186 
   0.14537624979356605914 
   0.54007431830207142109 
   -41.800387681059909539 
   -42.199213044131823835 
-0.0012937818520166333852 
 0.0012937839624902573721 
   0.11861271665454796442 
   0.44077842646801534965 
    -42.46425507893042095 
   -42.789852062122037069 
-0.0012937821084760786454 
 0.0012937834530766083047 
   0.11861271665382497331 
   0.44077842646489157064 
   -42.464255079804594573 
   -42.789852062740855843 
-0.0012937827354895172112 
 0.0012937827577618301114 
   0.11861271665356537541 
   0.44077842646371589996 
   -42.464255080117496277 
   -42.789852062984536474 
 -0.001293783428033942447 
 0.0012937821410247186439 
   0.11861271665382680518 
   0.44077842646489451273 
   -42.464255079767852408 
   -42.789852062711624114 
-0.0012937839413481940117 
 0.0012937818347034169865 
   0.11861271665453609891 
   0.44077842646801673743 
   -42.464255078931003595 
   -42.789852062084172246 
-0.0047822774694088630507 
 0.0047823064096615512664 
   -2.3878834361358820537 
  -0.65454775333052128694 
    27.390474508835747969 
    25.628734576452071536 
-0.0047823986855275108301 
  0.004782315911173836559 
    -2.387883435949670563 
  -0.65454775324692582306 
    27.390474718526991893 
    25.628734655533051523 
-0.0047823480998077788628 
 0.0047823480855998679734 
   -2.3878834359271308152 
  -0.65454775323307301527 
    27.390474713945259566 
     25.62873466937113065 
-0.0047823159273147307358 
 0.0047823986641045744886 
    -2.387883435949655464 
  -0.65454775324694125516 
    27.390474718535934073 
    25.628734655547326327 
-0.0047823064141494257481 
 0.0047822775163704877438 
   -2.3878834361358851623 
  -0.65454775333051484765 
    27.390474508915794161 
    25.628734576480638907 
 -0.004940890920067463922 
 0.0049408828492745957006 
   -2.4888114921324242523 
  -0.65921695429734261662 
    24.325405396586447182 
    22.480802545467039266 
-0.0049409053675894317598 
 0.0049408823055160358204 
   -2.4888114920662349761 
  -0.65921695427578330673 
    24.325405422786133158 
    22.480802557807603392 
-0.0049408978738823949167 
 0.0049408978567650951516 
   -2.4888114920518122908 
  -0.65921695427009352475 
    24.325405440420016845 
    22.480802567392892399 
-0.0049408823160637452276 
 0.0049409053749841823702 
   -2.4888114920662429697 
  -0.65921695427577908788 
     24.32540542279579654 
    22.480802557799279384 
-0.0049408828386937582791 
 0.0049408909213934293012 
   -2.4888114921324286932 
   -0.6592169542973485008 
    24.325405396599528274 
    22.480802545489403599 
-0.0056623977463477869615 
 0.0056623882694457148418 
   -2.8114213661255500476 
  -0.71751075284426557577 
    21.038906212102183702 
    18.927362934801358563 
-0.0056623989431244716591 
 0.0056623896477982467793 
   -2.8114213660921363314 
  -0.71751075283448428888 
    21.038906218435606377 
    18.927362938583353724 
-0.0056623956356816832619 
 0.0056623956508690849454 
   -2.8114213660825799757 
  -0.71751075283144927219 
    21.038906224090624164 
    18.927362941549318975 
-0.0056623896409008743491 
 0.0056623989273824181651 
   -2.8114213660921270055 
  -0.71751075283448273456 
    21.038906218428977013 
    18.927362938599380016 
-0.0056623882897151632879 
 0.0056623977363102519222 
   -2.8114213661255460508 
  -0.71751075284426057976 
    21.038906212124217632 
    18.927362934813153572 
-0.0067383267719748124111 
 0.0067383192875772454297 
   -3.3147948346359230598 
  -0.73241280395305019546 
    17.217688144120625537 
    14.621090454740535591 
-0.0067383261702112142583 
 0.0067383208814976525494 
   -3.3147948346162419142 
  -0.73241280394743846216 
    17.217688146610434785 
    14.621090456252280987 
-0.0067383239222747028443 
 0.0067383239237932407439 
   -3.3147948346099198602 
  -0.73241280394556929068 
    17.217688148303007978 
    14.621090457154986453 
-0.0067383208782558247363 
 0.0067383261781538894217 
    -3.314794834616255681 
  -0.73241280394743402127 
    17.217688146633030044 
     14.62109045627014936 
-0.0067383192798997878017 
 0.0067383267741597920389 
   -3.3147948346359061844 
  -0.73241280395305452533 
    17.217688144130686823 
    14.621090454756101806 
 -0.016078864009591613965 
  0.016078857646418791977 
   -5.0200983150997231519 
  -0.48839884639652031417 
    12.158475431157096835 
    7.3708345091012636985 
 -0.016078863211493519408 
  0.016078859123886724697 
   -5.0200983150855345016 
  -0.48839884639257769017 
    12.158475432065696253 
    7.3708345093409395332 
 -0.016078861353820354807 
  0.016078861340476327535 
    -5.020098315080622875 
  -0.48839884639119474086 
    12.158475432549145978 
    7.3708345094691241073 
 -0.016078859133839159407 
  0.016078863210845655701 
    -5.020098315085546048 
  -0.48839884639257169496 
    12.158475432078429179 
    7.3708345093443625728 
 -0.016078857639947648911 
  0.016078864026224364697 
   -5.0200983150997453563 
   -0.4883988463965259208 
    12.158475431170961301 
    7.3708345091049318754 
   -27.390474662500242431 
   -25.628734632583736186 
  -0.65454775317518620881 
   -2.3878834358770588686 
 0.0047823406968943299455 
-0.0047823408231204905458 
   -24.325405412925768189 
   -22.480802550627807079 
  -0.65921695424600135205 
   -2.4888114920152113463 
  0.004940892477225220826 
-0.0049408925367634536768 
      -21.038906212736876 
   -18.927362934249302384 
   -0.7175107528190555195 
   -2.8114213660488798219 
 0.0056623936149255756772 
-0.0056623936393018093477 
    -17.21768814319486296 
   -14.621090453981341994 
  -0.73241280393713326102 
   -3.3147948345752347166 
 0.0067383229872985403799 
-0.0067383229505387663358 
   -12.158475430592517341 
   -7.3708345089085041124 
  -0.48839884638669817107 
   -5.0200983150338149841 
  0.016078860675175835754 
 -0.016078860667370926257 
   -27.390474662489982194 
   -25.628734632603492827 
  -0.65454775317524882539 
   -2.3878834358772009772 
 0.0047823406742329120644 
-0.0047823408157265266324 
   -24.325405412951674577 
   -22.480802550640682114 
  -0.65921695424607940073 
   -2.4888114920153578957 
 0.0049408925351607877602 
-0.0049408924918530041856 
   -21.038906212742286783 
    -18.92736293424760774 
  -0.71751075281909726389 
   -2.8114213660490077196 
 0.0056623936074923142056 
-0.0056623936537488588072 
   -17.217688143195484685 
    -14.62109045399531837 
  -0.73241280393716690078 
   -3.3147948345753444066 
 0.0067383229646439286864 
-0.0067383229597464079294 
    -12.15847543060737479 
   -7.3708345089125621996 
  -0.48839884638674202488 
   -5.0200983150339579808 
  0.016078860664554883719 
 -0.016078860688753818242 
   -27.390474662518876414 
   -25.628734632570861152 
  -0.65454775317526847633 
   -2.3878834358772764723 
 0.0047823406700435904318 
-0.0047823408813998736014 
   -24.325405412895953816 
   -22.480802550583234733 
  -0.65921695424608406366 
   -2.4888114920154373877 
 0.0049408925747138829343 
-0.0049408924538818649319 
   -21.038906212692911168 
   -18.927362934221459767 
  -0.71751075281910470238 
   -2.8114213660490730007 
 0.0056623935990014733627 
-0.0056623936389546738329 
   -17.217688143172104276 
   -14.621090453956391286 
  -0.73241280393719521147 
   -3.3147948345754101318 
 0.0067383229546760549378 
-0.0067383229852471058369 
   -12.158475430572183384 
   -7.3708345089031350739 
  -0.48839884638676778206 
   -5.0200983150340166006 
  0.016078860648667779587 
 -0.016078860678805071555 
   -27.390474662468552225 
   -25.628734632664066595 
  -0.65454775317524438449 
    -2.387883435877224958 
  0.004782340634465516091 
-0.0047823407734637847152 
   -24.325405413006052413 
   -22.480802550595914369 
  -0.65921695424606274738 
   -2.4888114920153912024 
 0.0049408925764101501929 
-0.0049408925496601573471 
   -21.038906212667114914 
    -18.92736293418817084 
  -0.71751075281908249792 
   -2.8114213660490392499 
 0.0056623936195540989363 
-0.0056623936259346070374 
   -17.217688143151015367 
    -14.62109045397605378 
  -0.73241280393715579855 
   -3.3147948345753492916 
 0.0067383229383753719122 
-0.0067383229608059510077 
   -12.158475430599407829 
    -7.370834508910388827 
   -0.4883988463867585117 
   -5.0200983150339855143 
  0.016078860660743207051 
 -0.016078860686727404483 
   -27.390474662473707212 
   -25.628734632546919414 
   -0.6545477531752155187 
   -2.3878834358770149038 
 0.0047823407501502513198 
-0.0047823407802816807893 
   -24.325405412887366907 
   -22.480802550595299749 
  -0.65921695424602055891 
   -2.4888114920151971354 
 0.0049408924881008536856 
-0.0049408925199643082687 
    -21.03890621270851824 
   -18.927362934226508173 
  -0.71751075281905951631 
   -2.8114213660488700519 
 0.0056623936286195357057 
-0.0056623936200732947338 
   -17.217688143176022919 
   -14.621090453967882539 
  -0.73241280393712460128 
   -3.3147948345752040744 
 0.0067383229655304660577 
-0.0067383229670113448453 
   -12.158475430583402854 
   -7.3708345089060722799 
  -0.48839884638670783001 
   -5.0200983150338176486 
  0.016078860649739547262 
 -0.016078860686119564316 
    42.789852061150568829 
    42.464255077795804993 
   0.11861271665545937426 
   0.44077842647192494452 
-0.0012937840993127143821 
 0.0012937818753530493012 
     42.19921304276387275 
    41.800387679257781315 
   0.14537624979468921627 
   0.54007431830730157074 
-0.0015826881578619358265 
 0.0015826845693428660388 
    41.481201598159493926 
    41.007820654168504859 
   0.17256982587735755774 
   0.64104924067469581939 
-0.0018794548101200871364 
 0.0018794489314301414916 
    40.633635224809708575 
    40.084520196635921252 
   0.20018284631324259615 
    0.7436123361963747902 
-0.0021801139563805906237 
  0.002180104209152522541 
    39.654410101875036787 
    39.028214574754159116 
   0.22828457667538623599 
   0.84799666537317874848 
-0.0024861461943261561371 
 0.0024861299844372137212 
    38.541143562352154106 
     37.83639577703630863 
   0.25692334237580560785 
   0.95437510341571285544 
-0.0027980265445930654206 
 0.0027979995271539817234 
    37.291283634223695742 
    36.506544881028425209 
   0.28608935041826910606 
    1.0627061755460174286 
-0.0031156327618467303565 
 0.0031155874156107623424 
    35.902480011504117385 
    35.036820065100066302 
   0.31560185517574312897 
    1.1723089973390559138 
-0.0034369774147044126512 
 0.0034368994101473511818 
    34.373716783653804896 
    33.428241397624042008 
   0.34472691756907958283 
    1.2804468941572664242 
-0.0037539798211431696894 
 0.0037538340685161798727 
    32.709201252562920104 
    31.692927330691865961 
   0.37087241846919971611 
    1.3766549863753743121 
-0.0040398690409494458428 
 0.0040397804478503017422 
     30.94097022122572227 
    29.937303532895636948 
   0.36157535936052020986 
    1.3622864160477454742 
-0.0039547846962813288513 
 0.0039548264696972271204 
    42.789852060764815178 
    42.464255077090413693 
   0.11861271665613477844 
   0.44077842647510512286 
-0.0012937838699337413182 
  0.001293782421855447758 
    42.199213041801407087 
    41.800387677912340223 
   0.14537624979558730343 
    0.5400743183114784518 
-0.0015826876740119987137 
  0.001582685432884575966 
    41.481201596459207792 
    41.007820651881687013 
   0.17256982587854283184 
   0.64104924068040614049 
-0.0018794539825699883764 
 0.0018794503409960972018 
    40.633635221958016359 
    40.084520192827341134 
   0.20018284631483909686 
   0.74361233620454336712 
-0.0021801125698340424741 
 0.0021801065460023980394 
     39.65441009712491649 
    39.028214568388193584 
   0.22828457667769497252 
   0.84799666538546070171 
-0.0024861438648986797055 
 0.0024861339197206075782 
    38.541143554464333931 
    37.836395766606031543 
   0.25692334237945291253 
   0.95437510343535292279 
-0.0027980224579079206182 
 0.0027980061402780578503 
    37.291283621539427884 
    36.506544864727338506 
   0.28608935042491850931 
    1.0627061755800704113 
-0.0031156249171484773873 
 0.0031155988496192974641 
    35.902479993111839462 
    35.036820044608830926 
   0.31560185519098182816 
    1.1723089974053664264 
-0.0034369585791487631751 
 0.0034369202933550333998 
    34.373716775577719318 
      33.4282414255641811 
   0.34472691761834955981 
    1.2804468943071969367 
 -0.003753907683054500885 
  0.003753870089227404408 
    32.709201306329987347 
    31.692927418946570839 
   0.37087241878542542839 
    1.3766549869170321418 
 -0.004039814482022274604 
 0.0040398002673417612168 
    30.940970316044516863 
    29.937303611259846292 
   0.36157536040410070965 
    1.3622864174195301601 
-0.0039548098128639004242 
 0.0039548173592294589077 
    42.789852060576826887 
    42.464255076800547783 
   0.11861271665638410677 
   0.44077842647628950878 
-0.0012937831705592561272 
 0.0012937832221808695781 
    42.199213041421756998 
    41.800387677389466035 
   0.14537624979590837992 
   0.54007431831303476244 
-0.0015826866195715043762 
 0.0015826866292968100065 
    41.481201595801309168 
    41.007820650998034751 
   0.17256982587895697279 
    0.6410492406825059053 
-0.0018794522780464025143 
 0.0018794522695654983842 
    40.633635220853825842 
    40.084520191346371121 
   0.20018284631538429963 
   0.74361233620750177842 
-0.0021801097482428179186 
 0.0021801097419640504821 
     39.65441009530889005 
    39.028214566033490485 
   0.22828457667847726342 
   0.84799666538976381513 
-0.0024861391461420867706 
 0.0024861391736363462439 
    38.541143551648580967 
    37.836395763069099019 
   0.25692334238063507801 
    0.9543751034418941348 
-0.0027980146582547889278 
 0.0027980146557144347161 
    37.291283617614439549 
    36.506544860463165492 
   0.28608935042695077255 
    1.0627061755904194662 
-0.0031156120483939982527 
 0.0031156120492064100225 
     35.90247998976938959 
    35.036820044123771822 
   0.31560185519522859776 
    1.1723089974220330944 
-0.0034369379962942100439 
 0.0034369380062663022063 
    34.373716777834559366 
    33.428241432455074289 
   0.34472691762891577438 
    1.2804468943324731622 
-0.0037538865753450989353 
 0.0037538865479400116212 
    32.709201314931839022 
    31.692927427592675116 
   0.37087241881260546439 
    1.3766549869506996551 
-0.0040398073457120218036 
 0.0040398073532328009419 
    30.940970324971686978 
    29.937303620906472901 
   0.36157536043912924528 
    1.3622864174501021495 
-0.0039548132257551243951 
 0.0039548132316641676151 
    42.789852060656698995 
    42.464255077042139419 
   0.11861271665613043469 
   0.44077842647509751783 
 -0.001293782392060919802 
 0.0012937838398821720123 
    42.199213041783039557 
    41.800387677915850304 
   0.14537624979558530502 
   0.54007431831147822976 
-0.0015826854311994768571 
 0.0015826876538143214157 
    41.481201596463428416 
     41.00782065186592007 
    0.1725698258785418604 
   0.64104924068041324592 
-0.0018794503421979715223 
 0.0018794540013298971504 
    40.633635221928777526 
    40.084520192781262438 
   0.20018284631482896607 
   0.74361233620455213789 
-0.0021801065461276936466 
 0.0021801125865338298604 
    39.654410097084820563 
    39.028214568381322636 
   0.22828457667769208594 
   0.84799666538546647487 
-0.0024861339043641766076 
 0.0024861438470175937707 
    38.541143554468540344 
     37.83639576660721815 
   0.25692334237945529951 
   0.95437510343536002821 
-0.0027980061417193142527 
 0.0027980224594778813595 
    37.291283621534667247 
    36.506544864709397302 
   0.28608935042491606682 
    1.0627061755800744081 
-0.0031155988439821513322 
 0.0031156249359795351941 
    35.902479993094239319 
    35.036820044605292424 
   0.31560185519097749829 
    1.1723089974053608753 
-0.0034369202885125801385 
 0.0034369585699212386147 
    34.373716775575488214 
    33.428241425551370014 
   0.34472691761834184376 
    1.2804468943072153664 
-0.0037538701127840883552 
 0.0037539076700342701581 
    32.709201306311818769 
     31.69292741892431664 
   0.37087241878542409612 
    1.3766549869170408016 
-0.0040398002583377987107 
  0.004039814495113766904 
    30.940970316025950382 
    29.937303611255437374 
   0.36157536040412480149 
    1.3622864174195070675 
-0.0039548173584686412835 
 0.0039548097995080813694 
    42.789852061147129803 
    42.464255077780407532 
   0.11861271665545020104 
   0.44077842647192233549 
-0.0012937819229751961955 
 0.0012937840636181678882 
     42.19921304273860585 
    41.800387679217237746 
   0.14537624979468699582 
   0.54007431830731900124 
-0.0015826845919702499463 
 0.0015826881504949410085 
    41.481201598121920426 
    41.007820654154308215 
   0.17256982587737212942 
   0.64104924067468238569 
-0.0018794489139005836082 
 0.0018794548043006089905 
    40.633635224810582542 
    40.084520196654608526 
     0.200182846313248064 
   0.74361233619636957215 
 -0.002180104192803093352 
 0.0021801139549269660765 
    39.654410101889808971 
    39.028214574740410114 
   0.22828457667538790132 
   0.84799666537317741621 
-0.0024861300040385433952 
 0.0024861462032502667195 
    38.541143562329743588 
    37.836395777018772435 
   0.25692334237581360146 
    0.9543751034157216262 
-0.0027979995262585426186 
 0.0027980265406226403034 
    37.291283634216483733 
    36.506544881044540318 
    0.2860893504182653313 
    1.0627061755460032177 
-0.0031155874004976050889 
 0.0031156327536325375757 
    35.902480011523032033 
    35.036820065103384536 
   0.31560185517575778391 
    1.1723089973390485863 
-0.0034368994188108876499 
 0.0034369774216629562016 
    34.373716783648205819 
    33.428241397609653518 
   0.34472691756906687077 
    1.2804468941572759721 
 -0.003753834074475934264 
 0.0037539798239418714978 
    32.709201252555381245 
    31.692927330711814449 
   0.37087241846920693256 
    1.3766549863753683169 
-0.0040397804433115434841 
  0.004039869018008603041 
    30.940970221255174266 
    29.937303532923575489 
     0.361575359360520876 
    1.3622864160477599071 
-0.0039548264877081818272 
  0.003954784679774091434 
   -7.3708345088743101314 
   -12.158475430292128294 
   -5.0200983151183020681 
  -0.48839884640167197105 
 -0.016078857315697199504 
  0.016078863688603728388 
   -14.621090453546424115 
   -17.217688142666613516 
   -3.3147948346627535976 
  -0.73241280396060959301 
-0.0067383191516757930117 
 0.0067383266287259716704 
   -18.927362934171519271 
   -21.038906213985619331 
   -2.8114213661742057937 
  -0.71751075285780729907 
-0.0056623895094629096703 
 0.0056623989845742883284 
   -22.480802556559517313 
   -24.325405430331255019 
    -2.488811492245254442 
  -0.65921695433101556993 
-0.0049408941286378654789 
 0.0049409022146364167671 
   -25.628734690032825227 
   -27.390474817938404328 
   -2.3878834364758110276 
  -0.65454775337428849902 
   -0.0047824039736567691 
 0.0047823751355414228711 
   -7.3708345086399091883 
    -12.15847542940342052 
   -5.0200983151325324627 
  -0.48839884640563097085 
 -0.016078858139437535862 
   0.01607886220005377842 
   -14.621090452066908938 
   -17.217688140228201377 
   -3.3147948346824205323 
  -0.73241280396622310267 
-0.0067383197541400772015 
 0.0067383250532827895091 
    -18.92736293044557172 
   -21.038906207701820961 
   -2.8114213662076430467 
  -0.71751075286758758676 
-0.0056623883042319139366 
 0.0056623976082116628944 
   -22.480802544256192732 
   -24.325405404141367427 
   -2.4888114923114112997 
  -0.65921695435258576001 
-0.0049408796718219292685 
  0.004940902740292864824 
   -25.628734610968255225 
   -27.390474608309048676 
   -2.3878834366619994256 
  -0.65454775345787963303 
-0.0047822827703646233338 
 0.0047823656667019716349 
   -7.3708345085172206623 
   -12.158475428940388241 
   -5.0200983151374538593 
  -0.48839884640700859109 
 -0.016078859997385421682 
  0.016078859998136432047 
   -14.621090451176963043 
   -17.217688138512500018 
   -3.3147948346887736726 
   -0.7324128039680944946 
-0.0067383219897112914612 
 0.0067383219874577147956 
   -18.927362927447404672 
   -21.038906202025639658 
   -2.8114213662171692043 
  -0.71751075287062082708 
-0.0056623916079855422454 
  0.005662391619910186677 
   -22.480802534654863223 
   -24.325405386494381332 
   -2.4888114923258632949 
  -0.65921695435828131515 
-0.0049408871925920097579 
 0.0049408871648993976655 
   -25.628734597084807945 
   -27.390474612754051265 
   -2.3878834366845449466 
  -0.65454775347175009337 
-0.0047823333401364040082 
 0.0047823334170208351215 
   -7.3708345086371540589 
   -12.158475429393075018 
     -5.02009831513251914 
  -0.48839884640562347684 
 -0.016078862202092598921 
  0.016078858129814098399 
   -14.621090452054184894 
   -17.217688140216544923 
   -3.3147948346824094301 
  -0.73241280396621721849 
-0.0067383250551425136893 
 0.0067383197533429917137 
   -18.927362930437986677 
   -21.038906207704297202 
   -2.8114213662076283917 
   -0.7175107528675818136 
 -0.005662397592609036065 
 0.0056623883298896199312 
    -22.48080254426325908 
   -24.325405404150963307 
   -2.4888114923114086352 
  -0.65921695435258853557 
-0.0049409027670555653866 
 0.0049408796475902709219 
   -25.628734610981044995 
   -27.390474608328045036 
    -2.387883436661996317 
  -0.65454775345787730156 
-0.0047823655875249291083 
 0.0047822828557562676102 
   -7.3708345088812112778 
   -12.158475430317974286 
   -5.0200983151183438125 
  -0.48839884640168285124 
 -0.016078863694083508212 
  0.016078857329123244502 
   -14.621090453579316915 
   -17.217688142699870468 
   -3.3147948346627593708 
  -0.73241280396061014812 
-0.0067383266290099753937 
 0.0067383191517313908991 
    -18.92736293419736171 
   -21.038906213990902216 
     -2.81142136617421734 
  -0.71751075285780852031 
-0.0056623989627649909048 
 0.0056623895106978393635 
   -22.480802556561748418 
   -24.325405430345746538 
    -2.488811492245244672 
  -0.65921695433101434869 
-0.0049409022334462419923 
 0.0049408941220890692514 
   -25.628734690047178191 
   -27.390474817940106078 
   -2.3878834364757972608 
  -0.65454775337428983129 
-0.0047823750524866254566 
 0.0047824040440776014599 
  0.016078860654780806339 
 -0.016078860680636387903 
  -0.48839884638665931327 
   -5.0200983150336258021 
    7.3708345089057187849 
    12.158475430582386778 
   0.01607886065698875544 
 -0.016078860687726893169 
  -0.48839884638661662519 
   -5.0200983150335014571 
    7.3708345089089544189 
    12.158475430594871014 
  0.016078860650236868196 
 -0.016078860684349410848 
  -0.48839884638660474581 
   -5.0200983150334286265 
    7.3708345089052036414 
    12.158475430580896415 
  0.016078860658338172546 
 -0.016078860673511167351 
  -0.48839884638663944028 
   -5.0200983150334703708 
    7.3708345089042337506 
    12.158475430577174947 
  0.016078860669538237727 
 -0.016078860664002686542 
  -0.48839884638666952732 
   -5.0200983150336258021 
    7.3708345089049807086 
    12.158475430579731125 
  0.006738322947375578742 
-0.0067383229844558672345 
  -0.73241280393708563246 
   -3.3147948345750362087 
     14.62109045396632645 
    17.217688143173692339 
 0.0067383229409696786261 
 -0.006738322961405675271 
  -0.73241280393704955021 
   -3.3147948345748825538 
    14.621090453971374856 
    17.217688143149150193 
 0.0067383229657141368446 
-0.0067383229614814705438 
  -0.73241280393703001028 
   -3.3147948345748408094 
     14.62109045396273288 
     17.21768814316531504 
 0.0067383229642671267981 
-0.0067383229418760837853 
  -0.73241280393704788487 
   -3.3147948345748905474 
    14.621090453950293053 
    17.217688143131848477 
 0.0067383229873497598253 
-0.0067383229303440627875 
  -0.73241280393708296792 
   -3.3147948345750291033 
    14.621090453957791055 
    17.217688143151015367 
 0.0056623936304905546704 
-0.0056623936260320447203 
  -0.71751075281901266489 
   -2.8114213660486835344 
    18.927362934226636071 
    21.038906212716330657 
 0.0056623936196379493976 
-0.0056623936423934716905 
  -0.71751075281897180869 
   -2.8114213660485263269 
    18.927362934193247668 
    21.038906212688335273 
 0.0056623936020365698424 
-0.0056623936578783064591 
  -0.71751075281895138058 
   -2.8114213660484748125 
    18.927362934217722312 
    21.038906212710664079 
 0.0056623935964291265133 
-0.0056623936385706780464 
  -0.71751075281897580549 
   -2.8114213660485347646 
    18.927362934167440756 
    21.038906212635502868 
 0.0056623936182351765345 
-0.0056623936348779903976 
  -0.71751075281901843805 
   -2.8114213660486617741 
    18.927362934197535793 
    21.038906212683809116 
 0.0049408925481478540437 
 -0.004940892495019550204 
  -0.65921695424595860846 
   -2.4888114920149981835 
    22.480802550618680158 
    24.325405412945627859 
 0.0049408925504400187656 
-0.0049408925195849710821 
  -0.65921695424591708612 
   -2.4888114920148356468 
     22.48080255060242294 
    24.325405412956111917 
  0.004940892525570543363 
 -0.004940892518430680877 
  -0.65921695424590565082 
   -2.4888114920147645925 
    22.480802550614413349 
    24.325405412942018302 
 0.0049408925225995501199 
-0.0049408925586819267897 
  -0.65921695424592430257 
     -2.48881149201482188 
    22.480802550543817375 
    24.325405412908732927 
 0.0049408924766636396625 
-0.0049408925828342119962 
  -0.65921695424595838642 
    -2.488811492014995963 
    22.480802550590844646 
    24.325405412934070881 
 0.0047823407179915814955 
  -0.00478234075898462032 
  -0.65454775317510194288 
   -2.3878834358767853097 
    25.628734632598376919 
    27.390474662471639533 
 0.0047823407605793516115 
-0.0047823407116431709829 
  -0.65454775317506386223 
   -2.3878834358765725909 
    25.628734632616875899 
    27.390474662485157609 
 0.0047823407898195729668 
-0.0047823407366648831157 
  -0.65454775317505298204 
   -2.3878834358765073098 
    25.628734632613085154 
    27.390474662535577721 
  0.004782340746819556225 
-0.0047823407745265188173 
  -0.65454775317507618571 
   -2.3878834358765872459 
     25.62873463259156992 
    27.390474662509046055 
 0.0047823407153416196483 
-0.0047823407935243507708 
  -0.65454775317511038057 
   -2.3878834358767910828 
    25.628734632604476928 
    27.390474662509607384 
    28.462151181912808795 
    29.350944200031850784 
   -0.3146673379776345203 
   -1.1990318649009408247 
  0.002888697320780786882 
-0.0028886974219104848138 
    28.462151181867920258 
    29.350944200000665063 
  -0.31466733797766771596 
   -1.1990318649010711649 
 0.0028886973056904295329 
-0.0028886974505513392589 
    28.462151181956524937 
    29.350944200050165023 
  -0.31466733797768520198 
   -1.1990318649011235674 
 0.0028886972864299110056 
-0.0028886974306947298466 
     28.46215118191019755 
    29.350944200017877961 
  -0.31466733797766355263 
   -1.1990318649010707208 
 0.0028886973154325554757 
-0.0028886974157829323553 
    28.462151181927168864 
    29.350944200023370456 
  -0.31466733797763540847 
   -1.1990318649009465979 
 0.0028886973293466363007 
-0.0028886973905087685172 
    28.462151181901148789 
    29.350944200047486277 
    1.1990318649008069318 
   0.31466733797761176072 
 0.0028886974017280973685 
-0.0028886973683255458105 
    28.462151181905060326 
    29.350944200030205877 
    1.1990318649006972418 
   0.31466733797757334701 
 0.0028886973519398882228 
-0.0028886973970059515171 
    28.462151181966948599 
    29.350944200069211121 
    1.1990318649006361795 
   0.31466733797756363256 
 0.0028886973393500666764 
-0.0028886973867283042942 
    28.462151181946406808 
    29.350944200070195222 
    1.1990318649006885821 
    0.3146673379775777879 
 0.0028886973501235928448 
-0.0028886973974512329157 
    28.462151181928291521 
    29.350944200013245222 
    1.1990318649008124829 
   0.31466733797761092806 
 0.0028886973457827292387 
-0.0028886973628871300337 
    29.350944127309045228 
    28.462151302045629819 
   -1.1990318714978727144 
  -0.31466734150382646984 
-0.0028884110573737077979 
 0.0028887869623574441262 
    29.350944129997095899 
    28.462151114339562241 
   -1.1990318719625490118 
  -0.31466734180056538106 
-0.0028886821808986311994 
  0.002888706044800297152 
    29.350944140166276952 
    28.462151125215143566 
   -1.1990318719813752857 
  -0.31466734181600131137 
-0.0028886937129209331286 
  0.002888693802740444766 
    29.350944129991955123 
    28.462151114322583823 
   -1.1990318719625367994 
  -0.31466734180055483394 
 -0.002888705950628563373 
 0.0028886822869124942521 
    29.350944127288098429 
    28.462151302042165923 
   -1.1990318714978549508 
  -0.31466734150382646984 
-0.0028887868584017103481 
 0.0028884111438731352103 
-0.0028889835996907336189 
  0.002888607844228776797 
   -1.1990318654143525823 
  -0.31466733834971466477 
   -28.462151064729557248 
    -29.35094427971112907 
-0.0028887124894255654904 
 0.0028886887414819152967 
   -1.1990318649496718439 
  -0.31466733805297220083 
   -28.462151252444048311 
   -29.350944277024460405 
-0.0028887009636411062688 
  0.002888701022806507146 
   -1.1990318649308457921 
  -0.31466733803752633403 
    -28.46215124138667818 
   -29.350944266718975939 
-0.0028886886860119086705 
 0.0028887125348646190519 
   -1.1990318649496805037 
  -0.31466733805297442128 
   -28.462151252433223192 
   -29.350944277003584659 
-0.0028886077943391097467 
 0.0028889836716943471939 
   -1.1990318654143505839 
  -0.31466733834970184169 
    -28.46215106463876765 
    -29.35094427964246222 
7.8743849297752304658e-11 
7.1728148836504745418e-11 
-2.3927675381284409222e-11 
-6.4500397253712931165e-12 
   -43.892207593372184249 
   -43.892207593382693176 
6.3630405559727967866e-11 
4.9160716152906676694e-11 
-2.2747344367492536213e-11 
-6.1475210760530242009e-12 
   -43.892207593426995516 
   -43.892207593429155565 
2.3129877698342616693e-11 
-3.3052213255809542723e-11 
-2.2309106121361634998e-11 
-6.0403627161075211233e-12 
   -43.892207593520062403 
   -43.892207593480215166 
-4.4604892925558456224e-11 
-1.9486610415559781214e-11 
-2.2752609801879008423e-11 
-6.1400106845086574205e-12 
   -43.892207593390722309 
   -43.892207593432502222 
-5.0050910611154640399e-11 
-1.5811002067919913432e-10 
-2.3900316709391157391e-11 
-6.4710321806256216077e-12 
   -43.892207593538060451 
   -43.892207593447466252 
    43.892207593291942658 
    43.892207593212212657 
-2.5368009220177015823e-11 
-6.8177672624552890033e-12 
-1.7553427200113731938e-10 
-1.1439767246279901024e-10 
    43.892207593234104479 
    43.892207593171320923 
-2.6539334690117453557e-11 
-7.1290153062389556108e-12 
-7.6453202803392428256e-11 
-3.3139369143643725158e-11 
     43.89220759323054466 
     43.89220759318050824 
-2.6962222728753476779e-11 
-7.231083504146199929e-12 
-6.5137090829229669268e-12 
2.3760683713862601345e-11 
    43.892207593230288865 
    43.892207593152505751 
-2.6535963416332008198e-11 
-7.1306003429614059958e-12 
5.5884578696301657926e-11 
1.1421588954337418764e-10 
    43.892207593364531704 
    43.892207593376980412 
-2.5358525926710488197e-11 
-6.8281786039889081517e-12 
1.2392968455855779664e-10 
9.2906588990193238345e-11 
0.00035971018299282158954 
-0.00035971001317275044405 
  -0.03319825127720315433 
  -0.12327058898756071414 
   -43.861111596732435203 
   -43.770139277722257987 
0.00035971013604019523233 
-0.00035971005412351183487 
  -0.03319825127748062682 
  -0.12327058898865712877 
    -43.86111159676780602 
   -43.770139277762829977 
 0.0003597100949444124768 
-0.00035971010162502595024 
 -0.033198251277593772424 
  -0.12327058898909303009 
   -43.861111596783160849 
   -43.770139277771441755 
0.00035971004570880578269 
-0.00035971014918613421381 
 -0.033198251277465118392 
  -0.12327058898868413495 
   -43.861111596748202146 
   -43.770139277738429939 
0.00035971000866587754183 
-0.00035971015914660031372 
 -0.033198251277183940533 
  -0.12327058898756874938 
   -43.861111596715012695 
   -43.770139277733157712 
 0.0007502740942080789394 
-0.00075027399239629456729 
 -0.068890274088418732013 
  -0.25591061186380736903 
   -43.667651614747462929 
   -43.478673816118586615 
0.00075027407685691166993 
-0.00075027401862768424053 
 -0.068890274088661287988 
  -0.25591061186471308897 
   -43.667651614786400671 
   -43.478673816147967557 
0.00075027404258550390963 
-0.00075027406604454807866 
 -0.068890274088739350544 
  -0.25591061186505420499 
   -43.667651614787637016 
   -43.478673816135817276 
0.00075027399772894035057 
-0.00075027409079433601824 
 -0.068890274088668601582 
  -0.25591061186469099553 
   -43.667651614762789336 
   -43.478673816131369279 
0.00075027398671716574209 
-0.00075027408430635128111 
 -0.068890274088443018141 
  -0.25591061186376878878 
   -43.667651614774420921 
   -43.478673816161197863 
 0.0011427324006805276383 
-0.0011427323474476086974 
  -0.10480626328878211995 
  -0.38941772429404086786 
   -43.304321520325252948 
   -43.016683914610460704 
 0.0011427323703666802859 
-0.0011427323086063314976 
  -0.10480626328899451949 
  -0.38941772429480581152 
   -43.304321520376291232 
   -43.016683914730116101 
 0.0011427323892920534902 
-0.0011427324133098551266 
  -0.10480626328904167621 
    -0.389417724295129275 
   -43.304321520313877159 
   -43.016683914543783374 
 0.0011427322955289442342 
-0.0011427323535539324773 
  -0.10480626328901641864 
  -0.38941772429479531992 
   -43.304321520373179055 
   -43.016683914756960405 
 0.0011427323631513870358 
-0.0011427324179295750978 
  -0.10480626328879286135 
  -0.38941772429403825884 
   -43.304321520361547471 
   -43.016683914613857098 
    43.016683914688684354 
    43.304321520353369124 
  -0.10480626328857482743 
  -0.38941772429307769388 
 0.0011427322805508675126 
-0.0011427324182612793799 
    43.478673816125514406 
     43.66765161474656054 
 -0.068890274088126590701 
  -0.25591061186266589322 
0.00075027399642297654993 
-0.00075027408321073723024 
    43.770139277707855285 
      43.8611115966888363 
 -0.033198251276841166113 
  -0.12327058898619916438 
0.00035971000851246195864 
-0.00035971015945345457361 
    43.016683914678708334 
    43.304321520324464245 
  -0.10480626328836445404 
  -0.38941772429235305131 
 0.0011427323170205519898 
-0.0011427323633740773916 
    43.478673816084189241 
    43.667651614689972916 
 -0.068890274087893318966 
  -0.25591061186176161657 
0.00075027399966130239005 
-0.00075027406539176209367 
      43.7701392776374405 
    43.861111596595826256 
 -0.033198251276558773948 
  -0.12327058898509836438 
0.00035971001608068188093 
-0.00035971013012834539236 
    43.016683914640502451 
    43.304321520320222305 
  -0.10480626328826328497 
  -0.38941772429209547957 
 0.0011427323661471117978 
-0.0011427323483545438147 
    43.478673816091230719 
      43.6676516146942717 
 -0.068890274087811398385 
  -0.25591061186140662276 
0.00075027402372878086896 
-0.00075027403884411975402 
    43.770139277637944986 
     43.86111159658873504 
 -0.033198251276456175463 
  -0.12327058898467888048 
0.00035971005601274479982 
-0.0003597100829173131625 
    43.016683914705396319 
    43.304321520368169729 
  -0.10480626328836881167 
  -0.38941772429234078334 
 0.0011427323749471957233 
-0.0011427323225008153684 
    43.478673816130886109 
    43.667651614727972742 
 -0.068890274087902547695 
  -0.25591061186174957065 
0.00075027405345271989089 
-0.00075027400291186735481 
    43.770139277664497968 
     43.86111159660186587 
 -0.033198251276573456647 
  -0.12327058898508494456 
0.00035971011092098811651 
-0.00035971001426669563673 
    43.016683914676178802 
    43.304321520351081176 
  -0.10480626328856516849 
  -0.38941772429310261838 
 0.0011427324028686280336 
-0.0011427323061375049221 
     43.47867381612373805 
    43.667651614735724763 
 -0.068890274088138317432 
  -0.25591061186265751104 
0.00075027408645638392869 
-0.00075027398414435886569 
     43.77013927768847168 
    43.861111596655170786 
 -0.033198251276853052438 
  -0.12327058898620935068 
0.00035971017419107731688 
-0.00035970997949774272898 
   -43.016683914728048421 
   -43.304321520348089791 
   0.10480626330436244864 
    0.3894177243516727116 
-0.0011427315611068878613 
 0.0011427330501441958135 
   -43.478673816115147588 
   -43.667651614767002854 
  0.068890274103539983486 
   0.25591061191974362465 
-0.00075027368024981652261 
0.00075027438843122944839 
   -43.770139277734628536 
   -43.861111596702130555 
   0.03319825129201439684 
   0.12327058904268124728 
-0.00035970978995629552134 
0.00035971032310951793834 
   -43.016683915229542379 
   -43.304321520714815108 
   0.10480626330370235166 
   0.38941772434888061172 
-0.0011427317916010654251 
 0.0011427326870112291916 
   -43.478673816393204277 
   -43.667651614937717852 
  0.068890274103007062556 
   0.25591061191765812621 
-0.00075027373639838918461 
0.00075027422647211655226 
   -43.770139277850461212 
   -43.861111596775508303 
  0.033198251291606202529 
   0.12327058904101367842 
-0.00035970990024573911478 
0.00035971017162577832368 
   -43.016683915457797127 
   -43.304321520897616438 
    0.1048062633034652219 
   0.38941772434783883394 
-0.0011427322195681774777 
  0.001142732214410187774 
   -43.478673816549836317 
   -43.667651615068137971 
  0.068890274102818421786 
   0.25591061191685876564 
-0.00075027394641391943319 
0.00075027399086622541865 
   -43.770139277968731051 
   -43.861111596886622976 
  0.033198251291470012858 
   0.12327058904038319664 
-0.00035971006925525285565 
0.00035970999595201041911 
   -43.016683915255597981 
   -43.304321520739513574 
   0.10480626330371145549 
   0.38941772434887855781 
-0.0011427326926675884702 
 0.0011427317845990755084 
   -43.478673816391733453 
   -43.667651614865967247 
  0.068890274103015708418 
   0.25591061191765024363 
-0.00075027420772941916249 
0.00075027368488865607381 
   -43.770139277762829977 
   -43.861111596714891903 
  0.033198251291598097901 
   0.12327058904102883297 
-0.00035971023504858954311 
0.00035970986379272755279 
    -43.01668391479120146 
   -43.304321520442066173 
    0.1048062633043582853 
   0.38941772435166943644 
-0.0011427330463602866466 
 0.0011427315957025536031 
   -43.478673816183821543 
    -43.66765161473583845 
  0.068890274103512394444 
   0.25591061191979003198 
-0.00075027450222426217072 
0.00075027346653729607741 
   -43.770139277724169347 
   -43.861111596847955241 
  0.033198251292050354189 
   0.12327058904263567263 
-0.00035971029254951722778 
0.00035970997689563897516 
-0.00035971017549515482258 
0.00035970993404970568515 
  0.033198251292545347124 
   0.12327058904470797329 
    43.861111596517552869 
    43.770139277552075896 
-0.00035971023556449522067 
0.00035970998705882789625 
  0.033198251292976869997 
   0.12327058904634267955 
    43.861111596441105576 
    43.770139277361373331 
-0.00035971012769342583038 
0.00035971013183470668161 
  0.033198251293122545136 
   0.12327058904699988995 
    43.861111596441212157 
    43.770139277324048521 
-0.00035970998804565716689 
0.00035971022056762114389 
  0.033198251292976981019 
   0.12327058904634410896 
    43.861111596421871184 
    43.770139277356129526 
-0.00035970989838129464357 
0.00035971036396905390784 
  0.033198251292658152722 
   0.12327058904458824962 
    43.861111596660293799 
    43.770139277542313039 
-0.00075027458714815398275 
0.00075027367075156537867 
  0.068890274104209364703 
   0.25591061192235392552 
    43.667651614515229141 
    43.478673815672244984 
-0.00075027430692312991646 
  0.000750273869194887158 
  0.068890274104677129419 
   0.25591061192449349182 
    43.667651614312042341 
    43.478673815549157666 
-0.00075027413048937548288 
0.00075027406739682693613 
  0.068890274104895912743 
   0.25591061192529318546 
    43.667651614252875447 
    43.478673815467615782 
-0.0007502739298241982999 
0.00075027425305932641652 
  0.068890274104686885503 
   0.25591061192451119988 
    43.667651614309463071 
    43.478673815539757186 
-0.00075027376428301283118 
0.00075027437869058192371 
  0.068890274104180235226 
   0.25591061192240088795 
    43.667651614491759915 
    43.478673815763592359 
-0.0011427331141212356252 
 0.0011427316941982044746 
   0.10480626330511040589 
   0.38941772435520577433 
     43.30432151976214783 
    43.016683913942195261 
-0.0011427328910733947943 
 0.0011427320918526021661 
   0.10480626330583575623 
   0.38941772435790528162 
    43.304321519603796276 
    43.016683913607309364 
-0.0011427324444115887284 
 0.0011427324978661684667 
    0.1048062633061219856 
   0.38941772435884874914 
     43.30432151952864217 
    43.016683913572208553 
-0.0011427320683403009022 
 0.0011427328325624085906 
   0.10480626330584821848 
   0.38941772435787413986 
    43.304321519621858272 
    43.016683913707467468 
-0.0011427317542820896075 
 0.0011427331316349099467 
   0.10480626330514097866 
   0.38941772435516064377 
    43.304321519867123413 
    43.016683913969671949 
    -42.78985206188688295 
   -42.464255078634650431 
  -0.11861271664059712394 
  -0.44077842641668041335 
 0.0012937829178494089383 
-0.0012937829947614960975 
   -42.199213043728775574 
    -41.80038768046478026 
  -0.14537624977887816935 
  -0.54007431824806462206 
  0.001582686303870744788 
-0.0015826862247871461772 
   -41.481201599607402386 
   -41.007820656032741624 
  -0.17256982586009150804 
  -0.64104924060970569499 
 0.0018794517309232488741 
-0.0018794516421462162739 
     -40.6336352270748975 
   -40.084520199580509825 
  -0.20018284629375374117 
  -0.74361233612288757389 
 0.0021801087833490154742 
-0.0021801087569045633774 
   -39.654410105451788127 
   -39.028214579379316262 
  -0.22828457665240001195 
  -0.84799666528626982398 
 0.0024861376028626489335 
-0.0024861375915911855701 
   -38.541143568061158931 
   -37.836395784659501373 
  -0.25692334234648778191 
  -0.95437510330613573029 
 0.0027980121134997572308 
-0.0027980121245424105676 
   -37.291283643975141615 
   -36.506544894683287339 
   -0.2860893503756260503 
   -1.0627061753934254895 
 0.0031156081854517604646 
-0.0031156081988397907323 
   -35.902480030459635429 
   -35.036820094642706636 
  -0.31560185509821453431 
   -1.1723089970880504751 
 0.0034369331817815148428 
-0.0034369332299794149409 
   -34.373716835233281586 
   -33.428241498856579028 
  -0.34472691739594052418 
   -1.2804468936275963387 
 0.0037538823022215551256 
-0.0037538822892777845043 
   -32.709201386782197574 
   -31.692927506350287103 
  -0.37087241632717560247 
   -1.3766549820191436027 
 0.0040398052762999556164 
-0.0040398053297916779528 
   -30.940970402366328784 
   -29.937303686479481257 
  -0.36157536779542315264 
    -1.362286519413103969 
 0.0039548143158617179299 
-0.0039548143529953890679 
   -42.789852062066984217 
    -42.46425507878443284 
  -0.11861271664078451571 
  -0.44077842641719344741 
 0.0012937829005097757368 
 -0.001293783042103603979 
   -42.199213043854754801 
   -41.800387680555814995 
   -0.1453762497789914121 
  -0.54007431824853235902 
 0.0015826862895504058195 
-0.0015826862736797145566 
   -41.481201599674534464 
   -41.007820656069476684 
  -0.17256982586021754611 
  -0.64104924061011003822 
 0.0018794517427843085346 
-0.0018794516604159648351 
   -40.633635227083821917 
   -40.084520199544066088 
  -0.20018284629386243201 
  -0.74361233612323962561 
 0.0021801088101305629401 
-0.0021801087752783250909 
   -39.654410105421654009 
   -39.028214579411766749 
  -0.22828457665247717245 
  -0.84799666528660966325 
 0.0024861375877941079005 
-0.0024861375437995989097 
   -38.541143568108672923 
   -37.836395784685585397 
  -0.25692334234655100911 
  -0.95437510330644226286 
 0.0027980121180357074052 
-0.0027980121411913978779 
   -37.291283643978928808 
   -36.506544894647582566 
  -0.28608935037568039572 
   -1.0627061753936828392 
 0.0031156082071941604457 
-0.0031156082163539089262 
   -35.902480030428392865 
   -35.036820094663177372 
  -0.31560185509829219441 
   -1.1723089970882933919 
 0.0034369331449975960499 
-0.0034369332148992503932 
   -34.373716835270627712 
   -33.428241498888318972 
  -0.34472691739599226057 
   -1.2804468936277995095 
 0.0037538823117375026174 
-0.0037538822852131070902 
   -32.709201386813447243 
   -31.692927506385917269 
  -0.37087241632723066953 
   -1.3766549820193301201 
 0.0040398052796545257104 
-0.0040398053219464413396 
   -30.940970402395393535 
   -29.937303686486291809 
  -0.36157536779546861627 
   -1.3622865194132498523 
 0.0039548143410678112189 
-0.0039548143499384610933 
   -42.789852061845571995 
   -42.464255078693931011 
  -0.11861271664084849231 
  -0.44077842641736547646 
 0.0012937828900811193175 
-0.0012937829215170803566 
   -42.199213043823519342 
   -41.800387680555530778 
  -0.14537624977904994861 
  -0.54007431824870955062 
 0.0015826862393541847249 
  -0.00158268629280603184 
   -41.481201599687338444 
   -41.007820656087076827 
  -0.17256982586024147142 
  -0.64104924061028845106 
 0.0018794517153210704707 
-0.0018794516829254306976 
   -40.633635227110850963 
   -40.084520199591914036 
  -0.20018284629388807816 
   -0.7436123361233769602 
 0.0021801087828884832542 
-0.0021801087815799210547 
   -39.654410105448263835 
   -39.028214579359527647 
  -0.22828457665250165287 
  -0.84799666528673212085 
 0.0024861376297805703843 
-0.0024861375805817526215 
   -38.541143568035778344 
   -37.836395784635158179 
  -0.25692334234657920877 
  -0.95437510330655517254 
 0.0027980121018957577854 
-0.0027980121347775123962 
   -37.291283643950293936 
   -36.506544894656052236 
  -0.28608935037571503468 
   -1.0627061753937605548 
  0.003115608188902494087 
-0.0031156081975370459279 
   -35.902480030449197557 
   -35.036820094680685145 
  -0.31560185509831117923 
   -1.1723089970883622257 
 0.0034369331779159546271 
-0.0034369331852362435334 
   -34.373716835285115678 
   -33.428241498897889983 
  -0.34472691739600858085 
   -1.2804468936278894375 
 0.0037538823120625299488 
-0.0037538822897380430717 
   -32.709201386823693269 
   -31.692927506402870819 
  -0.37087241632725315155 
   -1.3766549820193927367 
 0.0040398052916233396711 
-0.0040398053032337883847 
     -30.9409704024164256 
   -29.937303686511803846 
  -0.36157536779548349326 
   -1.3622865194132998123 
  0.003954814337681362979 
-0.0039548143488190136766 
   -42.789852062020919732 
   -42.464255078715588354 
  -0.11861271664078584798 
    -0.440778426417191449 
 0.0012937830024261458284 
-0.0012937829629781237226 
   -42.199213043791722555 
   -41.800387680531478907 
  -0.14537624977899626932 
  -0.54007431824852325519 
  0.001582686234374515704 
 -0.001582686290178077779 
   -41.481201599665027402 
     -41.0078206560617744 
  -0.17256982586019734005 
  -0.64104924061012380498 
 0.0018794516934758790164 
-0.0018794517078733156013 
   -40.633635227086529085 
   -40.084520199573233867 
   -0.2001828462938775588 
  -0.74361233612323951458 
 0.0021801087862688725387 
-0.0021801087726740909882 
   -39.654410105448668844 
   -39.028214579406458995 
  -0.22828457665248619302 
  -0.84799666528661354903 
 0.0024861375811820463078 
 -0.002486137582751274562 
   -38.541143568095016292 
   -37.836395784681421617 
  -0.25692334234655933578 
   -0.9543751033064220568 
 0.0027980121118002850705 
-0.0027980121379549876062 
   -37.291283643980762008 
    -36.50654489465637198 
  -0.28608935037568977711 
   -1.0627061753936650756 
  0.003115608210253825814 
-0.0031156082063858083625 
   -35.902480030432357694 
    -35.03682009464701963 
  -0.31560185509829008499 
   -1.1723089970882711874 
 0.0034369332001927140573 
-0.0034369331798327702916 
   -34.373716835246440837 
   -33.428241498862355741 
  -0.34472691739599181648 
   -1.2804468936278030622 
  0.003753882306881121695 
-0.0037538822918558758905 
    -32.70920138678638267 
   -31.692927506357534639 
   -0.3708724163272230645 
   -1.3766549820193199061 
 0.0040398053098421341997 
-0.0040398052930685213191 
   -30.940970402370915338 
   -29.937303686473825337 
  -0.36157536779546828321 
     -1.36228651941325829 
 0.0039548143431879364748 
-0.0039548143358126329819 
   -42.789852061898507429 
   -42.464255078653977193 
  -0.11861271664063981202 
  -0.44077842641661602041 
 0.0012937829267193937631 
-0.0012937829783201974711 
   -42.199213043761389486 
   -41.800387680525702194 
  -0.14537624977887722566 
  -0.54007431824806328979 
 0.0015826862486496466945 
-0.0015826862516685718651 
   -41.481201599677589797 
   -41.007820656099966072 
  -0.17256982586010291558 
  -0.64104924060970702726 
 0.0018794516766348883918 
-0.0018794516994014170714 
   -40.633635227128053202 
   -40.084520199598351553 
    -0.200182846293765343 
  -0.74361233612286292693 
 0.0021801087910876793506 
 -0.002180108784530107157 
   -39.654410105456889823 
   -39.028214579384950866 
  -0.22828457665238843788 
  -0.84799666528628003803 
  0.002486137585026909104 
-0.0024861376088712262497 
   -38.541143568070388881 
   -37.836395784678046539 
  -0.25692334234647951074 
   -0.9543751033061382838 
 0.0027980121115144694285 
-0.0027980121172003968519 
   -37.291283643991782526 
   -36.506544894685447389 
  -0.28608935037561589176 
   -1.0627061753934163857 
 0.0031156081968933923947 
-0.0031156082018787838346 
   -35.902480030468609584 
   -35.036820094684912874 
   -0.3156018550982199744 
   -1.1723089970880686828 
 0.0034369331999568124812 
-0.0034369331785666736891 
   -34.373716835284803039 
   -33.428241498900383988 
  -0.34472691739593808169 
   -1.2804468936275910096 
 0.0037538823056887126763 
-0.0037538822935341636076 
   -32.709201386818961055 
    -31.69292750637555045 
  -0.37087241632718109807 
   -1.3766549820191531506 
 0.0040398053117013440344 
 -0.004039805305885035662 
   -30.940970402386472671 
    -29.93730368649718443 
  -0.36157536779542620575 
   -1.3622865194131070776 
 0.0039548143617438545616 
-0.0039548143095605734279 
   0.00395481437802436709 
-0.0039548143282639829088 
  -0.36157536779537358118 
   -1.3622865194129394339 
    29.937303686535681635 
    30.940970402459836208 
 0.0039548143527581647652 
  -0.00395481433646248208 
  -0.36157536779533661075 
   -1.3622865194127968813 
    29.937303686504318279 
    30.940970402411291929 
 0.0039548143467107244389 
-0.0039548143536833292241 
  -0.36157536779532456483 
    -1.362286519412740704 
    29.937303686538985659 
    30.940970402457097066 
 0.0039548143338881446354 
-0.0039548143432997940466 
  -0.36157536779533139271 
   -1.3622865194127988797 
    29.937303686539316061 
    30.940970402434263775 
 0.0039548143403463041634 
-0.0039548143708177116787 
  -0.36157536779537918781 
   -1.3622865194129500921 
    29.937303686480696285 
    30.940970402409725182 
 0.0040398053019995759996 
-0.0040398052923809307097 
  -0.37087241632712059092 
    -1.376654982018896245 
     31.69292750645314527 
    32.709201386873139938 
 0.0040398053169028551312 
-0.0040398052968167730281 
  -0.37087241632707063088 
   -1.3766549820187252706 
    31.692927506405311533 
    32.709201386844526382 
 0.0040398053061566881541 
-0.0040398053054634215295 
  -0.37087241632704520677 
    -1.376654982018677309 
    31.692927506454420694 
    32.709201386891514574 
  0.004039805300052924826 
-0.0040398053067465314325 
  -0.37087241632706868799 
   -1.3766549820187281572 
    31.692927506421355588 
    32.709201386853663962 
 0.0040398052952525824108 
-0.0040398053259576034019 
  -0.37087241632710815642 
   -1.3766549820189173392 
    31.692927506414605432 
    32.709201386861472827 
 0.0037538823039056801872 
-0.0037538822950982570804 
  -0.34472691739586558413 
   -1.2804468936273387669 
    33.428241498945887145 
    34.373716835329908292 
 0.0037538822978692484161 
-0.0037538823135674827952 
  -0.34472691739580674231 
   -1.2804468936271458102 
    33.428241498928777276 
    34.373716835325090813 
 0.0037538822906800256747 
-0.0037538822774905978262 
  -0.34472691739579908177 
   -1.2804468936270474444 
    33.428241498959131661 
    34.373716835312080775 
  0.003753882322638327565 
-0.0037538823000211711534 
  -0.34472691739581201587 
   -1.2804468936271231616 
    33.428241498939478049 
     34.37371683534698974 
 0.0037538822913965601454 
-0.0037538823006080892543 
  -0.34472691739586758253 
   -1.2804468936273454283 
    33.428241498941446253 
     34.37371683531847566 
  0.003436933197830011142 
-0.0034369331914473827752 
  -0.31560185509814714377 
   -1.1723089970877724753 
    35.036820094733748476 
    35.902480030527968324 
 0.0034369331849076105792 
-0.0034369331937475870731 
  -0.31560185509809846049 
   -1.1723089970875313348 
    35.036820094729456798 
    35.902480030512869291 
 0.0034369331870765045499 
-0.0034369331899448633122 
   -0.3156018550980690951 
   -1.1723089970874529531 
    35.036820094699947958 
    35.902480030481676465 
 0.0034369331965578859417 
 -0.003436933166609647608 
  -0.31560185509808530435 
   -1.1723089970875384402 
    35.036820094749799637 
     35.90248003051775072 
 0.0034369332135807556007 
-0.0034369331806502795464 
  -0.31560185509815297245 
   -1.1723089970877886845 
    35.036820094721534247 
    35.902480030520720788 
 0.0031156082092053281538 
 -0.003115608186082146399 
  -0.28608935037553923086 
   -1.0627061753930899801 
    36.506544894747250396 
    37.291283644049840973 
 0.0031156082190966880203 
-0.0031156081957883462186 
  -0.28608935037545207836 
   -1.0627061753928674914 
    36.506544894735320383 
    37.291283644057386937 
  0.003115608204515702296 
-0.0031156082040774482622 
  -0.28608935037543625768 
   -1.0627061753927617982 
     36.50654489470118591 
    37.291283644016878895 
 0.0031156081967579781454 
-0.0031156082166616306563 
  -0.28608935037546046054 
   -1.0627061753928312982 
    36.506544894734005879 
    37.291283644054573188 
 0.0031156081838200145109 
-0.0031156082257211832436 
  -0.28608935037553268055 
   -1.0627061753930908683 
    36.506544894747065655 
    37.291283644063945246 
 0.0027980121259144272172 
-0.0027980121411573244394 
  -0.25692334234636915458 
   -0.9543751033058047728 
    37.836395784748702908 
    38.541143568179187184 
 0.0027980121044322570079 
-0.0027980121175017230901 
  -0.25692334234630720413 
   -0.9543751033054806987 
    37.836395784746756021 
    38.541143568131836616 
 0.0027980121319015286568 
-0.0027980121247367004643 
  -0.25692334234625946454 
  -0.95437510330538166681 
    37.836395784716579271 
     38.54114356813630593 
 0.0027980121154867160053 
-0.0027980121315009519496 
  -0.25692334234629904399 
  -0.95437510330551333926 
    37.836395784752525628 
    38.541143568162723909 
 0.0027980121125219877161 
-0.0027980121337907444372 
  -0.25692334234637331791 
  -0.95437510330580332951 
    37.836395784760412653 
    38.541143568170120659 
 0.0024861375627155345679 
-0.0024861375907857755779 
  -0.22828457665228824025 
  -0.84799666528587225311 
    39.028214579492804148 
    39.654410105524021901 
  0.002486137585678077893 
-0.0024861375948956091451 
  -0.22828457665219864525 
  -0.84799666528554884515 
    39.028214579438646581 
    39.654410105496715744 
 0.0024861375749965805397 
-0.0024861375963911064475 
  -0.22828457665216689287 
  -0.84799666528544237476 
    39.028214579452402688 
    39.654410105501206374 
 0.0024861375842306502118 
-0.0024861375670510725729 
  -0.22828457665220178163 
  -0.84799666528554673572 
    39.028214579468006207 
    39.654410105496772587 
 0.0024861376126994075113 
-0.0024861375610800194938 
  -0.22828457665227591677 
  -0.84799666528587203107 
    39.028214579483552882 
    39.654410105535077946 
 0.0021801087792982730938 
 -0.002180108779403107204 
  -0.20018284629365099003 
  -0.74361233612242605417 
    40.084520199644281035 
    40.633635227156737812 
 0.0021801087847769934358 
-0.0021801087898756215527 
   -0.2001828462935410502 
  -0.74361233612204913346 
    40.084520199632514448 
    40.633635227160660008 
 0.0021801087709925437257 
-0.0021801087967700644686 
  -0.20018284629352095516 
   -0.7436123361218970329 
    40.084520199631036519 
    40.633635227152161917 
 0.0021801087718835354332 
-0.0021801087814606709588 
  -0.20018284629354876625 
   -0.7436123361220403627 
    40.084520199614040337 
     40.63363522712086251 
 0.0021801087851799050808 
-0.0021801087881100095905 
  -0.20018284629366936422 
  -0.74361233612239763247 
    40.084520199668084217 
    40.633635227195085804 
 0.0018794516910494048472 
 -0.001879451694021069862 
  -0.17256982585995206403 
  -0.64104924060918400119 
    41.007820656125488767 
    41.481201599711766903 
 0.0018794516913361633114 
-0.0018794516985655865347 
     -0.17256982585984737 
  -0.64104924060876999903 
    41.007820656136793502 
    41.481201599727619111 
 0.0018794516908022995596 
-0.0018794516832861612402 
  -0.17256982585980162881 
  -0.64104924060862134017 
    41.007820656119946534 
     41.48120159969483467 
  0.001879451705343726433 
-0.0018794516865987861542 
  -0.17256982585983840495 
  -0.64104924060878798464 
    41.007820656089968736 
    41.481201599682840708 
 0.0018794517035975806703 
-0.0018794516661808360544 
  -0.17256982585994060098 
  -0.64104924060921431028 
    41.007820656163623596 
    41.481201599734667695 
 0.0015826862828902681004 
-0.0015826862533352128656 
  -0.14537624977872107279 
  -0.54007431824747087479 
    41.800387680576044147 
    42.199213043847187521 
 0.0015826862728150713471 
-0.0015826862504185132147 
  -0.14537624977859206488 
  -0.54007431824699170253 
    41.800387680588656281 
    42.199213043846455662 
 0.0015826862765880808127 
-0.0015826862572391661981 
  -0.14537624977853988439 
  -0.54007431824681240151 
    41.800387680553882319 
    42.199213043822140889 
 0.0015826862695300324396 
-0.0015826862543830368026 
  -0.14537624977859361919 
  -0.54007431824701612744 
    41.800387680544879743 
     42.19921304380336835 
 0.0015826862809109683468 
-0.0015826862296888627966 
  -0.14537624977872196097 
  -0.54007431824748475258 
    41.800387680583945382 
    42.199213043829466585 
 0.0012937829371579697649 
-0.0012937829576183067486 
  -0.11861271664045143492 
  -0.44077842641594411344 
     42.46425507874886307 
    42.789852061982685427 
 0.0012937829531898840593 
-0.0012937829645819133063 
  -0.11861271664031133866 
  -0.44077842641539816126 
    42.464255078751527606 
    42.789852062007923905 
 0.0012937829484342532743 
-0.0012937829403244654764 
  -0.11861271664024714001 
  -0.44077842641521153277 
     42.46425507872034899 
    42.789852061947598827 
 0.0012937829679229499551 
-0.0012937829628784348023 
  -0.11861271664031419748 
  -0.44077842641537778867 
    42.464255078713428304 
    42.789852061982841747 
 0.0012937829340178863026 
-0.0012937829857550670314 
  -0.11861271664045515417 
   -0.4407784264159553822 
    42.464255078730893445 
    42.789852061989705589 
