%    UNITS: X,Y,Z in m;  Magnetic Field Intensity in Amps/meter
%           X (m)            Y (m)            Z (m)        RealScatX        RealScatY        RealScatZ         RealTotX         RealTotY         RealTotZ
     0.0005416665                0                0       -7.8028411    5.6163246e-18    1.3400516e-17       0.19715889    5.6163246e-18    1.3400516e-17 
     0.0005416665    9.9842685e-05    5.6070449e-06       -7.8028411     5.196706e-07    2.9216962e-08       0.19715894     5.196706e-07    2.9216962e-08 
     0.0005416665    0.00019968537     1.121409e-05       -7.8028409    1.0382064e-06    5.8567624e-08       0.19715908    1.0382064e-06    5.8567624e-08 
     0.0005416665    0.00029952806    1.6821135e-05       -7.8028407    1.5544693e-06    8.8186005e-08       0.19715932    1.5544693e-06    8.8186005e-08 
     0.0005416665    0.00039937074     2.242818e-05       -7.8028403    2.0673153e-06     1.182068e-07       0.19715966    2.0673153e-06     1.182068e-07 
     0.0005416665    0.00049921343    2.8035225e-05       -7.8028399    2.5755911e-06    1.4876572e-07       0.19716009    2.5755911e-06    1.4876572e-07 
     0.0005416665    0.00059905611     3.364227e-05       -7.8028394    3.0781319e-06     1.799999e-07       0.19716062    3.0781319e-06     1.799999e-07 
     0.0005416665     0.0006988988    3.9249315e-05       -7.8028388    3.5737596e-06     2.120483e-07       0.19716124    3.5737596e-06     2.120483e-07 
     0.0005416665    0.00079874148     4.485636e-05       -7.8028381     4.061281e-06    2.4505226e-07       0.19716195     4.061281e-06    2.4505226e-07 
     0.0005416665    0.00089858417    5.0463404e-05       -7.8028372    4.5394878e-06    2.7915602e-07       0.19716275    4.5394878e-06    2.7915602e-07 
     0.0005416665    0.00099842685    5.6070449e-05       -7.8028364    5.0071575e-06    3.1450744e-07       0.19716364    5.0071575e-06    3.1450744e-07 
     0.0005416665     0.0010982695    6.1677494e-05       -7.8028354    5.4630567e-06    3.5125879e-07       0.19716461    5.4630567e-06    3.5125879e-07 
     0.0005416665     0.0011981122    6.7284539e-05       -7.8028343    5.9059456e-06    3.8956776e-07       0.19716567    5.9059456e-06    3.8956776e-07 
     0.0005416665     0.0012979549    7.2891584e-05       -7.8028332    6.3345879e-06    4.2959866e-07       0.19716681    6.3345879e-06    4.2959866e-07 
     0.0005416665     0.0013977976    7.8498629e-05        -7.802832    6.7477628e-06    4.7152391e-07       0.19716803    6.7477628e-06    4.7152391e-07 
     0.0005416665     0.0014976403    8.4105674e-05       -7.8028307    7.1442854e-06    5.1552589e-07       0.19716933    7.1442854e-06    5.1552589e-07 
     0.0005416665      0.001597483    8.9712719e-05       -7.8028293    7.5230334e-06    5.6179933e-07       0.19717069    7.5230334e-06    5.6179933e-07 
     0.0005416665     0.0016973257    9.5319764e-05       -7.8028279    7.8829857e-06    6.1055424e-07       0.19717213    7.8829857e-06    6.1055424e-07 
     0.0005416665     0.0017971683    0.00010092681       -7.8028264    8.2232745e-06    6.6201971e-07       0.19717362    8.2232745e-06    6.6201971e-07 
     0.0005416665      0.001897011    0.00010653385       -7.8028248    8.5432571e-06    7.1644876e-07       0.19717518    8.5432571e-06    7.1644876e-07 
     0.0005416665     0.0019968537     0.0001121409       -7.8028232    8.8426129e-06    7.7412461e-07       0.19717679    8.8426129e-06    7.7412461e-07 
     0.0005416665     0.0020966964    0.00011774794       -7.8028134    1.2101991e-05    7.9199623e-07       0.19718659    1.2101991e-05    7.9199623e-07 
     0.0005416665     0.0021965391    0.00012335499       -7.8028111    1.2512486e-05    8.5198937e-07        0.1971889    1.2512486e-05    8.5198937e-07 
     0.0005416665     0.0022963818    0.00012896203       -7.8027986     1.661953e-05    9.2072507e-07       0.19720143     1.661953e-05    9.2072507e-07 
     0.0005416665     0.0023962244    0.00013456908       -7.8027954    1.7152023e-05    9.8630692e-07       0.19720465    1.7152023e-05    9.8630692e-07 
     0.0005416665     0.0024960671    0.00014017612        -7.802792    1.7613304e-05    1.0552609e-06       0.19720799    1.7613304e-05    1.0552609e-06 
     0.0005416665     0.0025959098    0.00014578317       -7.8027886    1.7983896e-05    1.1277056e-06       0.19721145    1.7983896e-05    1.1277056e-06 
     0.0005416665     0.0026957525    0.00015139021       -7.8027753    2.1013386e-05    1.3169374e-06       0.19722472    2.1013386e-05    1.3169374e-06 
     0.0005416665     0.0027955952    0.00015699726       -7.8027711    2.1214429e-05    1.3944125e-06       0.19722895    2.1214429e-05    1.3944125e-06 
     0.0005416665     0.0028954379     0.0001626043       -7.8027667    2.1221284e-05     1.470739e-06       0.19723328    2.1221284e-05     1.470739e-06 
     0.0005416665     0.0029952806    0.00016821135       -7.8027623    2.0985736e-05    1.5442508e-06       0.19723771    2.0985736e-05    1.5442508e-06 
     0.0005416665     0.0030951232    0.00017381839       -7.8027578    2.0449089e-05    1.6127971e-06        0.1972422    2.0449089e-05    1.6127971e-06 
     0.0005416665     0.0031949659    0.00017942544       -7.8027533     1.954009e-05     1.673633e-06       0.19724672     1.954009e-05     1.673633e-06 
     0.0005416665     0.0032948086    0.00018503248       -7.8027488    1.8172502e-05    1.7232887e-06       0.19725123    1.8172502e-05    1.7232887e-06 
     0.0005416665     0.0033946513    0.00019063953       -7.8027443    1.6242255e-05    1.7574139e-06       0.19725567    1.6242255e-05    1.7574139e-06 
     0.0005416665      0.003494494    0.00019624657        -7.802777    6.5344102e-06    2.0817293e-06       0.19722303    6.5344102e-06    2.0817293e-06 
     0.0005416665     0.0035943367    0.00020185362       -7.8027752     4.753437e-06    2.0717148e-06        0.1972248     4.753437e-06    2.0717148e-06 
     0.0005416665     0.0036941794    0.00020746066       -7.8027639    4.2091322e-06    2.3430752e-06       0.19723607    4.2091322e-06    2.3430752e-06 
     0.0005416665      0.003794022    0.00021306771       -7.8027978    1.1855958e-06    3.0166909e-06       0.19720218    1.1855958e-06    3.0166909e-06 
     0.0005416665     0.0038938647    0.00021867475       -7.8027979    8.4551504e-07    3.0891332e-06       0.19720209    8.4551504e-07    3.0891332e-06 
     0.0005416665     0.0039937074     0.0002242818       -7.8027981    6.9958426e-07    3.1357486e-06       0.19720187    6.9958426e-07    3.1357486e-06 
     0.0005416665     0.0040935501    0.00022988884        -7.802817   -1.5150477e-05    4.2972759e-06       0.19718298   -1.5150477e-05    4.2972759e-06 
     0.0005416665     0.0041933928    0.00023549589         -7.80282   -1.7175585e-05    4.4760511e-06       0.19717999   -1.7175585e-05    4.4760511e-06 
     0.0005416665     0.0042932355    0.00024110293       -7.8028234   -1.9170745e-05    4.6395921e-06       0.19717657   -1.9170745e-05    4.6395921e-06 
     0.0005416665     0.0043930782    0.00024670998       -7.8028273   -2.1090159e-05    4.7819085e-06       0.19717273   -2.1090159e-05    4.7819085e-06 
     0.0005416665     0.0044929208    0.00025231702       -7.8028315   -2.2878864e-05    4.8956289e-06       0.19716846   -2.2878864e-05    4.8956289e-06 
     0.0005416665     0.0045927635    0.00025792407       -7.8028362   -2.4471504e-05    4.9716381e-06       0.19716378   -2.4471504e-05    4.9716381e-06 
     0.0005416665     0.0046926062    0.00026353111       -7.8028413   -2.5790963e-05    4.9985911e-06       0.19715871   -2.5790963e-05    4.9985911e-06 
     0.0005416665     0.0047924489    0.00026913816       -7.8028467   -2.6746804e-05    4.9622591e-06        0.1971533   -2.6746804e-05    4.9622591e-06 
     0.0005416665     0.0048922916     0.0002747452       -7.8028933   -2.8076272e-05    9.6930569e-06       0.19710669   -2.8076272e-05    9.6930569e-06 
     0.0005416665     0.0049921343    0.00028035225       -7.8029003   -2.6777991e-05    1.0618963e-05       0.19709975   -2.6777991e-05    1.0618963e-05 
     0.0005416665      0.005091977    0.00028595929       -7.8029072   -2.4606451e-05    1.1600421e-05       0.19709282   -2.4606451e-05    1.1600421e-05 
     0.0005416665     0.0051918196    0.00029156634       -7.8028767   -3.4796786e-05    1.2500317e-05       0.19712329   -3.4796786e-05    1.2500317e-05 
     0.0005416665     0.0052916623    0.00029717338        -7.802839   -2.2277007e-05    1.0135094e-05       0.19716101   -2.2277007e-05    1.0135094e-05 
     0.0005416665      0.005391505    0.00030278043        -7.802843   -2.4675719e-05     1.088908e-05       0.19715701   -2.4675719e-05     1.088908e-05 
     0.0005416665     0.0054913477    0.00030838747       -7.8028473   -2.7433058e-05    1.1571786e-05       0.19715273   -2.7433058e-05    1.1571786e-05 
     0.0005416665     0.0055911904    0.00031399452       -7.8028396    -4.028172e-05    2.1142538e-05       0.19716042    -4.028172e-05    2.1142538e-05 
     0.0005416665     0.0056910331    0.00031960156       -7.8028357   -4.1028556e-05    3.6861457e-05       0.19716434   -4.1028556e-05    3.6861457e-05 
     0.0005416665     0.0057908758    0.00032520861       -7.8028143   -3.6129707e-05    6.6942506e-05       0.19718565   -3.6129707e-05    6.6942506e-05 
     0.0005416665     0.0058907184    0.00033081565       -7.8028522   -8.6460028e-05    8.0070513e-05       0.19714779   -8.6460028e-05    8.0070513e-05 
     0.0005416665     0.0059905611     0.0003364227       -7.8028729    -6.624575e-05    2.1435403e-05       0.19712713    -6.624575e-05    2.1435403e-05 
     0.0005416665     0.0060904038    0.00034202974       -7.8028511   -9.8845041e-05    1.2433935e-05       0.19714889   -9.8845041e-05    1.2433935e-05 
     0.0005416665     0.0061902465    0.00034763679       -7.8028898    -0.0001291348    1.4062756e-05       0.19711018    -0.0001291348    1.4062756e-05 
     0.0005416665     0.0062900892    0.00035324383       -7.8029153   -0.00015944371    5.4276483e-06       0.19708472   -0.00015944371    5.4276483e-06 
     0.0005416665     0.0063899319    0.00035885088       -7.8029389   -0.00019042543    2.8907775e-05       0.19706114   -0.00019042543    2.8907775e-05 
     0.0005416665     0.0064897746    0.00036445792       -7.8029684    -0.0002118529    2.9900272e-05       0.19703157    -0.0002118529    2.9900272e-05 
     0.0005416665     0.0065896172    0.00037006497       -7.8030602   -0.00029156861    6.2439288e-05       0.19693979   -0.00029156861    6.2439288e-05 
     0.0005416665     0.0066894599    0.00037567201       -7.8030677   -0.00028126916    3.4292607e-05       0.19693234   -0.00028126916    3.4292607e-05 
     0.0005416665     0.0067893026    0.00038127906        -7.803096   -0.00030735751    3.7342253e-05         0.196904   -0.00030735751    3.7342253e-05 
     0.0005416665     0.0068891453     0.0003868861       -7.8031456   -0.00037379642    6.7867177e-05       0.19685439   -0.00037379642    6.7867177e-05 
     0.0005416665      0.006988988    0.00039249315       -7.8031304   -0.00039427619    4.4009056e-05       0.19686957   -0.00039427619    4.4009056e-05 
     0.0005416665     0.0070888307    0.00039810019       -7.8032016   -0.00044516055    6.4848577e-05       0.19679837   -0.00044516055    6.4848577e-05 
     0.0005416665     0.0071886733    0.00040370724       -7.8032814   -0.00048515626    4.3492203e-05       0.19671857   -0.00048515626    4.3492203e-05 
     0.0005416665      0.007288516    0.00040931428       -7.8034207   -0.00061471621    5.2912582e-05       0.19657929   -0.00061471621    5.2912582e-05 
     0.0005416665     0.0073883587    0.00041492133       -7.8035292   -0.00068012301    7.3588331e-05       0.19647079   -0.00068012301    7.3588331e-05 
     0.0005416665     0.0074882014    0.00042052837       -7.8035809   -0.00077992184    9.3463837e-05       0.19641914   -0.00077992184    9.3463837e-05 
     0.0005416665     0.0075880441    0.00042613542       -7.8036424   -0.00085275586    9.0221882e-05       0.19635756   -0.00085275586    9.0221882e-05 
     0.0005416665     0.0076878868    0.00043174246       -7.8037217   -0.00098054754    6.2716193e-05       0.19627833   -0.00098054754    6.2716193e-05 
     0.0005416665     0.0077877295    0.00043734951       -7.8039936    -0.0011066779    0.00012156399       0.19600644    -0.0011066779    0.00012156399 
     0.0005416665     0.0078875721    0.00044295655       -7.8042504    -0.0012982114    6.1778002e-05       0.19574963    -0.0012982114    6.1778002e-05 
     0.0005416665     0.0079874148     0.0004485636       -7.8045026    -0.0015100845    0.00011799448       0.19549736    -0.0015100845    0.00011799448 
     0.0005416665     0.0080872575    0.00045417064        -7.804818    -0.0017099778    0.00014426413       0.19518203    -0.0017099778    0.00014426413 
     0.0005416665     0.0081871002    0.00045977769       -7.8050036    -0.0018954902   -4.1804646e-05       0.19499641    -0.0018954902   -4.1804646e-05 
     0.0005416665     0.0082869429    0.00046538473       -7.8050514    -0.0021569899   -0.00012495617       0.19494857    -0.0021569899   -0.00012495617 
     0.0005416665     0.0083867856    0.00047099178       -7.8052765    -0.0026368362   -0.00021394767       0.19472346    -0.0026368362   -0.00021394767 
     0.0005416665     0.0084866283    0.00047659882       -7.8057501    -0.0032146167   -0.00032665408       0.19424985    -0.0032146167   -0.00032665408 
     0.0005416665     0.0085864709    0.00048220587       -7.8063933    -0.0037775738   -0.00046616013       0.19360667    -0.0037775738   -0.00046616013 
     0.0005416665     0.0086863136    0.00048781291       -7.8060508    -0.0041484375   -0.00070328069       0.19394924    -0.0041484375   -0.00070328069 
     0.0005416665     0.0087861563    0.00049341996       -7.8057436    -0.0039771142   -0.00040295224       0.19425637    -0.0039771142   -0.00040295224 
     0.0005416665      0.008885999      0.000499027       -7.8062992    -0.0054026608    -0.0046122326       0.19370078    -0.0054026608    -0.0046122326 


