 2.534248906710026131e-10 
-1.3360041666096558685e-10 
3.2753732417230626188e-07 
-7.8772141321808626696e-07 
-5.7367724635266194669e-05 
-5.6354687071384577924e-05 
3.3002266675119682484e-10 
-2.0607712650668866603e-10 
3.2758192761840967695e-07 
-7.8774307960968222906e-07 
-5.7368128691919341271e-05 
-5.6354849876894482527e-05 
2.2666620331356278282e-10 
-2.2581353195545835655e-10 
3.2757738846154266813e-07 
-7.8773880425205639922e-07 
-5.7368068293236764929e-05 
-5.6354839161709463415e-05 
2.2468362474071290734e-10 
-2.2468362493672395174e-10 
3.2757826580609407668e-07 
-7.8773823117213051522e-07 
-5.7368063449690966658e-05 
-5.6354836853855238307e-05 
 2.258135317698195625e-10 
-2.2666620366442172769e-10 
3.2757738846147702308e-07 
-7.8773880425217339564e-07 
-5.7368068293236792034e-05 
-5.6354839161709280456e-05 
2.0607712612476790008e-10 
-3.300226669903019112e-10 
 3.275819276184106828e-07 
-7.8774307960961859571e-07 
-5.7368128691919192193e-05 
-5.6354849876894726472e-05 
1.3360041651054232717e-10 
-2.5342489072960081148e-10 
3.2753732417228667424e-07 
-7.8772141321805640905e-07 
-5.7367724635266126906e-05 
-5.6354687071384896408e-05 
9.3128651865795570838e-11 
-8.9480732060866838225e-11 
8.4288794932044921057e-07 
1.9279397063461576788e-07 
-5.5710622648358450648e-05 
-5.5057719553062666709e-05 
8.8699294582949960574e-11 
-8.1440533077832030831e-11 
8.4289584202553885256e-07 
1.9279917908782603283e-07 
-5.5710734613394319423e-05 
-5.5057837765528205973e-05 
9.0798025047762432581e-11 
-8.4753272641618235724e-11 
8.4289754804904321733e-07 
1.9279830770426697889e-07 
-5.5710733408116227465e-05 
-5.5057828357951302072e-05 
 8.687000078100138685e-11 
-8.6870000510452567545e-11 
8.4289822296733430329e-07 
1.9279836051707641029e-07 
-5.5710732800544142916e-05 
-5.5057828962095240995e-05 
8.4753272962284648799e-11 
-9.0798024583570761123e-11 
8.4289754804905369937e-07 
1.9279830770431896554e-07 
-5.5710733408115895428e-05 
-5.5057828357951173323e-05 
8.1440533551293747392e-11 
-8.8699294131069399119e-11 
8.4289584202557538086e-07 
1.9279917908778307238e-07 
-5.5710734613394617579e-05 
-5.5057837765528334722e-05 
8.9480732404358072458e-11 
-9.3128651778292269739e-11 
8.4288794932047335101e-07 
1.9279397063464570521e-07 
-5.571062264835859295e-05 
-5.505771955306248375e-05 
5.6276644790991654515e-11 
-5.3780073806896105856e-11 
6.8396991762548350537e-07 
3.0696247091017046914e-07 
-5.4694182604358773246e-05 
-5.4316487915281886896e-05 
5.2980103030329936386e-11 
-5.073020241716892468e-11 
6.8397588884587338598e-07 
3.0696672311930334603e-07 
-5.4694296579249760727e-05 
-5.4316602882913987758e-05 
5.3047374668849321897e-11 
-5.1252912710049903864e-11 
6.8397567511914100271e-07 
3.0696645610620137183e-07 
-5.4694284136275538131e-05 
-5.4316590099063268211e-05 
5.2249124982535689961e-11 
-5.2249125134935051815e-11 
6.8397580432202004933e-07 
3.0696641556336507471e-07 
-5.4694284903254188589e-05 
-5.4316590507968199881e-05 
5.1252912524544124333e-11 
-5.3047374896805325455e-11 
6.8397567511917763689e-07 
3.0696645610622720634e-07 
-5.4694284136275538131e-05 
-5.4316590099063254658e-05 
5.0730202174744349599e-11 
-5.2980103358244034903e-11 
 6.839758888458738095e-07 
3.0696672311929577567e-07 
-5.4694296579249930134e-05 
-5.4316602882913940324e-05 
5.3780073525262588129e-11 
-5.6276644859362054788e-11 
6.8396991762545925906e-07 
3.0696247091015321085e-07 
-5.4694182604358813904e-05 
-5.4316487915282063079e-05 
3.7579911354156947635e-11 
-3.5897172014565231444e-11 
5.4330198859572701965e-07 
3.0001134233417074556e-07 
 -5.40943435939805726e-05 
-5.3850687848856826411e-05 
3.4897820456911001006e-11 
-3.4093606182484634294e-11 
5.4330636696135016706e-07 
3.0001504731424333578e-07 
-5.4094455616350448166e-05 
-5.3850800725067280133e-05 
 3.487583931726565586e-11 
-3.4276385216953568269e-11 
5.4330605597789286292e-07 
3.0001481276218516368e-07 
-5.4094442210473636689e-05 
-5.3850787419316878098e-05 
3.4615444530067268407e-11 
-3.4615444362500671143e-11 
5.4330606593991628289e-07 
3.0001478413390747909e-07 
-5.4094442464866165595e-05 
-5.3850787560064006135e-05 
3.4276385270103218423e-11 
-3.4875839534544890285e-11 
5.4330605597780233628e-07 
3.0001481276215811157e-07 
-5.4094442210473419848e-05 
-5.3850787419316437641e-05 
3.4093605959279781691e-11 
-3.4897820485173054813e-11 
 5.433063669614397408e-07 
3.0001504731428341102e-07 
-5.4094455616350529481e-05 
-5.3850800725067469869e-05 
3.5897172076471111833e-11 
-3.7579911357798616744e-11 
5.4330198859573104306e-07 
3.0001134233416561042e-07 
-5.4094343593980769112e-05 
-5.3850687848856738319e-05 
2.6797439083447219747e-11 
-2.5566044428063901739e-11 
4.3204114493610377234e-07 
2.6283724680490021027e-07 
-5.3701948675328865204e-05 
-5.3532532320540161222e-05 
2.4678893663807791697e-11 
-2.4353906974152255635e-11 
4.3204450480557341341e-07 
2.6284033753037586855e-07 
-5.3702059707237372521e-05 
-5.3532644030563256133e-05 
2.4651643650197370471e-11 
-2.4428567549643412638e-11 
4.3204422716513534998e-07 
2.6284014109315501434e-07 
-5.3702046125378881728e-05 
-5.3532630608179290397e-05 
2.4554615434123485118e-11 
-2.4554615350673721218e-11 
4.3204421524331777097e-07 
2.6284011898785105737e-07 
-5.370204621888405495e-05 
-5.3532630665262365371e-05 
2.4428567682699553301e-11 
-2.465164341174229944e-11 
4.3204422716520528314e-07 
2.6284014109319011326e-07 
-5.3702046125378326074e-05 
-5.3532630608178795729e-05 
2.4353907152212172113e-11 
-2.4678893688705453152e-11 
4.3204450480560962407e-07 
2.6284033753025770745e-07 
-5.3702059707237867188e-05 
-5.3532644030563262909e-05 
 2.556604434766555542e-11 
-2.6797439104204664522e-11 
4.3204114493613320674e-07 
   2.6283724680490921e-07 
-5.3701948675328966848e-05 
-5.3532532320540188327e-05 
2.0002236725872371743e-11 
-1.9051979910573556249e-11 
3.4514140050421481308e-07 
2.2103293555859892611e-07 
-5.3426303923459532658e-05 
-5.330206010251982272e-05 
1.8330033971394960161e-11 
-1.8176655756869614412e-11 
3.4514403637660885607e-07 
2.2103547111568885337e-07 
-5.3426414370126061397e-05 
-5.3302171079407780288e-05 
1.8306126284216549723e-11 
-1.8211966935841486156e-11 
3.4514380852410769946e-07 
2.2103530975668989826e-07 
-5.3426400790292155531e-05 
-5.3302157645447740522e-05 
1.8265311739433612677e-11 
-1.8265311837786999865e-11 
3.4514379355291798844e-07 
2.2103529231124288587e-07 
-5.3426400833104853091e-05 
-5.3302157675410060582e-05 
1.8211966936116378307e-11 
-1.8306126072147108822e-11 
3.4514380852411161699e-07 
2.2103530975665884921e-07 
-5.3426400790291911586e-05 
-5.3302157645447645654e-05 
1.8176656091722714599e-11 
-1.8330033597925143104e-11 
3.4514403637666084272e-07 
2.2103547111570198238e-07 
-5.342641437012618337e-05 
-5.3302171079407854827e-05 
1.9051980202604230214e-11 
-2.0002236609940866625e-11 
 3.451414005041994606e-07 
2.2103293555863516323e-07 
-5.3426303923459824037e-05 
-5.3302060102519937916e-05 
 1.540746529444333557e-11 
-1.4654616772724832626e-11 
2.7710828207627593839e-07 
1.8260166183992768814e-07 
-5.3222659588186281056e-05 
-5.312806034642067422e-05 
1.4078887178785352549e-11 
-1.3992743735867064032e-11 
2.7711037772090086302e-07 
1.8260372851221546543e-07 
-5.3222769642822231331e-05 
-5.3128170817523493624e-05 
 1.405903088965762412e-11 
-1.4012430585828125644e-11 
2.7711019379823663298e-07 
 1.826035968383567379e-07 
-5.3222756103928097653e-05 
-5.3128157399462587539e-05 
1.4039004100259910206e-11 
-1.4039004371578661794e-11 
 2.771101800365914418e-07 
1.8260358286774730101e-07 
-5.3222756129667179201e-05 
-5.3128157420130313424e-05 
1.4012430205138672969e-11 
-1.4059031225287467905e-11 
2.7711019379829026076e-07 
1.8260359683839485438e-07 
-5.3222756103928002785e-05 
-5.3128157399462641749e-05 
1.3992743369382312265e-11 
-1.4078887691973196741e-11 
2.7711037772081891258e-07 
1.8260372851216435228e-07 
-5.3222769642822271988e-05 
-5.312817081752328356e-05 
1.4654616375922302284e-11 
-1.5407465381027248036e-11 
2.7710828207630923737e-07 
1.8260166183987773966e-07 
-5.3222659588186416581e-05 
-5.3128060346420809745e-05 
 1.213147503258376662e-11 
-1.1526881627757177141e-11 
2.2361790285120249295e-07 
1.4973345435668545559e-07 
-5.3066787738737185548e-05 
-5.2992836363140246746e-05 
  1.10672413000085149e-11 
-1.1010999463138629404e-11 
2.2361958479202184956e-07 
1.4973513643390890692e-07 
-5.3066897507418648195e-05 
-5.2992946462498106844e-05 
1.1051052023703409544e-11 
-1.1023708879303386785e-11 
2.2361943632451346827e-07 
1.4973502912332046291e-07 
-5.3066884012593436477e-05 
-5.2992933065420341386e-05 
 1.103942684448452138e-11 
-1.1039426707283732481e-11 
2.2361942457644540192e-07 
1.4973501782125910372e-07 
-5.3066884032219535454e-05 
-5.2992933082733830353e-05 
1.1023709074455690074e-11 
-1.1051051763986337798e-11 
2.2361943632437209318e-07 
1.4973502912325566489e-07 
-5.3066884012593436477e-05 
-5.2992933065420625989e-05 
1.1010999732120007688e-11 
-1.106724117836593996e-11 
2.2361958479207913017e-07 
1.4973513643391809193e-07 
-5.3066897507418654971e-05 
-5.2992946462497910333e-05 
 1.152688167662641481e-11 
-1.2131474991241056654e-11 
2.2361790285117282032e-07 
1.4973345435673791869e-07 
-5.3066787738737354954e-05 
-5.2992836363140714308e-05 
9.7030358942516511893e-12 
-9.2134973862396735866e-12 
1.8137273376672411554e-07 
1.2252195133538817254e-07 
-5.2944479035273145752e-05 
-5.2885577914637192339e-05 
8.8437631337389148343e-12 
-8.8030866212149591197e-12 
1.8137409387934549387e-07 
1.2252332216794391717e-07 
-5.2944588584341042243e-05 
-5.2885687729227352837e-05 
8.8306642848124816156e-12 
-8.8121856127928406453e-12 
1.8137397350667282287e-07 
1.2252323461719113257e-07 
-5.294457512807296002e-05 
-5.2885674351881890734e-05 
8.8228835454476362311e-12 
-8.8228833365141242742e-12 
1.8137396370545889911e-07 
1.2252322541242789942e-07 
-5.2944575145348400267e-05 
-5.2885674367905660231e-05 
8.8121857435313003961e-12 
-8.8306643526015484014e-12 
1.8137397350679789258e-07 
 1.225232346173044497e-07 
-5.2944575128072939691e-05 
-5.2885674351881660341e-05 
 8.803086530444103962e-12 
-8.8437629840245263191e-12 
1.8137409387940854489e-07 
1.2252332216797110164e-07 
-5.2944588584340825403e-05 
-5.2885687729227535796e-05 
9.2134975708945088337e-12 
-9.7030358237071165361e-12 
1.8137273376674820304e-07 
1.2252195133541022186e-07 
-5.2944479035273450684e-05 
-5.2885577914637341417e-05 
7.8513212068187640191e-12 
-7.4525241319815414861e-12 
1.4785348318571893422e-07 
1.0033808155753316386e-07 
-5.2846795676347185517e-05 
-5.2799241305394211993e-05 
7.1525316077121087151e-12 
-7.1213105439913794074e-12 
 1.478545901940493896e-07 
1.0033920189701420145e-07 
-5.2846905051484394718e-05 
-5.2799350895854304687e-05 
7.1419579252563436023e-12 
-7.1282447683572229531e-12 
1.4785449208021392052e-07 
1.0033913029471813039e-07 
-5.2846891627128366874e-05 
-5.2799337535526635738e-05 
7.1362249572530686682e-12 
-7.1362250416228036194e-12 
1.4785448396021822787e-07 
1.0033912276144312854e-07 
-5.2846891643404220152e-05 
-5.2799337551006671069e-05 
7.1282447427898667035e-12 
-7.1419578157378825318e-12 
1.4785449208021677925e-07 
1.0033913029464278416e-07 
-5.2846891627128360098e-05 
-5.2799337535526547646e-05 
7.1213106476334896296e-12 
-7.1525317631578224761e-12 
1.4785459019402323746e-07 
1.0033920189693079518e-07 
-5.2846905051484469257e-05 
-5.2799350895853979426e-05 
7.4525239575599708544e-12 
-7.851321231613273467e-12 
 1.478534831857400571e-07 
1.0033808155751041309e-07 
-5.2846795676347375252e-05 
-5.2799241305394327189e-05 
6.4100303665636278623e-12 
-6.0834527465078359768e-12 
1.2112765961032993914e-07 
8.2372976939087731706e-08 
-5.2767768785612608547e-05 
-5.2728983304500670062e-05 
5.8381006092811521409e-12 
-5.813340588712149462e-12 
 1.211285658488200371e-07 
8.2373895898327300384e-08 
-5.276787802035635646e-05 
-5.2729092715310461772e-05 
5.8295585043526183189e-12 
-5.8188158965080486583e-12 
1.2112848545256362579e-07 
8.2373837149569803716e-08 
-5.2767864622031467124e-05 
-5.272907936926406647e-05 
5.8250897562210153896e-12 
-5.8250897215637277679e-12 
1.2112847873239491056e-07 
8.2373830958996156786e-08 
-5.2767864637819537844e-05 
-5.2729079384482341515e-05 
5.8188158817523372181e-12 
-5.8295585961402844369e-12 
1.2112848545257686068e-07 
8.2373837149616641991e-08 
-5.2767864622031372256e-05 
-5.2729079369264046141e-05 
5.8133405141136107045e-12 
-5.8381004651901304925e-12 
1.2112856584890571978e-07 
8.2373895898398411447e-08 
-5.276787802035608541e-05 
-5.272909271531061085e-05 
6.0834528849141679174e-12 
-6.4100303345895849007e-12 
 1.211276596103369007e-07 
 8.237297693913296856e-08 
-5.2767768785612703415e-05 
-5.2728983304500751377e-05 
5.2709080588963144516e-12 
-5.002174882086271189e-12 
9.9708982640284537003e-08 
6.7849550807256582038e-08 
-5.2703212115813351192e-05 
-5.2671327975176440727e-05 
 4.800135509489617541e-12 
-4.7801178001357743209e-12 
9.9709728444874055499e-08 
6.7850307616890923086e-08 
-5.2703321235808143054e-05 
-5.2671437240132471511e-05 
4.7932173906589528311e-12 
-4.7845339095622670927e-12 
9.9709662230718039279e-08 
6.7850259233331863486e-08 
-5.2703307858699145446e-05 
-5.2671423905974732501e-05 
4.7896176250406564364e-12 
-4.789617685433582287e-12 
9.9709656659071658074e-08 
6.7850254124930712811e-08 
-5.270330787420713964e-05 
-5.2671423921041463187e-05 
4.7845338436587779002e-12 
-4.7932174818057963124e-12 
 9.970966223069027248e-08 
6.7850259233356387737e-08 
-5.2703307858699233537e-05 
-5.2671423905974793487e-05 
 4.780117730137081129e-12 
-4.8001355944473333126e-12 
9.9709728444856638384e-08 
 6.785030761686586944e-08 
-5.270332123580804141e-05 
-5.267143724013249184e-05 
5.0021748215105561945e-12 
-5.2709080391207411418e-12 
9.9708982640307420127e-08 
6.7849550807297491082e-08 
-5.2703212115813439283e-05 
-5.2671327975176677897e-05 
 4.359947039198051268e-12 
-4.1377877261558102018e-12 
8.2452132315356565283e-08 
5.6094626193556630622e-08 
-5.2650075030398444677e-05 
-5.2623697478536454969e-05 
3.9704799932310124821e-12 
-3.954057832436276737e-12 
8.2452749053130201116e-08 
5.6095252024075807701e-08 
-5.2650184055770352521e-05 
-5.2623806623945928312e-05 
3.9648579340414529987e-12 
-3.9576765713471936359e-12 
8.2452694252361997556e-08 
5.6095212013682892594e-08 
-5.2650170696010683538e-05 
-5.2623793299665731879e-05 
 3.961887540010040377e-12 
-3.9618875516328666395e-12 
8.2452689616016120034e-08 
5.6095207778357848719e-08 
-5.2650170711327200852e-05 
-5.2623793314621372501e-05 
3.9576766003453299436e-12 
-3.9648579145083187332e-12 
8.2452694252306940414e-08 
5.6095212013599069419e-08 
-5.2650170696010724196e-05 
-5.2623793299665535368e-05 
3.9540578882553607048e-12 
-3.9704799536880665828e-12 
 8.245274905317950108e-08 
5.6095252024037797098e-08 
-5.2650184055770345745e-05 
-5.2623806623945840221e-05 
4.1377877254827937603e-12 
-4.3599470347066729915e-12 
8.2452132315280213204e-08 
5.6094626193508561502e-08 
-5.2650075030398546321e-05 
-5.2623697478536590494e-05 
3.6245340950510717455e-12 
-3.4400395016683530836e-12 
6.8472667058950492276e-08 
4.6552515816245775477e-08 
-5.2606069043454605784e-05 
-5.2584132489747197232e-05 
3.3009100588788334521e-12 
-3.2871973908466496453e-12 
6.8473179300325266953e-08 
4.6553035398688337777e-08 
-5.2606177990267433272e-05 
-5.2584241536427987469e-05 
 3.296325047075406737e-12 
-3.2902177882447654988e-12 
6.8473133724352083119e-08 
4.6553002163915143167e-08 
-5.2606164644742485004e-05 
-5.2584228220330949235e-05 
3.2938005453630717367e-12 
-3.2938003714609164075e-12 
6.8473129843663025212e-08 
4.6552998630489681743e-08 
-5.2606164659902287671e-05 
-5.2584228235177200633e-05 
3.2902179352333701367e-12 
-3.2963251278907736571e-12 
6.8473133724396909691e-08 
4.6553002163938820385e-08 
-5.2606164644742539214e-05 
-5.2584228220330698513e-05 
3.2871972818150598941e-12 
-3.3009099754309068792e-12 
6.8473179300271070079e-08 
4.6553035398638998108e-08 
-5.2606177990267331628e-05 
-5.2584241536428197534e-05 
 3.440039618342977392e-12 
-3.6245340685122403341e-12 
6.8472667058955945051e-08 
4.6552515816281608941e-08 
-5.2606069043454748086e-05 
-5.2584132489747319205e-05 
3.0261218309833712552e-12 
-2.872164768220979101e-12 
5.7085738900275242953e-08 
3.8775665579540106312e-08 
-5.2569439891913542133e-05 
-5.2551116306313760853e-05 
2.7562398664949054202e-12 
-2.7443989899371456244e-12 
5.7086166006461623019e-08 
3.8776098547637142119e-08 
-5.2569548773119188746e-05 
-5.2551225270901839013e-05 
2.7524910376365998216e-12 
-2.7470062147562096998e-12 
5.7086127902623239714e-08 
3.8776070794246434743e-08 
-5.2569535439271904251e-05 
-5.2551211961498888608e-05 
2.7502188911129659139e-12 
-2.7502188881312593022e-12 
5.7086124621330853003e-08 
3.8776067816072616644e-08 
-5.2569535454267694234e-05 
-5.2551211976188479569e-05 
2.7470063023573988193e-12 
-2.7524907489106061085e-12 
5.7086127902550613257e-08 
 3.877607079423087713e-08 
-5.2569535439271599319e-05 
-5.2551211961499017357e-05 
2.7443992323418829114e-12 
-2.756239837748262311e-12 
5.7086166006533375974e-08 
3.8776098547625078517e-08 
-5.2569548773119364928e-05 
-5.2551225270901710264e-05 
2.8721647306154275212e-12 
-3.0261218377993633325e-12 
5.7085738900300177485e-08 
3.8775665579539973963e-08 
-5.2569439891913745421e-05 
-5.2551116306313882826e-05 
2.5358259156826280688e-12 
-2.4065560412034042591e-12 
4.7759212046684610444e-08 
3.2408062532375614084e-08 
-5.2538820943726271737e-05 
-5.2523458602228158374e-05 
2.3102506574441430053e-12 
-2.2992169724195230819e-12 
4.7759569344562372449e-08 
3.2408424489728606584e-08 
-5.2538929769790452954e-05 
-5.2523567498016087037e-05 
2.3071873553083888406e-12 
-2.301644338013643572e-12 
4.7759537273846340957e-08 
3.2408401136320384234e-08 
-5.2538916445408971709e-05 
-5.2523554193836639739e-05 
2.3048741713173733735e-12 
-2.304874432194966594e-12 
 4.775953444629538908e-08 
3.2408398574877736754e-08 
-5.2538916460166609909e-05 
-5.2523554208220160427e-05 
 2.301644072264589046e-12 
-2.3071875636921758686e-12 
4.7759537273914096975e-08 
3.2408401136398814191e-08 
 -5.25389164454090598e-05 
-5.2523554193836890461e-05 
2.2992167559598251189e-12 
-2.3102509625333226218e-12 
 4.775956934455112941e-08 
3.2408424489715861385e-08 
-5.2538929769790222561e-05 
-5.2523567498015775329e-05 
2.4065557956967081711e-12 
-2.5358259824723718174e-12 
4.7759212046685828053e-08 
3.2408062532332177175e-08 
-5.2538820943726508906e-05 
-5.2523458602228361661e-05 
2.1316619232572691143e-12 
-2.0219388166595595869e-12 
4.0077887427211704812e-08 
2.7168050742877621835e-08 
-5.2513134446134872421e-05 
-5.250021529870556265e-05 
 1.943260238955161833e-12 
-1.9311392911233986174e-12 
4.0078187075739171515e-08 
2.7168354074884742748e-08 
-5.2513243225375289154e-05 
-5.2500324136041760174e-05 
1.9407830621071165598e-12 
-1.9338001382253220626e-12 
 4.007815980400764831e-08 
2.7168334147138711416e-08 
-5.2513229908286565074e-05 
-5.2500310835226639652e-05 
1.9378308678585859959e-12 
-1.9378305645294253874e-12 
4.0078157275116159357e-08 
2.7168331842596911748e-08 
-5.2513229922577989563e-05 
-5.2500310848894776641e-05 
1.9338004440938483917e-12 
-1.9407828589066108671e-12 
4.0078159804058377643e-08 
2.7168334147126972069e-08 
-5.2513229908286836124e-05 
-5.2500310835226700638e-05 
1.9311394875267935996e-12 
-1.9432598819482115973e-12 
4.0078187075799019686e-08 
 2.716835407490695751e-08 
-5.251324322537507909e-05 
-5.250032413604171274e-05 
2.0219391281852860046e-12 
-2.1316618489876982285e-12 
4.0077887427220201612e-08 
2.7168050742916608512e-08 
-5.2513134446135231563e-05 
-5.2500215298705664294e-05 
1.7967822888802749003e-12 
-1.7012580774054840973e-12 
3.3716263347223570948e-08 
2.2833067778040606473e-08 
-5.2491522379510927336e-05 
-5.2480631411977403172e-05 
1.6408559519526378106e-12 
-1.623390252903489733e-12 
3.3716514973965090101e-08 
2.2833322216618349856e-08 
-5.2491631118019569291e-05 
-5.2480740197965352126e-05 
1.6389319343270396508e-12 
-1.627217080799261629e-12 
3.3716491363350925951e-08 
 2.283330467789542742e-08 
-5.2491617805446391404e-05 
-5.248072689722885659e-05 
1.6339086058961565851e-12 
-1.6339087851456223977e-12 
3.3716488945787187481e-08 
2.2833302390603430562e-08 
-5.2491617818642927553e-05 
 -5.24807269090772551e-05 
1.6272169059190813458e-12 
-1.6389320742356822374e-12 
3.3716491363340377744e-08 
2.2833304677901647818e-08 
-5.2491617805446330418e-05 
 -5.24807268972289108e-05 
1.6233900949390927959e-12 
-1.6408562187221420029e-12 
3.3716514973983374101e-08 
2.2833322216604757624e-08 
-5.2491631118019664159e-05 
-5.2480740197965114956e-05 
 1.701257834049942682e-12 
-1.7967823420035839162e-12 
3.3716263347305839023e-08 
2.2833067778084413958e-08 
-5.2491522379511096742e-05 
-5.2480631411977559026e-05 
1.5184603634503321562e-12 
-1.429506354619449451e-12 
2.8417817614217254312e-08 
1.9226980528849028433e-08 
-5.247329652690383144e-05 
-5.2464099188066496879e-05 
1.3939870769357526086e-12 
-1.3603537627778885656e-12 
2.8418028802932285136e-08 
1.9227193415091357214e-08 
-5.2473405227538052456e-05 
-5.2464207924587193165e-05 
1.3926871898834472119e-12 
-1.3677319646134292906e-12 
2.8418007751601863463e-08 
1.9227176830132162289e-08 
-5.2473391914450271561e-05 
-5.2464194616331830102e-05 
1.3818772982928565547e-12 
-1.3818772341023697555e-12 
2.8418005226739276797e-08 
 1.922717410947812824e-08 
-5.2473391924836413377e-05 
-5.2464194623336467315e-05 
1.3677319450255068303e-12 
-1.3926873456388962894e-12 
2.8418007751527959838e-08 
1.9227176830114566503e-08 
-5.2473391914450163141e-05 
-5.2464194616331769115e-05 
1.3603536039905628374e-12 
-1.3939870659944549123e-12 
2.8418028803014950258e-08 
1.9227193415162501364e-08 
-5.2473405227537896602e-05 
-5.2464207924587199941e-05 
1.4295063775056986641e-12 
-1.5184603479565742671e-12 
2.8417817614169287762e-08 
1.9226980528874316998e-08 
-5.2473296526904068609e-05 
-5.2464099188066957665e-05 
1.2879505267588168902e-12 
-1.1900375151929866748e-12 
2.3979243253515859859e-08 
1.6209938434638784828e-08 
-5.2457901552570624271e-05 
-5.2450126807801388733e-05 
1.2018747308159302205e-12 
-1.1226486305173717103e-12 
2.3979420138001953609e-08 
1.6210114440830522736e-08 
-5.2458010211282562313e-05 
-5.2450235484480033999e-05 
1.2013473626243893218e-12 
-1.1402020870151628281e-12 
2.3979400871699980321e-08 
1.6210096191239857998e-08 
-5.2457996885744576164e-05 
-5.245022214830059675e-05 
1.1746092141160032789e-12 
-1.1746094149886076528e-12 
2.3979398207311578867e-08 
 1.621009208600514841e-08 
-5.2457996888608672385e-05 
-5.2450222142159241964e-05 
1.1402019283583242356e-12 
-1.2013473412776932692e-12 
 2.397940087178070984e-08 
1.6210096191279470024e-08 
-5.2457996885744338994e-05 
-5.2450222148300454448e-05 
1.1226487529624170596e-12 
-1.2018744804505391964e-12 
 2.397942013793386341e-08 
1.6210114440764295348e-08 
-5.2458010211282724944e-05 
-5.2450235484480366036e-05 
1.1900377514821531266e-12 
-1.287950479114607051e-12 
2.3979243253533869235e-08 
1.6209938434655480642e-08 
-5.2457901552570827559e-05 
-5.2450126807801388733e-05 
1.1025832273320456804e-12 
-9.5509235836127680189e-13 
2.0238427919904825649e-08 
1.3670393786410225679e-08 
-5.2444887209167509684e-05 
-5.2438314644654381285e-05 
1.0829421522725392444e-12 
-8.7355843185832264658e-13 
2.0238577068842517689e-08 
1.3670533339157250124e-08 
-5.2444995802973068031e-05 
-5.2438423216563189268e-05 
1.0830829304070196938e-12 
-9.2216590273609410348e-13 
2.0238561458787596357e-08 
1.3670507302982418459e-08 
-5.2444982431623962226e-05 
-5.2438409790177250354e-05 
1.0106754335159361599e-12 
-1.0106752157003881988e-12 
2.0238560330015824045e-08 
1.3670499846947902733e-08 
-5.2444982414647043495e-05 
-5.2438409750941213788e-05 
9.2216621020943301393e-13 
-1.0830824234115281251e-12 
2.0238561458706982644e-08 
1.3670507302892942332e-08 
-5.2444982431624104528e-05 
-5.2438409790177473971e-05 
8.7355890803011311575e-13 
-1.082941959784649736e-12 
2.0238577068920226344e-08 
1.3670533339162138761e-08 
-5.2444995802973284871e-05 
-5.2438423216563155387e-05 
9.5509245287093218676e-13 
-1.1025831826664669808e-12 
2.0238427919927185996e-08 
1.3670393786350604155e-08 
-5.2444887209167557118e-05 
-5.2438314644654096682e-05 
9.3634868653627520681e-13 
-6.6730339233838764258e-13 
1.7065184539428889235e-08 
1.1518940108144529046e-08 
-5.2433887182504304624e-05 
-5.2428337333531293554e-05 
1.1371824601479167901e-12 
-5.0331257709851407301e-13 
 1.706531610463067366e-08 
1.1519028599739925778e-08 
-5.2433995622945013667e-05 
-5.2428445572498500815e-05 
 1.105892808253203091e-12 
-6.7969854343742972096e-13 
1.7065328234369479862e-08 
1.1518973502482352743e-08 
-5.2433982096937713788e-05 
-5.2428431841009105567e-05 
8.9081539009744849935e-13 
-8.9081553818126046316e-13 
1.7065337481995246978e-08 
1.1518961077077175452e-08 
-5.2433982041763044701e-05 
-5.2428431768814881498e-05 
6.7969828055586817711e-13 
-1.105893397175123672e-12 
1.7065328234405773239e-08 
1.1518973502513299224e-08 
-5.2433982096938059377e-05 
-5.2428431841009024252e-05 
5.0331195412075331637e-13 
-1.1371829596311309423e-12 
1.7065316104594059337e-08 
1.1519028599667026351e-08 
-5.2433995622944891695e-05 
-5.2428445572498338185e-05 
6.6730302470112427987e-13 
-9.3634878843724031561e-13 
1.7065184539437316551e-08 
1.1518940108104974924e-08 
-5.2433887182504243637e-05 
-5.2428337333531456184e-05 
2.8337343373459848291e-12 
1.4565193674138205595e-12 
1.4353696349916328041e-08 
9.6831061643150483906e-09 
-5.242460304053268242e-05 
-5.2419930760602543619e-05 
2.3397637552193176752e-12 
1.7839895237756535269e-13 
1.4354182632460333428e-08 
9.6829606625044442692e-09 
-5.2424710559436225768e-05 
-5.2420035674440496097e-05 
1.2944590397112336823e-12 
-4.6829967089109465841e-13 
1.4354354512075915001e-08 
9.6828172716401832522e-09 
-5.2424696749108662972e-05 
-5.2420021815386712489e-05 
8.2611526959068723705e-13 
-8.2611512215251609561e-13 
1.4354383368249615651e-08 
9.6828042919799134418e-09 
-5.2424696693658498112e-05 
-5.2420021820581125097e-05 
4.6829984120705812116e-13 
-1.2944587398519309536e-12 
1.4354354512095558886e-08 
9.6828172716636007354e-09 
-5.2424696749108446131e-05 
-5.2420021815386814133e-05 
-1.7839866294640041974e-13 
-2.3397634811226617532e-12 
1.4354182632573804411e-08 
9.6829606625630682136e-09 
-5.2424710559436307083e-05 
-5.2420035674440523202e-05 
-1.4565191596319800929e-12 
-2.8337342763054795526e-12 
1.4353696349900389925e-08 
9.6831061643392682389e-09 
-5.2424603040532858603e-05 
-5.2419930760602597829e-05 
7.3421905332454458622e-11 
-1.4709161690093907524e-10 
6.1587671813598207303e-07 
-1.4694994709414646863e-06 
9.6914249237405264772e-05 
  9.88460492353198907e-05 
-1.6383668881959298895e-10 
-7.0304589829582833961e-11 
 6.157840457761626879e-07 
-1.469476681450723891e-06 
9.6913917858727972226e-05 
9.8845477419708116518e-05 
-6.739199987755182426e-11 
-5.1728295300997050041e-12 
6.1578987478011988879e-07 
-1.4694812109745769406e-06 
9.6913860682334618713e-05 
9.8845469144507049053e-05 
-2.6184507950689154439e-11 
2.6184507893580792356e-11 
6.1578874825049987775e-07 
-1.469478515624669183e-06 
9.6913860163624977501e-05 
9.8845474287294056394e-05 
5.1728293737577353949e-12 
6.7391999579224431753e-11 
6.1578987478010421868e-07 
-1.4694812109746355976e-06 
9.6913860682334456082e-05 
9.8845469144507238789e-05 
7.0304589567684772899e-11 
1.6383668870034888074e-10 
6.1578404577615707631e-07 
-1.4694766814507162677e-06 
  9.69139178587278367e-05 
9.8845477419707994545e-05 
1.4709161686183033777e-10 
-7.3421905339535822599e-11 
6.1587671813607376435e-07 
-1.4694994709414496515e-06 
9.6914249237405739111e-05 
9.8846049235320324381e-05 
3.8247943804280154867e-11 
-6.8253979290178551715e-11 
-1.2096617515107880709e-07 
-1.1577813211807611283e-06 
9.9960048074840588501e-05 
0.00010100015625240172572 
2.0419432766292966362e-11 
-7.7282797179500592998e-11 
-1.2098652934242273911e-07 
-1.1577738723441825609e-06 
9.9959360211593256186e-05 
0.00010099948525331764394 
1.7160566172806837301e-11 
-6.0143404436683675847e-11 
-1.2098800504614557687e-07 
-1.157773852259591002e-06 
 9.995934020647827354e-05 
0.00010099944783823897249 
3.9202982074839935118e-11 
-3.9202982072630044563e-11 
-1.2098862065879043314e-07 
-1.1577726999147558986e-06 
9.9959348047293266259e-05 
  0.000100999455200618125 
6.0143404557645398748e-11 
-1.7160565719006493042e-11 
-1.2098800504617294662e-07 
-1.1577738522595973547e-06 
9.9959340206478097357e-05 
0.00010099944783823826776 
7.7282797798310880806e-11 
-2.0419432198710739677e-11 
-1.2098652934244905007e-07 
-1.1577738723442041603e-06 
9.9959360211593161318e-05 
0.00010099948525331733224 
 6.825397972259028008e-11 
-3.8247943603138651968e-11 
-1.2096617515111824707e-07 
-1.1577813211807880216e-06 
9.9960048074841239022e-05 
0.00010100015625240253887 
2.0252118232069126033e-11 
-3.1505898761458043406e-11 
-1.3956855065338931015e-07 
-6.5436444410902067578e-07 
0.00010155521410060658696 
0.00010207123573293754341 
1.3696849766011487127e-11 
-3.4219913257641248121e-11 
-1.3958095579306313776e-07 
-6.5435869510642558232e-07 
0.00010155453935366713983 
0.00010207055128681904142 
1.1306634696673575708e-11 
-2.911225189436071027e-11 
-1.3958119011964643325e-07 
  -6.5435990657454231e-07 
0.00010155449329699794633 
0.00010207049778556121476 
1.9416425503978900833e-11 
-1.9416425504265573845e-11 
-1.3958153413124152399e-07 
-6.5435967110270980108e-07 
0.00010155449935097098373 
0.00010207050165051044185 
2.9112251876422652452e-11 
-1.1306634996373540348e-11 
-1.3958119011958960264e-07 
-6.5435990657444585412e-07 
0.00010155449329699771594 
0.00010207049778556122831 
3.4219912804567898685e-11 
-1.3696850414584082342e-11 
-1.3958095579304807646e-07 
-6.543586951064084299e-07 
0.00010155453935366705852 
0.00010207055128681902787 
3.1505898126743954625e-11 
-2.0252118429607023055e-11 
-1.3956855065339108362e-07 
-6.5436444410903560474e-07 
0.00010155521410060748143 
0.00010207123573293794998 
8.3980199468789980376e-12 
-1.2853834388477204112e-11 
-4.3377027006628288158e-08 
-2.5721068091107222805e-07 
0.00010233323383708594961 
0.00010254760910238108762 
5.7110157886709501156e-12 
-1.3965220460597590822e-11 
-4.3381971603775512214e-08 
-2.5720861202554604309e-07 
0.00010233254701224331752 
 0.0001025469184594040076 
4.6999583616713180651e-12 
-1.1977443757341372984e-11 
-4.3382124565568607962e-08 
-2.5720925000037983219e-07 
0.00010233249088794526454 
0.00010254685944142916067 
 7.944777663444697071e-12 
-7.9447773584452382782e-12 
-4.3382294491185312455e-08 
-2.5720924010875374399e-07 
0.00010233249360722986021 
0.00010254686117366539554 
1.1977443940264025789e-11 
-4.6999583608658638684e-12 
-4.3382124565621170327e-08 
-2.5720925000046374139e-07 
0.00010233249088794499349 
0.00010254685944142922843 
1.3965220405306849892e-11 
-5.7110155660585640108e-12 
-4.3381971603774096081e-08 
-2.5720861202554011386e-07 
0.00010233254701224353436 
0.00010254691845940376365 
1.2853834638631712547e-11 
-8.3980199468373950533e-12 
-4.337702700661478857e-08 
-2.5721068091109965074e-07 
0.00010233323383708605803 
0.00010254760910238165683 
-9.6172509404059462551e-13 
-5.4041015136038909349e-13 
8.7849573802778621072e-08 
8.9604332681481111583e-08 
0.00010262337401253754409 
0.00010262177711851518743 
-2.9416080150965309363e-12 
-1.0125416779398550317e-12 
8.7850981399774332891e-08 
8.9602973809294393237e-08 
0.00010262268259256342639 
0.00010262108496596098969 
-2.6501810845741597292e-12 
-1.6930257364300992004e-13 
8.7850650291201243105e-08 
8.9602909976607414478e-08 
0.00010262262251972369804 
0.00010262102396090910881 
-1.4110192931331257929e-12 
1.4110192096389417291e-12 
8.7850554873687215014e-08 
8.9602866844129876178e-08 
0.00010262262376246735829 
0.00010262102480760561458 
1.6930258026998938464e-13 
2.6501811592676004982e-12 
 8.785065029121262511e-08 
8.9602909976647860302e-08 
0.00010262262251972377935 
0.00010262102396090921723 
1.0125417688078833127e-12 
 2.941607987288186907e-12 
 8.785098139975706136e-08 
8.9602973809295849075e-08 
0.00010262268259256330442 
0.00010262108496596096259 
5.4041005300262689501e-13 
9.6172504590504434926e-13 
8.7849573802820006573e-08 
8.9604332681504643217e-08 
0.00010262337401253797777 
0.00010262177711851544492 
-9.4846953328945530928e-12 
9.5317526538008855915e-12 
2.3543858045878407333e-07 
 4.234551010510316421e-07 
0.00010255188236701998647 
0.00010236375646331503865 
-1.1978668823842003706e-11 
9.2825391178859999978e-12 
2.3544599698815063622e-07 
4.2345029415335611355e-07 
 0.0001025511901670644562 
 0.0001023630656513114227 
-1.0433890392264970995e-11 
9.6842996831480913869e-12 
2.3544535972363610911e-07 
4.2345077053676190398e-07 
0.00010255112861619808309 
0.00010236300419457702718 
-1.013158220650192112e-11 
1.0131582269390734414e-11 
2.3544528565070283638e-07 
4.2345070270746595418e-07 
 0.0001025511292748011922 
  0.000102363004712763839 
-9.6842996777969307573e-12 
1.0433890468356619225e-11 
2.3544535972363134455e-07 
  4.23450770536767145e-07 
0.00010255112861619819151 
0.00010236300419457705429 
-9.2825390713530224932e-12 
1.1978668777859287102e-11 
 2.354459969881312074e-07 
4.2345029415337188954e-07 
0.00010255119016706440199 
0.00010236306565131136849 
-9.5317527244542397317e-12 
 9.484695287454114772e-12 
2.3543858045882287803e-07 
4.2345510105113021556e-07 
0.00010255188236702054213 
0.00010236375646331536391 
-1.8373429651257977928e-11 
1.9512169128237665645e-11 
3.9485409665862306845e-07 
7.7354474699330419591e-07 
0.00010215695386953114793 
0.00010177789034683704008 
-2.1874132188850744606e-11 
1.9312630784699080339e-11 
3.9486776163547351746e-07 
7.7353628093734231185e-07 
0.00010215626344850509263 
0.00010177720322080093028 
-1.9023921978895392942e-11 
  1.95157783244771113e-11 
3.9486674134364393838e-07 
7.7353730445920820966e-07 
 0.0001021562015633556761 
 0.0001017771421729209765 
-1.9294776232477275464e-11 
1.9294776094329243594e-11 
3.9486666409573045617e-07 
 7.735372088991650328e-07 
 0.0001021562020325216826 
0.00010177714263436109384 
-1.9515778318973736513e-11 
1.9023922148496831895e-11 
3.9486674134358316376e-07 
7.7353730445915283488e-07 
0.00010215620156335545926 
0.00010177714217292040729 
-1.9312630622905218242e-11 
2.1874132190215899578e-11 
3.9486776163551359271e-07 
7.7353628093746904916e-07 
0.00010215626344850522816 
0.00010177720322080094383 
-1.9512169169634177895e-11 
1.8373429630475365537e-11 
3.9485409665863953266e-07 
7.7354474699327920844e-07 
0.00010215695386953163582 
0.00010177789034683724337 
-2.8867609974288999897e-11 
3.1129160475765440224e-11 
5.6455671122239787196e-07 
1.1701854364430434809e-06 
0.00010141949433143408927 
0.00010081313329546087634 
-3.3543554570516302022e-11 
3.0900250010294437336e-11 
5.6457743582249467084e-07 
1.1701728893609434499e-06 
0.00010141880793744048497 
0.00010081245236634033295 
-2.9211768349598652506e-11 
3.0927448118522668087e-11 
5.6457596478004970188e-07 
1.1701745368580096395e-06 
0.00010141874644702267912 
0.00010081239252381578829 
-3.0054512825284019162e-11 
3.0054512888795373109e-11 
5.6457587516531225295e-07 
 1.170174399564592165e-06 
 0.0001014187469524507353 
0.00010081239314641635152 
-3.0927448230412908005e-11 
2.9211768220311001311e-11 
5.6457596478002916133e-07 
 1.170174536857996087e-06 
0.00010141874644702238097 
 0.0001008123925238155579 
-3.0900250085809455054e-11 
3.3543554694972106916e-11 
 5.645774358224456488e-07 
1.1701728893608875457e-06 
0.00010141880793744066115 
0.00010081245236634049558 
-3.1129160313937208127e-11 
2.8867610021454583162e-11 
5.6455671122243778839e-07 
1.1701854364430663507e-06 
0.00010141949433143429256 
0.00010081313329546131002 
-4.2828546040810839108e-11 
4.6677109648211206793e-11 
7.3959743725030712867e-07 
1.6548176521377363421e-06 
0.00010026052087313572583 
9.9343941560634351612e-05 
-4.8564756574964768886e-11 
4.6398533888822127066e-11 
7.3962677665419469106e-07 
1.6548003412425693656e-06 
0.00010025984098488568367 
9.9343270063419327962e-05 
-4.2386792765815577137e-11 
4.6077726285695048761e-11 
7.3962477631935351208e-07 
1.6548027880094909745e-06 
0.00010025978070020971015 
9.9343212683692151146e-05 
-4.4143504654215138854e-11 
4.4143504579481393224e-11 
7.3962467608545453006e-07 
1.6548025774525179808e-06 
0.00010025978149477674547 
9.9343213827457287459e-05 
-4.6077726373944944987e-11 
4.2386792648892886695e-11 
7.3962477631938929922e-07 
 1.654802788009548361e-06 
  0.000100259780700209412 
 9.934321268369185299e-05 
-4.6398533983630382939e-11 
4.8564756527153632545e-11 
7.3962677665419564397e-07 
1.6548003412426316225e-06 
0.00010025984098488579209 
9.9343270063419219541e-05 
-4.6677109734310821166e-11 
4.2828545905417567479e-11 
7.3959743725034069235e-07 
1.6548176521377581532e-06 
0.00010026052087313580715 
9.9343941560634893713e-05 
-6.3816767667007782515e-11 
 7.046570470668891405e-11 
9.0193553209681219346e-07 
2.2995950233217147831e-06 
 9.850607760568417593e-05 
9.7105740875170755378e-05 
-6.9988768124386892145e-11 
7.0243231837501647516e-11 
9.0197629009253757795e-07 
2.2995718628526620853e-06 
9.8505407416238176645e-05 
9.7105083507801516897e-05 
-6.1178122483836400567e-11 
6.9039408492747027649e-11 
9.0197366623110264958e-07 
2.2995754428185603962e-06 
 9.850534983071376077e-05 
9.7105031399600827977e-05 
-6.4853565584428471358e-11 
 6.485356538382431274e-11 
9.0197356826570168416e-07 
2.2995750661923831498e-06 
9.8505351421788431331e-05 
9.7105033874464579953e-05 
-6.9039408655707618307e-11 
6.1178122384196912316e-11 
9.0197366623108719123e-07 
2.2995754428185155035e-06 
9.8505349830713299984e-05 
9.7105031399600448506e-05 
-7.024323190693063864e-11 
6.9988768113557999327e-11 
9.0197629009245245114e-07 
2.2995718628525748409e-06 
 9.850540741623814954e-05 
9.7105083507801449134e-05 
-7.0465704696829541534e-11 
6.3816767675207791948e-11 
9.0193553209686672121e-07 
2.2995950233217389236e-06 
9.8506077605684392771e-05 
9.7105740875171270374e-05 
-1.0355188794532231278e-10 
1.1384290412549221758e-10 
9.9382012113844769754e-07 
3.2650503787154672096e-06 
9.5783881487630705641e-05 
9.3506038889108319067e-05 
-1.0645994830568428095e-10 
1.1525964054193840005e-10 
9.9387656200930108263e-07 
3.2650211466722598992e-06 
9.5783224591365742542e-05 
9.3505397722673093972e-05 
-9.3460351629934272737e-11 
  1.11162739231329839e-10 
9.9387321261498609748e-07 
3.2650262996209216077e-06 
9.5783173582725397114e-05 
9.3505358813341689361e-05 
-1.0195424246326764641e-10 
1.0195424298032573621e-10 
9.9387310749036059439e-07 
3.2650254317150903115e-06 
9.5783176989308789224e-05 
9.3505363844297823364e-05 
-1.1116273884739508214e-10 
9.3460351726431172594e-11 
9.9387321261500663803e-07 
 3.265026299620955489e-06 
9.5783173582725193826e-05 
9.3505358813341716466e-05 
-1.152596404201780472e-10 
1.0645994865042954685e-10 
 9.938765620093144234e-07 
3.2650211466722827691e-06 
9.5783224591365539254e-05 
9.3505397722672673843e-05 
-1.1384290371928758727e-10 
1.0355188795884055072e-10 
9.9382012113850762512e-07 
3.2650503787154841503e-06 
9.5783881487631030902e-05 
9.3506038889109294849e-05 
-1.0405876834920688439e-10 
1.5309760185243376258e-10 
 8.444863573962854036e-07 
5.0103984820341952743e-06 
 9.120679156751876045e-05 
 8.704249303091193856e-05 
-1.0244424021426705188e-10 
1.4531083043328001064e-10 
8.4456929261276472804e-07 
5.0103551387386195315e-06 
9.1206160663876456617e-05 
8.7041907966381708989e-05 
-9.0871969769246315077e-11 
1.2977181840459092768e-10 
8.4456657039260739112e-07 
5.0103657075897167617e-06 
9.1206124346474611985e-05 
8.7041897985478194834e-05 
-1.1158880003749527449e-10 
1.1158879983191302663e-10 
8.4456642136379724838e-07 
5.0103635243006837313e-06 
9.1206130043350430833e-05 
8.7041903559689304346e-05 
-1.2977181848516170561e-10 
9.0871969921815126171e-11 
8.4456657039254449892e-07 
5.0103657075897049033e-06 
9.1206124346474761063e-05 
8.7041897985477883126e-05 
-1.453108303505780277e-10 
1.0244423986936516451e-10 
8.4456929261280845612e-07 
5.0103551387387559038e-06 
9.1206160663876185567e-05 
8.7041907966381641226e-05 
-1.5309760225817735602e-10 
1.0405876820425847469e-10 
 8.444863573962899564e-07 
5.0103984820342427082e-06 
9.1206791567519492287e-05 
  8.70424930309121554e-05 
-3.393729150791229857e-09 
 3.499295518760716354e-09 
-1.556363419868030268e-06 
1.1471570745123585986e-05 
 8.137971411719843414e-05 
6.7591439394716423079e-05 
-3.2843412443400772893e-09 
3.3901876024945843197e-09 
-1.5561054169510326819e-06 
1.1471472524387704822e-05 
8.1379190718196601053e-05 
6.7591203849415778799e-05 
-3.2923214092089625636e-09 
 3.353277512005826232e-09 
-1.5561208569792773116e-06 
1.1471493147345686859e-05 
8.1379174541812584033e-05 
6.7591192175839149799e-05 
-3.3273328124123571055e-09 
3.3273328124171638521e-09 
-1.5561205125362719031e-06 
 1.147148952512049827e-05 
8.1379178685016986101e-05 
6.7591191809232190708e-05 
-3.3532775121090207357e-09 
3.2923214089971604863e-09 
-1.556120856979422366e-06 
1.1471493147345554722e-05 
8.1379174541812218115e-05 
6.7591192175838932959e-05 
-3.3901876027083182774e-09 
3.2843412442628723869e-09 
-1.5561054169509803776e-06 
 1.147147252438774548e-05 
8.1379190718196601053e-05 
6.7591203849415358671e-05 
-3.4992955187998258669e-09 
  3.39372915074555253e-09 
-1.5563634198679131657e-06 
1.1471570745123689324e-05 
8.1379714117198610323e-05 
6.7591439394716395974e-05 
6.1623292089682277857e-05 
7.2309570574662348293e-05 
-1.9193340598463531788e-06 
-1.2452913536165190694e-05 
6.6129474641904207339e-09 
-6.3993285873125859277e-09 
8.0362751916018964628e-05 
9.1949479161580391622e-05 
-2.4610582364033962081e-06 
-1.3915805006976883498e-05 
-5.5859202855132275283e-09 
4.6495840954162250088e-09 
6.1623994519119254607e-05 
7.2309426065316967434e-05 
-1.9193319426912204148e-06 
-1.2452821194200972997e-05 
6.1924519803337365482e-09 
-6.3026117972574567973e-09 
 8.036275651658344153e-05 
9.1950279433883461058e-05 
-2.461032048703791655e-06 
-1.3915797385490076289e-05 
-4.6437188654529107267e-09 
4.6086159334055104603e-09 
6.1623926388328464205e-05 
7.2309392064176387081e-05 
-1.919337163396010573e-06 
-1.2452796868806758739e-05 
 6.256964553930121696e-09 
-6.274417946772242504e-09 
8.0362727150925844424e-05 
9.1950199248824564507e-05 
-2.4610332342142018081e-06 
-1.3915797841207261265e-05 
-4.6684216476958797217e-09 
4.6249641228550278138e-09 
6.1623920291767192979e-05 
7.2309385458608663958e-05 
-1.9193378409222363766e-06 
-1.2452796337998414005e-05 
 6.265858344219335146e-09 
-6.2658583443842675156e-09 
8.0362721037656733116e-05 
 9.195019586985440582e-05 
-2.4610340228992806792e-06 
-1.3915796171058244959e-05 
-4.6441240561841254415e-09 
4.6441240563151045284e-09 
 6.162392638832832868e-05 
7.2309392064176292213e-05 
-1.919337163395958904e-06 
-1.2452796868806694365e-05 
6.2744179466785047426e-09 
-6.2569645539851796647e-09 
8.0362727150925681793e-05 
 9.195019924882484911e-05 
-2.4610332342142280662e-06 
-1.3915797841207291758e-05 
-4.6249641228378092222e-09 
4.6684216476165655087e-09 
6.1623994519119186845e-05 
7.2309426065317062302e-05 
-1.9193319426912873304e-06 
-1.2452821194201045842e-05 
6.3026117971637992725e-09 
-6.1924519804460742929e-09 
8.0362756516583197584e-05 
9.1950279433883515268e-05 
-2.4610320487037814906e-06 
-1.3915797385490027161e-05 
-4.6086159334881400132e-09 
4.6437188653233337109e-09 
6.1623292089682277857e-05 
7.2309570574662131452e-05 
-1.9193340598463417438e-06 
-1.2452913536165122931e-05 
6.3993285872310954025e-09 
-6.6129474641567065065e-09 
8.0362751916018801998e-05 
9.1949479161579578471e-05 
-2.4610582364034309364e-06 
-1.3915805006976883498e-05 
-4.6495840954893337129e-09 
5.5859202854744534371e-09 
-5.2416815474530906876e-05 
-5.2412935067873051595e-05 
1.1907858583097615774e-08 
8.0287169471337681215e-09 
2.7827945736163654527e-12 
1.5468568723073634753e-12 
-5.2410334153179635361e-05 
-5.2407096534849973411e-05 
9.9209658970022121088e-09 
6.6853067300498943532e-09 
5.5708074381748651817e-13 
-3.0922781343263072744e-13 
-5.240493807301024301e-05 
-5.2402267495809842334e-05 
 8.174908357854712029e-09 
  5.50609347266228691e-09 
4.6272784049191576126e-13 
-3.4873845833142432022e-13 
-5.2400500627076706292e-05 
-5.2398334909521348504e-05 
 6.623498907906466288e-09 
4.4592340284043752972e-09 
3.6430962183353618185e-13 
-3.2140285695308782587e-13 
-5.2396918632289246902e-05 
-5.2395207738921939597e-05 
 5.226988833409542035e-09 
3.5172592021391209772e-09 
2.8169583146352217321e-13 
-2.7653217880508951152e-13 
-5.2394109305464243217e-05 
-5.2392813406739257936e-05 
3.9512672698547898735e-09 
 2.656269554852287207e-09 
2.1993680331712510925e-13 
-2.1166970343113318944e-13 
-5.2392006650993912882e-05 
-5.2391094086805824442e-05 
2.7675281427076270936e-09 
1.8543347497139748102e-09 
-3.0782310803196195883e-14 
4.4483485972474327405e-13 
-5.2390550350320876398e-05 
-5.2389961199219009914e-05 
1.6630274227570584111e-09 
1.0821551663315411524e-09 
1.3056159962903941166e-11 
-1.1901205176108324254e-11 
-5.2389324080022687884e-05 
-5.2389300115007019886e-05 
5.5093779826313441961e-10 
3.8775664326973493306e-10 
3.2464772646733028285e-11 
8.9705401949601153285e-11 
-5.241691012113269463e-05 
-5.2413027256252885989e-05 
1.1908336658638889461e-08 
8.0285507461814366964e-09 
2.1949489196030676038e-12 
2.8044985254626654537e-13 
-5.2410425645551419571e-05 
-5.2407187810376247702e-05 
9.9210442179599663096e-09 
6.6853400629346000877e-09 
7.9056362371795001029e-13 
-1.6467240822865022493e-13 
-5.2405029243807520558e-05 
-5.2402358629286760136e-05 
8.1749676108463065293e-09 
5.5061417654742136257e-09 
 4.946739256526928556e-13 
-2.9799932879373110504e-13 
-5.2400591719769577218e-05 
-5.2398425999118131049e-05 
6.6235465382564255231e-09 
4.4592796227937900015e-09 
3.4922377188908252444e-13 
-3.0080376709853269053e-13 
-5.2397009701508680008e-05 
-5.2395298812222445206e-05 
5.2270265434228135957e-09 
 3.517297835572101082e-09 
2.4210700300736077244e-13 
-2.8392181672226483046e-13 
-5.2394200347404844731e-05 
-5.2392904402797196004e-05 
3.9512907391579569151e-09 
2.6562926741424384501e-09 
1.5435016176645764295e-13 
-3.1259595726267630825e-13 
-5.2392096978090775723e-05 
-5.2391180845086803735e-05 
2.7679214675355868239e-09 
1.8539307335863912368e-09 
5.4054180630993148669e-13 
-9.4583274164803953981e-13 
-5.2390636787787422187e-05 
-5.2390041428216182063e-05 
1.6623563908598102854e-09 
1.0796196999974547113e-09 
-4.6856346776279325817e-12 
6.7829403232371585212e-12 
-5.2389479280674612432e-05 
-5.2389394416974398197e-05 
5.7694781824412062096e-10 
4.3277705112191454548e-10 
-2.2560027370405283731e-10 
2.0014660786571835086e-10 
-5.2416897065336104584e-05 
-5.2413014153403066845e-05 
1.1908505960746505332e-08 
8.0284115736363109475e-09 
1.1674259030309766278e-12 
-3.5516537840959793988e-13 
-5.241041246665389822e-05 
-5.2407174426611847953e-05 
9.9210616342491185355e-09 
6.6852891517127447884e-09 
7.5791038060134183303e-13 
-3.3921515265628113672e-13 
-5.2405015764883963291e-05 
-5.2402345092654258637e-05 
8.1749612417890351291e-09 
5.5061227107642932576e-09 
4.9507678763450026455e-13 
-3.4406114826277365234e-13 
-5.2400578155852192924e-05 
-5.2398412425435419103e-05 
6.6235408607539422128e-09 
4.4592725360652215513e-09 
3.4747961577020006559e-13 
-3.123853644062524573e-13 
-5.2396996128655694432e-05 
-5.2395285261643593665e-05 
5.2270242408862031299e-09 
3.5172990228596072398e-09 
2.2847612257476509638e-13 
-2.7976240452403594007e-13 
-5.239418684162242836e-05 
-5.2392891018169086923e-05 
 3.951291346853438375e-09 
2.6563057737138600847e-09 
5.2408677338496143131e-14 
-3.0794062727612317064e-13 
-5.2392084034336918895e-05 
-5.2391169027650702061e-05 
2.7678603674455357684e-09 
1.8540240386224526778e-09 
-3.8085798622895197284e-13 
-7.7574995529337296885e-13 
-5.2390626893613136161e-05 
-5.2390037914435850911e-05 
1.6605555234485161815e-09 
 1.080086672656203912e-09 
-1.1959890234645776117e-11 
8.1163360763552068772e-12 
-5.2389476678151645063e-05 
-5.238938477832317934e-05 
5.7390111936376273939e-10 
4.3261532794219423319e-10 
-2.0647165721198248577e-10 
2.1466778039316380962e-10 
-5.2416897097824222682e-05 
-5.2413014244768811026e-05 
1.1908534461217476316e-08 
8.0283989723155228315e-09 
7.0735441290608654285e-13 
-7.0735427896067027639e-13 
-5.2410412574564709854e-05 
-5.2407174518560682838e-05 
9.9210714512439791326e-09 
6.6852774526552984775e-09 
5.4610692439059813445e-13 
-5.4610688244071094122e-13 
-5.2405015841803621543e-05 
-5.2402345148943352032e-05 
8.1749613744760763002e-09 
5.5061164650688109601e-09 
4.2674973624922160342e-13 
-4.2674989922264981684e-13 
-5.2400578203446215289e-05 
-5.2398412468926176702e-05 
 6.623540344039095971e-09 
4.4592707870763169434e-09 
3.3136079319394360283e-13 
-3.3136065494543145252e-13 
-5.2396996176410890226e-05 
 -5.23952853265871886e-05 
5.2270254307709691436e-09 
 3.517301707993803509e-09 
2.4629061746162111846e-13 
-2.4629066404842630071e-13 
 -5.23941869442116708e-05 
-5.2392891218464603044e-05 
3.9512910693045006685e-09 
2.6563195908668060981e-09 
 1.389611350672101408e-13 
-1.3896128879206712972e-13 
-5.2392084353754147835e-05 
-5.2391169610627755194e-05 
 2.767814521399109059e-09 
1.8540750591813790409e-09 
1.2594343203705922585e-13 
-1.2594345653517096296e-13 
-5.2390627426359576981e-05 
-5.2390037576522058369e-05 
1.6603670675729678163e-09 
 1.080160214412030453e-09 
-9.5956602482135645994e-12 
9.5956604062725155911e-12 
-5.2389475829708055915e-05 
-5.2389384259206603172e-05 
 5.742374774134403636e-10 
4.3210305375601651716e-10 
-2.142911152214784311e-10 
2.1429111504538023483e-10 
-5.2416897065336138465e-05 
-5.2413014153403046516e-05 
1.1908505960729235455e-08 
8.0284115736365921889e-09 
3.5516554886326284179e-13 
-1.1674257901803709308e-12 
-5.2410412466653783024e-05 
 -5.24071744266118344e-05 
9.9210616342995302307e-09 
6.6852891517625758028e-09 
3.3921512379659776859e-13 
-7.5791036450698569079e-13 
-5.2405015764883787109e-05 
-5.2402345092654299295e-05 
8.1749612417918012211e-09 
5.5061227107533099535e-09 
3.4406103605122662322e-13 
-4.9507680851823679829e-13 
-5.2400578155852240358e-05 
-5.2398412425435317459e-05 
6.6235408607107509771e-09 
4.4592725360421291502e-09 
3.1238547521369790852e-13 
-3.4747959563640181281e-13 
-5.2396996128655572459e-05 
-5.2395285261643519126e-05 
5.2270242409355957387e-09 
3.5172990228978519354e-09 
2.7976236517020592491e-13 
-2.2847612611231259346e-13 
-5.2394186841622489347e-05 
-5.2392891018169005608e-05 
3.9512913468379014416e-09 
2.6563057736861189285e-09 
3.0794055272857118196e-13 
-5.2408676376757172014e-14 
-5.239208403433710863e-05 
-5.2391169027650952782e-05 
2.7678603674100993509e-09 
1.8540240386117024317e-09 
7.7574990647000969442e-13 
3.8085793242996453283e-13 
-5.2390626893613353001e-05 
-5.2390037914435918674e-05 
1.6605555234445847989e-09 
1.0800866726261937994e-09 
-8.1163359300171450559e-12 
1.1959890381361759312e-11 
-5.2389476678151767036e-05 
-5.2389384778323328418e-05 
5.7390111941553256181e-10 
4.3261532799112372419e-10 
-2.1466778059875262324e-10 
2.0647165701289001265e-10 
-5.2416910121132796274e-05 
-5.2413027256253143487e-05 
1.1908336658658134646e-08 
8.0285507462169558319e-09 
-2.804497563659361909e-13 
-2.1949487859950161222e-12 
-5.2410425645551453452e-05 
-5.2407187810376240926e-05 
9.9210442179737752628e-09 
6.6853400629606231898e-09 
1.6467244141058079825e-13 
-7.9056356015572768697e-13 
-5.2405029243807696741e-05 
-5.2402358629286773688e-05 
 8.174967610842215294e-09 
5.5061417654777225259e-09 
2.9799928705256161364e-13 
-4.9467408002996007794e-13 
-5.240059171976953656e-05 
-5.2398425999118117497e-05 
6.6235465382277198743e-09 
4.4592796227431012007e-09 
3.0080375495057563262e-13 
-3.4922373612798331316e-13 
-5.2397009701508680008e-05 
-5.2395298812222451982e-05 
5.2270265434801827071e-09 
3.5172978356328517077e-09 
2.8392185607922822639e-13 
-2.421069250731543482e-13 
-5.2394200347404844731e-05 
-5.239290440279704015e-05 
3.9512907391390392945e-09 
2.6562926741254312031e-09 
3.1259592944836748084e-13 
-1.5435029966480923015e-13 
-5.2392096978090606316e-05 
-5.239118084508672242e-05 
2.7679214675122706704e-09 
1.8539307335921444848e-09 
9.4583267686994794799e-13 
-5.4054188117971338946e-13 
-5.239063678778741541e-05 
-5.2390041428216168511e-05 
1.6623563908938316036e-09 
1.0796196999832927588e-09 
-6.7829401862096865784e-12 
4.6856348493981760926e-12 
-5.2389479280674558222e-05 
-5.2389394416974343987e-05 
5.7694781826541628243e-10 
4.3277705111788524531e-10 
-2.0014660804277561134e-10 
2.2560027356643516069e-10 
-5.2416815474530730693e-05 
-5.241293506787302449e-05 
1.1907858583092093516e-08 
8.0287169471649031998e-09 
-1.546856755478906595e-12 
-2.7827945303149455141e-12 
-5.2410334153179506612e-05 
-5.2407096534849621045e-05 
9.9209658970403616786e-09 
6.6853067300118597615e-09 
 3.092278780927389696e-13 
-5.5708072912569275367e-13 
-5.2404938073009904196e-05 
-5.2402267495809564508e-05 
8.1749083578922974617e-09 
5.5060934726980682617e-09 
3.4873831045337797665e-13 
-4.6272788350731296155e-13 
-5.2400500627076638529e-05 
-5.239833490952119265e-05 
6.6234989078965880971e-09 
4.4592340284003543722e-09 
3.2140290823805841027e-13 
-3.6430961194623177972e-13 
-5.2396918632288989404e-05 
-5.2395207738921600784e-05 
5.2269888334377488939e-09 
3.5172592021253178144e-09 
2.7653223984642974366e-13 
-2.8169581204239373642e-13 
-5.2394109305463999271e-05 
-5.2392813406739149515e-05 
3.9512672698360591957e-09 
 2.656269554861875471e-09 
2.1166956235627080086e-13 
-2.1993683392325546805e-13 
-5.2392006650993851896e-05 
 -5.23910940868058651e-05 
2.7675281427039258739e-09 
1.8543347497014060076e-09 
-4.4483492544980177282e-13 
 3.078228588513746084e-14 
-5.2390550350320808635e-05 
-5.2389961199218901494e-05 
1.6630274227544738852e-09 
1.0821551663465799163e-09 
1.1901205333244125526e-11 
-1.3056159910814536225e-11 
-5.2389324080022545583e-05 
-5.2389300115006931795e-05 
5.5093779827018882267e-10 
3.8775664326211696151e-10 
-8.9705402040775404394e-11 
-3.246477267650287079e-11 
