1.1380884937900742089e-05 
4.2528320381215680866e-05 
-7.6000460131553794051e-05 
-2.0209856763551545722e-05 
-0.0044019712487455590552 
-0.0044884165494995555135 
4.2434136331119937091e-05 
1.1146793987139939208e-05 
-7.5994418432582153361e-05 
-2.0213978376440438757e-05 
-0.0045414260303532948473 
 -0.004565421881671282052 
-4.7042186535181327047e-07 
-8.1201627729832075134e-07 
-7.5993242773939490313e-05 
-2.0213653020537351298e-05 
-0.0045018977838237779487 
-0.0045568352533660646392 
-5.6522311065516514208e-07 
5.6522313984049944427e-07 
-7.5993068714727663002e-05 
-2.0213482356310039941e-05 
-0.0044979189612556333064 
-0.0045543284357070891802 
8.1201630079031642817e-07 
4.7042187328293882708e-07 
-7.5993242773932903784e-05 
-2.0213653020538225436e-05 
-0.0045018977838217231688 
-0.0045568352533484511244 
-1.114679398538366552e-05 
-4.2434136330672683366e-05 
-7.599441843257796563e-05 
-2.0213978376443264459e-05 
-0.0045414260303493622292 
-0.0045654218816660284419 
-4.2528320381234017435e-05 
-1.1380884937907697924e-05 
-7.6000460131558727171e-05 
-2.020985676354837443e-05 
-0.0044019712487490033487 
-0.0044884165495030275625 
1.0198102688530135728e-06 
3.8721244288689201152e-06 
-8.5041110285650526831e-05 
-2.2930406787287305138e-05 
-0.0045446451133042790882 
-0.0046096708831842251458 
5.0706637308334540979e-06 
5.6203744993988563163e-06 
-8.5042654783109300899e-05 
-2.2931368983090895299e-05 
-0.0045979567977101655496 
-0.0046606811849429661751 
4.7592823594672373154e-06 
1.9808343444954408122e-06 
-8.5041826380355449661e-05 
-2.2931676194326512577e-05 
-0.0045994763909629745799 
-0.0046588713606978519877 
5.3039753613612655261e-07 
-5.3039755309226343662e-07 
-8.5041627163566849146e-05 
-2.2931705028600876911e-05 
  -0.00459813704726719924 
-0.0046592494374885209604 
-1.9808343571787702863e-06 
-4.7592823604802463687e-06 
-8.5041826380364868667e-05 
-2.2931676194326116165e-05 
-0.0045994763909439325203 
-0.0046588713606904880865 
-5.6203744943821131038e-06 
-5.0706637210150649135e-06 
-8.5042654783105560402e-05 
-2.2931368983087090427e-05 
-0.0045979567977061991044 
-0.0046606811849438092507 
-3.8721244197371807306e-06 
-1.0198102664061579461e-06 
-8.504111028565121801e-05 
-2.2930406787286580078e-05 
-0.0045446451133053129834 
 -0.004609670883178562141 
2.5985959575487132774e-07 
 1.035659097296710828e-06 
-8.4836001524473471673e-05 
-2.279297221101607692e-05 
-0.0046565421933141117397 
-0.0047193898742859865386 
1.4245063141549463721e-06 
1.8376585389037383582e-06 
-8.4837470196294837268e-05 
-2.2793707911772540192e-05 
-0.0047065791288560402186 
-0.0047690655934251860101 
1.7134984618917910285e-06 
1.0843511473895174946e-06 
-8.483714869643405954e-05 
-2.2793736493150760966e-05 
-0.0047031692826278283584 
-0.0047646130139418598273 
4.6705064262069186313e-07 
-4.6705065512730712991e-07 
-8.4837085815051056933e-05 
-2.2793777441548902758e-05 
-0.0047040642730346417591 
-0.0047652029462323074183 
-1.0843511569078492808e-06 
-1.7134984632596554294e-06 
-8.4837148696430603645e-05 
-2.2793736493147210203e-05 
-0.0047031692826277251424 
-0.0047646130139499124137 
-1.8376585389785978595e-06 
-1.4245063188622779781e-06 
-8.4837470196294186746e-05 
-2.2793707911774661163e-05 
 -0.004706579128856947479 
-0.0047690655934214528852 
-1.0356591023485987081e-06 
-2.5985959710729018874e-07 
-8.4836001524472157078e-05 
-2.2792972211020325637e-05 
-0.0046565421933073610633 
-0.0047193898742829290885 
-1.2659895826468539652e-09 
5.9743244903337814056e-08 
-8.3018645529599348928e-05 
-2.2293307422021390652e-05 
-0.0047646814365396106608 
-0.0048254940825374478472 
1.5840474720435138705e-07 
4.9082076646037910568e-07 
-8.3020134053715354525e-05 
-2.2293969272118586142e-05 
-0.0048143260019832484833 
-0.0048754115623290813705 
5.1418247978792302623e-07 
3.6615497965346827872e-07 
-8.3019894498568422227e-05 
-2.229393345421690537e-05 
-0.0048093159615475132573 
-0.0048699207966078879653 
 1.546268442294566879e-07 
-1.5462683937323037463e-07 
-8.3019878556589782261e-05 
-2.2293950481904985846e-05 
-0.0048097352111570283728 
 -0.004870178785530870566 
-3.6615497615333999347e-07 
-5.1418247999500860579e-07 
-8.3019894498569411561e-05 
-2.2293933454220439191e-05 
-0.0048093159615572008206 
-0.0048699207966138692918 
-4.9082076848978852038e-07 
-1.5840475052121385036e-07 
-8.3020134053717536482e-05 
-2.2293969272118474334e-05 
-0.0048143260019773469541 
 -0.004875411562321898748 
-5.9743247891226021416e-08 
1.2659887809385510033e-09 
-8.3018645529601368255e-05 
-2.2293307422020225135e-05 
-0.0047646814365387034004 
-0.0048254940825387280731 
-9.4896050541298179333e-08 
-2.916269091402565152e-07 
-8.0513334506871535941e-05 
-2.161403113714632478e-05 
 -0.004869260865580486014 
 -0.004927988233908214312 
-3.0890859945915647489e-07 
-3.9257987728187374747e-08 
-8.0514786890310095367e-05 
-2.1614650978311867967e-05 
-0.0049194506091296405156 
-0.0049786458534849592147 
2.8896544015739444638e-08 
6.2378449084122394213e-08 
-8.0514573898770691422e-05 
-2.1614589890855275505e-05 
-0.0049136975126296876873 
-0.0049726563616463992368 
1.8367124061332075576e-08 
-1.8367113231914816398e-08 
-8.051456806825426965e-05 
-2.1614595939633229443e-05 
-0.0049138707692918375675 
-0.0049727593890473986704 
-6.237844266858726529e-08 
-2.8896549654295754216e-08 
-8.0514573898769634325e-05 
-2.1614589890855844711e-05 
-0.0049136975126299019256 
-0.0049726563616345597491 
3.9257980791968275156e-08 
3.0890860103221137797e-07 
-8.0514786890306720788e-05 
-2.1614650978311962835e-05 
-0.0049194506091251033464 
-0.0049786458534889334662 
2.9162691283658214205e-07 
9.4896051530794061207e-08 
-8.0513334506868595043e-05 
-2.1614031137145806396e-05 
-0.0048692608655815771551 
-0.0049279882339065958149 
-1.2771783787269036622e-07 
-4.1630670670380577953e-07 
-7.7692214322307650513e-05 
-2.0853345235946999534e-05 
-0.0049701967400621327453 
-0.0050267706689861848743 
-4.7771345371584648255e-07 
-2.4096555669792983614e-07 
-7.7693617160162401327e-05 
-2.0853934695861469463e-05 
-0.0050212195041978739327 
-0.0050783202226630094409 
-1.5874899704918498308e-07 
-5.803915611933812572e-08 
-7.7693415451901697857e-05 
-2.0853864805866131481e-05 
-0.0050150937637092494678 
 -0.005072058240577997576 
-3.6083388035080012624e-08 
3.6083389164583187959e-08 
-7.7693411804052029583e-05 
-2.0853865989018567504e-05 
-0.0050151606340828325248 
-0.0050720965619508581387 
5.8039158644763860256e-08 
 1.587490033861468609e-07 
-7.7693415451898160647e-05 
-2.0853864805862997459e-05 
-0.0050150937636943898265 
-0.0050720582405669595305 
2.4096556244877961633e-07 
 4.777134540419092745e-07 
-7.7693617160164651046e-05 
-2.0853934695859433195e-05 
-0.0050212195042029766218 
-0.0050783202226626876497 
4.1630670539863965734e-07 
1.2771783752904383203e-07 
-7.7692214322309005765e-05 
-2.085334523594865633e-05 
-0.0049701967400598836763 
-0.0050267706689848873011 
-1.3705643297835313559e-07 
-4.5346865048868334708e-07 
-7.4715740118034559229e-05 
-2.0052579951202733829e-05 
-0.0050673808007709424117 
-0.0051217501610808869109 
-5.302473404865399725e-07 
-3.1211297321036496521e-07 
 -7.47170888793280202e-05 
-2.0053143212228811509e-05 
-0.0051193203727016621876 
-0.0051742256802056385209 
-2.2667865844191322647e-07 
-1.0288455698228863921e-07 
-7.4716895168081649478e-05 
-2.0053071399123026055e-05 
-0.0051129740616708716991 
-0.0051677848381889487234 
-5.6183013286967511537e-08 
5.6182997336763805782e-08 
-7.4716891830534600308e-05 
-2.0053070542566999183e-05 
-0.0051129977472183932644 
-0.0051677970921396101933 
1.0288454237105275244e-07 
2.2667864749927891644e-07 
-7.4716895168083777225e-05 
-2.0053071399123293718e-05 
-0.0051129740616625736493 
-0.0051677848381843161443 
3.1211296433734279466e-07 
5.3024733361549785459e-07 
-7.4717088879328562301e-05 
-2.0053143212227869609e-05 
-0.0051193203727000861913 
-0.0051742256802060661303 
4.5346864564909532846e-07 
1.3705643168397794845e-07 
-7.4715740118033786735e-05 
-2.0052579951204333028e-05 
-0.0050673808007712919585 
-0.0051217501610847778956 
-1.3712016442437797129e-07 
-4.5607618583450090605e-07 
-7.1663479911404339351e-05 
-1.9232348282447127611e-05 
-0.0051607334222355093906 
-0.0052128672187489880421 
-5.3675831712580819529e-07 
-3.3129782309468705988e-07 
-7.1664773094383334455e-05 
-1.9232886990233796066e-05 
-0.0052135985413557439302 
-0.0052662580989102768941 
-2.4681928242412429785e-07 
-1.1739409636215979224e-07 
-7.1664586934297574701e-05 
-1.9232816167548033489e-05 
-0.0052070953352162576561 
-0.0052596786761725114814 
-6.2433088125510406169e-08 
6.2433083119846490472e-08 
-7.1664583582231472796e-05 
-1.9232814498443403725e-05 
-0.0052071017332816224923 
-0.0052596805125727360761 
1.1739409362994560803e-07 
2.4681928589781938474e-07 
-7.1664586934297954172e-05 
-1.9232816167544486115e-05 
-0.0052070953352152359039 
-0.0052596786761777000394 
3.3129782919353603834e-07 
5.3675832418357152664e-07 
-7.1664773094382683933e-05 
-1.9232886990233514851e-05 
-0.0052135985413572522723 
-0.0052662580989127393341 
4.5607619167527366268e-07 
1.3712016599271670079e-07 
-7.1663479911406046969e-05 
-1.9232348282446328012e-05 
-0.0051607334222391349626 
-0.0052128672187483435924 
-1.3349038758035043443e-07 
-4.449256541420866125e-07 
-6.8578038396909153131e-05 
-1.8403699906247541942e-05 
-0.0052502076576367764232 
-0.0053000912131586051801 
-5.2494228207961475128e-07 
-3.297875098157609214e-07 
-6.8579275564150947073e-05 
-1.8404214749844980526e-05 
-0.0053039778215643977599 
-0.0053543692541143817626 
-2.4791911968983590719e-07 
-1.1979973224145050826e-07 
-6.8579097083422256185e-05 
-1.8404146150907164258e-05 
-0.0052973460297516651932 
-0.0053476702539424093158 
-6.315061446289570721e-08 
6.3150629891222469183e-08 
-6.8579093729124852657e-05 
-1.8404144193468179052e-05 
-0.0052973455282285305395 
-0.0053476679319599731283 
1.1979974574879952096e-07 
2.4791912794780066733e-07 
-6.8579097083420128438e-05 
-1.8404146150908306059e-05 
-0.0052973460297572024305 
 -0.005347670253942699882 
3.2978751471641699796e-07 
5.2494228305928522302e-07 
-6.857927556415329166e-05 
-1.8404214749846457751e-05 
-0.0053039778215657803345 
-0.0053543692541118455969 
4.4492565378273865504e-07 
 1.334903874876314287e-07 
-6.857803839690389475e-05 
-1.8403699906246234123e-05 
-0.0052502076576346652648 
-0.0053000912131567524954 
-1.2838978350598763192e-07 
-4.2829337734019468977e-07 
-6.5483358365431008669e-05 
-1.7572851544769157068e-05 
-0.0053357827610727411385 
-0.0053834130625573534817 
-5.0582628360982924525e-07 
-3.2003477047136846793e-07 
-6.5484539504015950207e-05 
-1.7573342858478430665e-05 
-0.0053904258286452321966 
 -0.005438543054248723245 
-2.4143672612592744061e-07 
-1.1738312155609708992e-07 
-6.5484368861181140335e-05 
-1.7573277001754707052e-05 
-0.0053836796928779569876 
-0.0054317350155480646073 
-6.1664370488763601183e-08 
6.1664376489550768019e-08 
-6.5484365563375223642e-05 
-1.7573274978879465443e-05 
-0.0053836764366234895335 
 -0.005431731032285767348 
1.1738312554948876513e-07 
2.4143672464002598094e-07 
-6.5484368861174933277e-05 
-1.7573277001756841575e-05 
-0.0053836796928743184051 
-0.0054317350155389399619 
3.2003476678425585963e-07 
5.0582627939335619678e-07 
-6.5484539504011708266e-05 
-1.757334285847726176e-05 
-0.0053904258286410671255 
-0.0054385430542440256138 
4.2829337386343022019e-07 
1.2838978257916478984e-07 
-6.548335836542935526e-05 
-1.7572851544769001213e-05 
-0.0053357827610719162775 
-0.0053834130625590691233 
-1.2271090004988629726e-07 
-4.0949954605616400353e-07 
-6.2393237488995642853e-05 
-1.6743388887146384755e-05 
-0.0054174565906631366383 
-0.0054628384059651775156 
-4.8382879094555343062e-07 
-3.0701030522991109471e-07 
-6.2394362782469185128e-05 
-1.6743856882042401597e-05 
 -0.005472935791919933228 
-0.0055187823853931243859 
-2.3194225007719599564e-07 
-1.130476449359402252e-07 
-6.2394200070464223354e-05 
-1.6743793980912347096e-05 
-0.0054660839527774498711 
-0.0055118724651648824328 
-5.9302651272259804711e-08 
5.9302637645379249499e-08 
 -6.23941968750638717e-05 
-1.6743791987688957479e-05 
-0.0054660795950148503147 
-0.0055118678160508893446 
 1.130476338999743458e-07 
2.3194224612924544106e-07 
-6.2394200070468668583e-05 
-1.6743793980912540219e-05 
-0.0054660839527689089601 
-0.0055118724651634365408 
3.0701030476053562204e-07 
4.8382879289372666821e-07 
-6.2394362782471231559e-05 
-1.6743856882040483914e-05 
-0.0054729357919159242821 
-0.0055187823853915388486 
4.0949954828240603454e-07 
1.2271090064452756667e-07 
-6.2393237488995588642e-05 
-1.6743388887148651415e-05 
-0.0054174565906651853467 
-0.0054628384059655947166 
-1.1681391092129186988e-07 
-3.8988208539633109748e-07 
-5.9315649799920506266e-05 
-1.5917384878833068599e-05 
-0.0054952393407704048026 
-0.0055383823594690436212 
-4.6072614386696316429e-07 
-2.9269850224709966685e-07 
-5.931671953502505373e-05 
-1.5917829729140243284e-05 
-0.0055515161213126554968 
 -0.005595101349109305594 
-2.2125677115176098439e-07 
-1.0794848423702291714e-07 
-5.9316564788428786188e-05 
-1.5917769866705504798e-05 
-0.0055445649696785502189 
-0.0055880953286730735211 
-5.6594136572476092138e-08 
5.6594135588736507207e-08 
-5.9316561724422157205e-05 
-1.5917767944450943461e-05 
-0.0055445601676143421374 
-0.0055880904046608451813 
1.0794848265863694751e-07 
2.2125676795255526205e-07 
-5.931656478842774942e-05 
-1.5917769866702387717e-05 
-0.0055445649696791035957 
-0.0055880953286720057988 
 2.926984991832082784e-07 
4.6072614279156319937e-07 
-5.9316719535024572615e-05 
-1.5917829729142652246e-05 
-0.0055515161213126763134 
-0.0055951013491113178733 
3.8988208512867413893e-07 
1.1681391085559917087e-07 
-5.931564979991774155e-05 
-1.5917384878830446185e-05 
-0.0054952393407702920455 
  -0.00553838235946912949 
-1.1084174014250392706e-07 
-3.6997086881290815598e-07 
-5.6255087382768992072e-05 
-1.5096006181639019705e-05 
-0.0055691489514262618871 
-0.0056100658006815219692 
-4.3721917743286880186e-07 
-2.7787356940232600108e-07 
-5.6256101904143968604e-05 
-1.5096428054887541784e-05 
 -0.005626184139011425854 
-0.0056675205188454966243 
-2.1008856415758140343e-07 
-1.0253382474781499552e-07 
-5.625595512179287018e-05 
-1.5096371259935946875e-05 
-0.0056191391320652836136 
-0.0056604235792948928013 
-5.3744022510853142594e-08 
5.3744021053728906004e-08 
-5.6255952207340994002e-05 
-1.5096369428058428817e-05 
-0.0056191341367452657396 
-0.0056604185154458894896 
 1.025338225151162044e-07 
2.1008855982513493316e-07 
-5.6255955121793175112e-05 
-1.5096371259936685488e-05 
-0.0056191391320628480618 
-0.0056604235792903521626 
2.7787356457717565906e-07 
4.3721917335184082152e-07 
-5.6256101904140383961e-05 
-1.5096428054886233965e-05 
-0.0056261841390144382014 
-0.0056675205188492540354 
3.6997086580689892279e-07 
1.1084173933883770351e-07 
-5.6255087382766742353e-05 
-1.5096006181640419003e-05 
-0.0055691489514272194544 
-0.0056100658006846774312 
-1.0484155611122304676e-07 
-3.4994008879895040444e-07 
-5.3213896393375271652e-05 
-1.4279859627653819271e-05 
-0.0056392079344996619283 
-0.0056779128531634134175 
-4.1353624511424268866e-07 
-2.6278127177949644882e-07 
-5.3214856078763409094e-05 
-1.4280258694916834152e-05 
-0.0056969622077115483413 
-0.0057360639786500945692 
-1.9866070426597927039e-07 
-9.6943896563837266232e-08 
-5.321471724335326075e-05 
-1.4280204977743483842e-05 
-0.0056898283611691736344 
-0.0057288809598720590033 
-5.0816485205081965113e-08 
5.0816498232490542606e-08 
-5.3214714492112795375e-05 
-1.4280203248578188937e-05 
-0.0056898232394164667894 
-0.0057288757525629689996 
9.6943907943494360813e-08 
1.9866071114325541844e-07 
-5.3214717243351329515e-05 
-1.4280204977743898888e-05 
-0.0056898283611622182607 
-0.0057288809598606037568 
2.6278127616041120312e-07 
4.1353624716717579649e-07 
-5.3214856078762148709e-05 
-1.4280258694917171271e-05 
-0.0056969622077147237527 
-0.0057360639786509411142 
3.4994008974228914491e-07 
1.0484155636391215228e-07 
-5.321389639337464146e-05 
-1.4279859627652233625e-05 
-0.0056392079345033759713 
-0.0056779128531664344384 
-9.8802406278439983066e-08 
-3.2974808749009246292e-07 
-5.0193071184691528963e-05 
-1.3469198525748301288e-05 
-0.0057054412670343342129 
-0.0057419492652102856883 
-3.896189332472592519e-07 
-2.4734661527709830969e-07 
-5.0193976431746464492e-05 
-1.3469574968215444952e-05 
-0.0057638752999406243221 
-0.0058007574581947635162 
-1.8690174785937744371e-07 
-9.1132070309544723882e-08 
-5.0193845525336085189e-05 
-1.346952434328249508e-05 
 -0.005756657309857131366 
-0.0057934928390148132671 
-4.7790167279774913076e-08 
4.7790162427124044993e-08 
-5.0193842951932877267e-05 
-1.3469522731531057404e-05 
-0.0057566519999081170247 
-0.0057934873380862767986 
9.1132066000584492012e-08 
1.8690174503301918701e-07 
-5.0193845525337941885e-05 
-1.3469524343281763244e-05 
-0.0057566573098445754375 
-0.0057934928390037396598 
  2.47346614989410716e-07 
3.8961893840361435232e-07 
-5.0193976431747799416e-05 
-1.3469574968215046847e-05 
-0.0057638752999426097132 
-0.0058007574582021994083 
3.2974809312932495295e-07 
9.8802407790351442267e-08 
-5.0193071184692965531e-05 
-1.3469198525747538958e-05 
-0.0057054412670355823464 
-0.0057419492652074138536 
-9.2642057823491332397e-08 
-3.0908786414873586644e-07 
-4.719274206008229112e-05 
-1.2664049647186726292e-05 
-0.0057678750879332201656 
-0.0058022015035686597476 
-3.650548199876572123e-07 
-2.3109371269990825308e-07 
-4.7193593281592182342e-05 
-1.2664403669329797256e-05 
-0.0058269494717826646885 
-0.0058616271800953304721 
-1.743708836487694467e-07 
-8.4816625144436217625e-08 
-4.7193470298809363868e-05 
-1.2664356182014801803e-05 
-0.0058196515765326778391 
-0.0058542847590829947754 
-4.4536070734838508399e-08 
4.4536065851388119457e-08 
-4.7193467923795881817e-05 
-1.2664354716174752093e-05 
-0.0058196458273317222543 
-0.0058542785262201873023 
8.4816624275825013396e-08 
1.7437089376520326718e-07 
-4.7193470298812331871e-05 
-1.2664356182014835684e-05 
-0.0058196515765261717587 
-0.0058542847590874720967 
2.3109372320720563883e-07 
3.6505482057726975298e-07 
-4.7193593281588502831e-05 
-1.2664403669330100494e-05 
 -0.005826949471788463869 
 -0.005861627180091213106 
3.0908786175521658093e-07 
9.2642057182561300604e-08 
-4.7192742060077059844e-05 
-1.2664049647190265196e-05 
-0.0057678750879294731629 
-0.0058022015035666622135 
-8.6129517593495987435e-08 
-2.8709767786985954611e-07 
-4.4212482788203589905e-05 
-1.1864293441366417439e-05 
-0.0058265360949284923653 
-0.0058586965895978740382 
-3.3868947853981164524e-07 
-2.1269985307128773701e-07 
-4.4213280412464988419e-05 
-1.1864625304724099003e-05 
-0.0058862109485183075272 
-0.0059186992307458585402 
-1.5984558705535235719e-07 
-7.7217641558000627577e-08 
-4.4213165369241546373e-05 
-1.1864581082736431266e-05 
-0.0058788364011331927655 
-0.0059112812101744793836 
-4.0697320340349431801e-08 
4.0697319457074671121e-08 
-4.4213163222448576201e-05 
-1.1864579827530443018e-05 
-0.0058788295380230917025 
-0.0059112731122741794115 
7.7217638358467937281e-08 
1.5984557752331854251e-07 
-4.4213165369239716782e-05 
-1.186458108273849972e-05 
-0.0058788364011393640443 
-0.0059112812101743128501 
2.1269984567408206656e-07 
3.3868948332188242096e-07 
-4.4213280412465896438e-05 
-1.1864625304726162376e-05 
-0.0058862109485150193589 
 -0.005918699230754748998 
2.8709768515707917949e-07 
8.6129519542973324888e-08 
-4.4212482788201265646e-05 
-1.1864293441368875529e-05 
-0.0058265360949251799108 
-0.0058586965895892221048 
-7.8669913987558854256e-08 
-2.6155806887784557109e-07 
-4.1251508511362712799e-05 
-1.1069715677371634103e-05 
-0.0058814518085700999775 
-0.0059114630973834438044 
-3.0755213379942586355e-07 
-1.8876731137590372135e-07 
-4.1252252975258787136e-05 
-1.1070025784599711434e-05 
-0.0059416857080563500321 
-0.0059719994438007916598 
-1.4018809069235800109e-07 
-6.6335642852125856186e-08 
-4.1252145893337643923e-05 
-1.1069985154922640838e-05 
-0.0059342353686698025295 
 -0.005964504067605044639 
-3.5359837100140216714e-08 
3.5359843652829071126e-08 
-4.1252144006197954886e-05 
-1.1069984262321435215e-05 
-0.0059342256704071911361 
-0.0059644912350226460263 
6.6335649663383766638e-08 
1.4018809821624896315e-07 
-4.1252145893336424195e-05 
-1.1069985154921639645e-05 
-0.0059342353686675820834 
-0.0059645040676035388991 
1.8876731740788627783e-07 
3.0755213503654157052e-07 
-4.1252252975256720375e-05 
-1.1070025784595056141e-05 
-0.0059416857080679423217 
-0.0059719994438075865717 
2.6155806846639238188e-07 
7.8669913880567568354e-08 
-4.1251508511367449407e-05 
-1.1069715677369494497e-05 
 -0.005881451808559601431 
-0.0059114630973732557734 
-6.8745023365973001048e-08 
-2.2680379427315731695e-07 
-3.8308805140001951032e-05 
-1.0280041001613923353e-05 
-0.0059326524326203632087 
-0.0059605346385732315903 
-2.6407373180609752877e-07 
-1.5067405719953564212e-07 
-3.8309496822195310815e-05 
   -1.028033010304111e-05 
-0.0059933996427521778194 
-0.0060215540250120975704 
-1.0745188766174531257e-07 
-4.7124101139059378968e-08 
-3.8309397604744500161e-05 
-1.0280293868870936909e-05 
-0.0059858683931008124096 
-0.0060139696051611920766 
-2.6222561052574125676e-08 
2.6222555583278570298e-08 
-3.8309395949915319845e-05 
-1.0280293696601482822e-05 
-0.0059858515262389442799 
-0.0060139448536164034909 
4.7124097395958375928e-08 
1.0745188862955001739e-07 
-3.8309397604744357859e-05 
-1.0280293868867562329e-05 
-0.0059858683931012877238 
-0.0060139696051663849713 
1.5067405687334772753e-07 
2.6407372324575545311e-07 
-3.8309496822196435675e-05 
-1.0280330103039898743e-05 
-0.0059933996427542091806 
-0.0060215540250058976687 
2.2680378514444983387e-07 
6.8745020919099480766e-08 
-3.8308805140003170759e-05 
-1.0280041001613120366e-05 
-0.0059326524326127243539 
-0.0059605346385722826966 
-5.2439577605476361899e-08 
-1.6822386976506055229e-07 
-3.5383215063433502571e-05 
-9.4949544627501356845e-06 
-0.0059801764299600565153 
-0.0060059595287924073814 
-1.8883987609801009205e-07 
-7.6579453499088279209e-08 
-3.5383853964321189411e-05 
-9.4952241946431559748e-06 
-0.0060413796499018236966 
-0.0060673914535774196508 
-4.1642759082062812121e-08 
-7.0611054759703048155e-09 
-3.5383761827484062022e-05 
-9.4951943057069507887e-06 
-0.0060337473689552429887 
-0.0060596813988502652368 
-7.6347284216782412611e-09 
7.6347307658865094768e-09 
-3.5383760048749343641e-05 
-9.4951956820009761627e-06 
 -0.006033712660432974037 
 -0.006059627374457178528 
7.0611078483534307829e-09 
4.1642761543529982165e-08 
-3.5383761827483960379e-05 
-9.4951943057051821839e-06 
-0.0060337473689621879541 
-0.0060596813988573004078 
7.6579456849396473711e-08 
  1.88839881795553786e-07 
-3.5383853964317984239e-05 
-9.4952241946451024565e-06 
-0.0060413796498934597273 
-0.0060673914535713958235 
1.6822387493612850912e-07 
5.2439578987820566056e-08 
-3.5383215063428603332e-05 
-9.4949544627508302515e-06 
-0.0059801764299601666702 
 -0.006005959528788721094 
-1.9271973608466862239e-08 
-4.6703300928551002098e-08 
-3.2473492980973181119e-05 
-8.7141123987642392937e-06 
-0.0060240858706454031984 
-0.0060478275690639465498 
-3.080119360295374401e-08 
8.8538360782637284697e-08 
-3.2474077005843529609e-05 
-8.7143666402073198437e-06 
-0.0060856559085146911398 
-0.0061095449744630152267 
 1.065615106275768428e-07 
8.3630346801917086829e-08 
-3.2473988447227841259e-05 
-8.714347878217755205e-06 
 -0.006077865338363221126 
-0.0061016120332201429638 
3.3465392232294651316e-08 
-3.346539181838930834e-08 
-3.2473984590596511593e-05 
-8.7143526814836572229e-06 
-0.0060777881349734020136 
-0.0061014908210652966936 
-8.3630345009439516377e-08 
-1.0656150507466537455e-07 
-3.2473988447234210946e-05 
-8.7143478782184074203e-06 
-0.0060778653383716640252 
 -0.006101612033232352815 
-8.8538355632927382741e-08 
 3.080119389699449509e-08 
-3.2474077005838311886e-05 
-8.7143666402077518305e-06 
-0.0060856559085077487764 
-0.0061095449744512086987 
4.6703299758373079642e-08 
1.9271973298614543823e-08 
-3.2473492980970165682e-05 
-8.7141123987658943961e-06 
-0.0060240858706406491888 
-0.0060478275690600425546 
6.0789337033152016706e-08 
2.4988019230343988511e-07 
-2.9578387532185914082e-05 
-7.9371542768413990646e-06 
-0.0060645104181785581404 
-0.0060863496445719934488 
 3.550116292126921241e-07 
4.9728265534788941417e-07 
-2.9578910507502341291e-05 
-7.937406589797373619e-06 
-0.0061262652424100881923 
-0.0061480581511426301775 
4.6246249148463716327e-07 
2.6804028503047067177e-07 
-2.9578807371605217094e-05 
-7.9374138160879793543e-06 
-0.0061181569628620396939 
-0.0061396130411371730232 
1.0458368113848702769e-07 
-1.0458368046548185666e-07 
-2.9578794825775987001e-05 
-7.9374239245139757611e-06 
-0.0061180142350084438727 
-0.0061394555450953805509 
-2.6804028722551002071e-07 
-4.6246250151700481662e-07 
 -2.95788073716033028e-05 
-7.9374138160876168242e-06 
-0.0061181569628727594176 
  -0.00613961304114004746 
-4.9728266414058014468e-07 
-3.5501162678377993747e-07 
-2.9578910507504696043e-05 
-7.9374065897962233483e-06 
-0.0061262652424006148674 
-0.0061480581511443735745 
-2.4988018715390509399e-07 
-6.0789335656180780762e-08 
-2.9578387532183027394e-05 
-7.9371542768416091288e-06 
-0.0060645104181735959639 
-0.0060863496445632504425 
5.3506810388507625454e-07 
2.0165838064249308181e-06 
-2.6695694890072947268e-05 
-7.1631140473559316089e-06 
-0.0061020371327629831584 
-0.0061230593137627980019 
 2.233938577563966796e-06 
1.3864002982650245349e-06 
-2.6695975297501540427e-05 
-7.1634826585558692758e-06 
-0.0061628766907273349954 
-0.0061815697436613248339 
9.0296875206989294116e-07 
 4.684352364647470278e-07 
-2.6695794406712274765e-05 
-7.1635372672218649087e-06 
-0.0061544594014348030786 
-0.0061735651766786150962 
 1.704377827052464716e-07 
-1.7043778806429793273e-07 
-2.6695770074944459452e-05 
-7.1635492107056272546e-06 
-0.0061543307663048081937 
-0.0061735301603234480836 
-4.6843523984589465959e-07 
-9.0296875004710414773e-07 
-2.6695794406710699284e-05 
 -7.16353726722451951e-06 
-0.0061544594014367910717 
-0.0061735651766860084877 
-1.3864002951853533461e-06 
-2.233938577031565084e-06 
-2.6695975297498389465e-05 
-7.1634826585581427123e-06 
-0.0061628766907322477323 
-0.0061815697436636935988 
-2.0165838067344154812e-06 
-5.3506810396746503174e-07 
-2.6695694890072228984e-05 
-7.1631140473568802858e-06 
-0.0061020371327529521199 
-0.0061230593137529898753 
-1.5795276342812721482e-05 
-5.8961211444567638424e-05 
3.9784495797319253388e-05 
0.00014664119462268733148 
 0.0042377262048417085188 
 0.0041730062339126721555 
-6.4747728004867430838e-05 
-3.7344719092331131742e-05 
3.9783316852559247204e-05 
0.00014664492645377480841 
 0.0042141041902909650435 
 0.0040788181337318646716 
-2.3396801415186831667e-05 
-1.2636898175230317499e-05 
3.9783774156237631712e-05 
0.00014664704208685444878 
 0.0042048111347685150629 
 0.0040861664386550476322 
-5.0338317325766976184e-06 
5.0338317411145288405e-06 
3.9783502234193180032e-05 
0.00014664744798466785593 
 0.0042079374534422552337 
 0.0040899842793257513984 
1.2636898182511124722e-05 
2.3396801419017555112e-05 
3.9783774156237936644e-05 
0.00014664704208685496378 
 0.0042048111347692653308 
 0.0040861664386592447956 
3.7344719098786227532e-05 
6.4747728021941758358e-05 
3.9783316852559138784e-05 
0.00014664492645377608234 
 0.0042141041902976957706 
 0.0040788181337279754216 
5.8961211461097445732e-05 
1.5795276347242354818e-05 
 3.978449579731926694e-05 
0.00014664119462268676228 
 0.0042377262048594504032 
 0.0041730062339425041951 
-2.2726563214947135286e-06 
-8.4489914010445543111e-06 
3.6144774309714014699e-05 
0.00013527866984508045986 
 0.0041162737402450936749 
 0.0040234453722797856173 
 -1.18368230920895079e-05 
-1.4852589042303700865e-05 
3.6150058444389326982e-05 
0.00013527630592202250686 
 0.0039950979246279770193 
 0.0038991160667285777383 
-1.3719587164800723462e-05 
-7.547116147958642606e-06 
3.6148675208886740871e-05 
0.00013527712607195438899 
 0.0040051719789822295623 
 0.0038999998684968732905 
-3.0659046407954842636e-06 
3.0659046192834960754e-06 
3.6148526423211398487e-05 
  0.000135277237790659287 
 0.0040092578485212025316 
 0.0039041261717165150896 
7.5471161315251014394e-06 
1.3719587162257100462e-05 
3.6148675208886585017e-05 
0.00013527712607195837343 
 0.0040051719789826094667 
 0.0038999998684833615294 
1.4852589041450891153e-05 
1.1836823081945715763e-05 
3.6150058444390648354e-05 
0.00013527630592202418737 
 0.0039950979246236029141 
 0.0038991160667334857047 
8.4489913903679056048e-06 
2.2726563186395878096e-06 
3.6144774309714007923e-05 
0.00013527866984508205906 
 0.0041162737402764939046 
 0.0040234453723033622441 
-2.7632003935065164016e-07 
-9.9942952611842184767e-07 
3.7148253153327968977e-05 
0.00013902288887347012008 
  0.003952392546855925011 
 0.0038512185277755029908 
-1.973385552584201723e-06 
 -3.84357259247466586e-06 
3.7153352034126528266e-05 
0.00013902059273500932978 
 0.0038273280989591768574 
 0.0037273048129914622059 
-4.0670636993826286268e-06 
-2.7430945878455476724e-06 
3.7152347603095869748e-05 
0.00013902097014683808835 
 0.0038236780560080472179 
 0.0037204592408075598357 
-1.3174156867388886726e-06 
1.3174156812734608848e-06 
3.7152256796077586106e-05 
0.00013902091551266582072 
 0.0038273393299936920089 
 0.0037228096428818745721 
2.7430945807306411691e-06 
4.0670636877451523319e-06 
3.7152347603096635466e-05 
0.00013902097014683475443 
  0.003823678055991105041 
 0.0037204592407951383483 
3.8435725819784080664e-06 
 1.973385549719025111e-06 
3.7153352034125965836e-05 
0.00013902059273500878768 
 0.0038273280989646937117 
 0.0037273048129893432412 
9.9942952606181802394e-07 
2.7632003933364221272e-07 
3.7148253153329059955e-05 
0.00013902288887347030982 
 0.0039523925468766358746 
  0.003851218527796172221 
  4.59050460000619127e-07 
1.7461799769191837451e-06 
3.8388421203984511348e-05 
0.00014415161377242952383 
   0.00377501618170694676 
 0.0036679441493394832931 
1.7407581818185209157e-06 
5.0895188934499396301e-07 
3.8393839150736619502e-05 
 0.0001441491817656434624 
 0.0036524459605054783624 
  0.003547896877965050523 
-4.256569697821242479e-08 
-2.5076906310098644829e-07 
3.8392946544277644608e-05 
0.00014414954205501468928 
 0.0036440552665314897979 
 0.0035384813551379893336 
-2.0276116589974212797e-07 
2.0276116683459518649e-07 
3.8392910578381191609e-05 
0.00014414944374019274817 
 0.0036457012692234710971 
 0.0035395137262272946543 
2.5076906129526615298e-07 
4.2565687695935876526e-08 
3.8392946544275232258e-05 
0.00014414954205501062353 
 0.0036440552665234680028 
 0.0035384813551374472325 
-5.0895190058224719029e-07 
-1.7407581909198391119e-06 
3.8393839150737452983e-05 
0.00014414918176564568502 
 0.0036524459604997806632 
 0.0035478968779572182465 
-1.7461799834810598961e-06 
-4.5905046176266815056e-07 
3.8388421203982559784e-05 
 0.0001441516137724304454 
 0.0037750161817258487407 
 0.0036679441493535718498 
 8.114276355705678034e-07 
 3.062752107510215953e-06 
3.9884899122743055328e-05 
 0.0001505523890701849284 
 0.0035874290144140646118 
 0.0034744864560746031509 
3.4785066813780056204e-06 
2.4364389164217137855e-06 
3.9890615426877861112e-05 
0.00015054984013518511927 
 0.0034695109435534305688 
 0.0033598660441285462842 
1.7166290145407488079e-06 
8.6196937291098809736e-07 
3.9889750314671996599e-05 
0.00015055022010453263624 
  0.003459650854002448931 
  0.003349817339886959882 
3.0242247555396691502e-07 
-3.0242246235200027898e-07 
3.9889742160104866816e-05 
 0.0001505501149240596082 
 0.0034603672425000918389 
 0.0033502840470141137703 
-8.6196935987231178468e-07 
-1.7166290019491710014e-06 
3.9889750314673534811e-05 
0.00015055022010453290729 
 0.0034596508540048025171 
 0.0033498173398897644962 
-2.4364389057377979601e-06 
-3.4785066754652243694e-06 
3.9890615426875245474e-05 
0.00015054984013518387244 
 0.0034695109435465606301 
 0.0033598660441264433657 
-3.0627521042241207174e-06 
-8.1142763469157926766e-07 
3.9884899122743699073e-05 
0.00015055238907018522656 
 0.0035874290144272775668 
 0.0034744864560902217338 
1.0004780673264193385e-06 
3.7700883973768342256e-06 
4.1507293572103002406e-05 
0.00015806265629178439173 
 0.0033894804521314089718 
  0.003270132328095168902 
4.3916824465279478875e-06 
3.3975331929743566057e-06 
4.1513322569061217922e-05 
0.00015805998576301524112 
 0.0032774449649277362547 
 0.0031618651076410582076 
2.5755566837383463915e-06 
1.3974880841081687943e-06 
4.1512446130712970767e-05 
0.00015806039506843297935 
 0.0032673936369223511786 
 0.0031519964594096698193 
5.4249772625715264191e-07 
-5.4249772473327144249e-07 
 4.151245129994737571e-05 
0.00015806028734352420631 
 0.0032677349506820803707 
 0.0031522448524391273247 
-1.3974880827578606335e-06 
-2.5755566828606813448e-06 
4.1512446130715647391e-05 
0.00015806039506843522907 
 0.0032673936369254940638 
 0.0031519964594132884525 
-3.3975331943149192289e-06 
-4.3916824534499231553e-06 
4.1513322569063460866e-05 
0.00015805998576301860214 
  0.003277444964929416768 
 0.0031618651076483219285 
-3.7700884044476081947e-06 
-1.0004780692221650483e-06 
4.1507293572101667482e-05 
0.00015806265629178718355 
 0.0033894804521460149098 
 0.0032701323281045975577 
1.1299979850131929386e-06 
4.2556163031906255281e-06 
 4.315201925556370595e-05 
0.00016681847705767315114 
 0.0031800548726186035446 
 0.0030532424949077292299 
5.0026748622636687074e-06 
3.9998632672691602537e-06 
4.3158396389469807174e-05 
0.00016681567002313450331 
 0.0030746783103922543934 
 0.0029519991278941569261 
3.0983303999804972776e-06 
1.7159034013982582769e-06 
4.3157487828338800511e-05 
0.00016681611109056626737 
 0.0030650145182209011067 
 0.0029427136552949953625 
6.8224075066895752556e-07 
-6.8224075581619219872e-07 
4.3157500148841396626e-05 
0.00016681599966281612964 
 0.0030652223982959333863 
 0.0029429037561104127475 
-1.7159034026633358649e-06 
-3.0983303906381956667e-06 
4.3157487828334118113e-05 
0.00016681611109056315029 
 0.0030650145182208074317 
  0.002942713655284290384 
-3.9998632581900749782e-06 
-5.0026748645072480735e-06 
4.3158396389468953365e-05 
0.00016681567002313306674 
 0.0030746783104057058729 
 0.0029519991279189313794 
-4.2556163082261686369e-06 
-1.1299979863626926064e-06 
4.3152019255563509438e-05 
0.00016681847705767377456 
 0.0031800548726247839307 
 0.0030532424949102168234 
1.2527275895701231702e-06 
4.7162966493300058097e-06 
4.4652617476529351864e-05 
0.00017715936838494025785 
 0.0029570856512497836234 
 0.0028211018470707996918 
5.5732257484099335311e-06 
4.5382166038497275722e-06 
4.4659399489929926829e-05 
0.00017715640457145742648 
 0.0028590019995108823837 
 0.0027275218349738592633 
3.5557032427049853209e-06 
1.9895185581926347215e-06 
4.4658445918097319804e-05 
 0.0001771568804732115475 
 0.0028500484056424336965 
 0.0027190980512882432715 
8.0027121909694607744e-07 
-8.0027121499730438927e-07 
4.4658463398289126908e-05 
0.00017715676286264887417 
 0.0028502446461348310107 
 0.0027193288304044531227 
-1.9895185561086143399e-06 
-3.5557032461178894355e-06 
4.4658445918099386564e-05 
0.00017715688047320948752 
 0.0028500484056298625891 
 0.0027190980512811790439 
-4.538216604637746887e-06 
-5.573225736530043183e-06 
4.4659399489929940382e-05 
0.00017715640457146019119 
 0.0028590019995351637419 
 0.0027275218349854719359 
-4.7162966363049455516e-06 
-1.2527275860800026851e-06 
  4.46526174765304835e-05 
0.00017715936838494088126 
 0.0029570856512544162024 
 0.0028211018470849693468 
1.4062537302278246126e-06 
5.2926652806170800217e-06 
4.5699064113564708217e-05 
0.00018973018617617458934 
 0.0027172384936139984922 
 0.0025693221256949615693 
6.2891383474218087883e-06 
5.2196465558384520474e-06 
4.5706337220419603724e-05 
 0.0001897270408968403251 
  0.002627121174282001214 
 0.0024841661248927392712 
4.1368512417228077213e-06 
 2.337911407985869347e-06 
4.5705328720019029569e-05 
0.00018972755682818294963 
 0.0026191572180272984678 
 0.0024769301728837485668 
9.5081571513698026968e-07 
-9.5081572958314274933e-07 
4.5705352034988017129e-05 
0.00018972742909080986175 
 0.0026194383051646630452 
 0.0024773141527029566081 
-2.3379114232652717953e-06 
-4.1368512592880492799e-06 
4.5705328720015539793e-05 
0.00018972755682817977834 
 0.0026191572180230865592 
 0.0024769301728818165186 
-5.2196465731938437345e-06 
-6.2891383619232042748e-06 
 4.570633722041848564e-05 
0.00018972704089683948485 
 0.0026271211742879270294 
 0.0024841661248958097317 
-5.2926652912331319909e-06 
-1.4062537330771591674e-06 
4.5699064113564626902e-05 
0.00018973018617617339672 
 0.0027172384936288134644 
 0.0025693221257020136539 
1.6378015510870191121e-06 
 6.161360220130594806e-06 
4.5672274910776135888e-05 
0.00020575489357952097408 
 0.0024550285839325764956 
  0.002290469242797745289 
7.3868846165928091875e-06 
6.3155468906481246016e-06 
4.5680170016408378104e-05 
0.00020575151829506878516 
 0.0023737366674413656192 
 0.0022147780949915763828 
5.0912083411346902394e-06 
2.9163794884239944799e-06 
4.5679098952340137804e-05 
0.00020575208463384555006 
 0.0023671699028362512031 
 0.0022093132960806210335 
 1.203476972759476953e-06 
-1.2034769690109506444e-06 
4.5679131733903917227e-05 
0.00020575193831761767185 
    0.0023676765973180019 
  0.002210052350631136215 
-2.916379484789265989e-06 
-5.0912083378059439304e-06 
4.5679098952339880306e-05 
0.00020575208463384506217 
 0.0023671699028352680486 
  0.002209313296079942323 
-6.3155468875602863212e-06 
-7.3868846138488823772e-06 
4.5680170016408120606e-05 
0.00020575151829506854121 
 0.0023737366674435223142 
 0.0022147780949940800224 
-6.1613602180673682362e-06 
-1.6378015505333877898e-06 
4.5672274910776217204e-05 
0.00020575489357952260038 
 0.0024550285839373370105 
 0.0022904692428040119775 
2.0294582846083963283e-06 
7.6313314421535658226e-06 
4.3302939442209035647e-05 
0.00022855012733240847775 
 0.0021606247332611704104 
 0.0019697954298964585884 
9.3043034534903233787e-06 
8.3934381752990170966e-06 
4.3311736698001775179e-05 
0.00022854659816480240231 
 0.0020893675497913434883 
   0.00190505726956371438 
6.9371156371406624322e-06 
3.9836835931297397834e-06 
4.3310585678588279558e-05 
0.00022854717640540854278 
 0.0020850524363131704882 
 0.0019027831589627866322 
1.6518638739215122797e-06 
-1.6518638747233102794e-06 
4.3310628554825975739e-05 
0.00022854698225414986053 
 0.0020860048712230544465 
 0.0019040861910718230067 
-3.9836835941576151119e-06 
-6.9371156387842451631e-06 
4.3310585678589214682e-05 
0.00022854717640540835304 
 0.0020850524363128369876 
 0.0019027831589630680911 
-8.3934381753934002838e-06 
-9.3043034487340097632e-06 
4.3311736698001788732e-05 
0.00022854659816480196862 
 0.0020893675497921969722 
 0.0019050572695597186614 
-7.6313314370012219525e-06 
-2.0294582832314803215e-06 
4.3302939442209767483e-05 
 0.0002285501273324092367 
 0.0021606247332693687135 
 0.0019697954299084307825 
3.3605525029037158918e-06 
1.2591458550390609506e-05 
3.4952545316839264797e-05 
0.00025908876796290413553 
 0.0018146071117035975258 
 0.0015840561613609984836 
1.5116006849566379121e-05 
1.2892348008162646294e-05 
3.4961678707919821173e-05 
0.00025908460573694760878 
 0.0017564479393015457881 
 0.0015373584447725210673 
1.0333914674528320643e-05 
5.6699300898604803445e-06 
3.4960563558387080987e-05 
0.00025908547586026806379 
  0.001755812605936952998 
 0.0015391619122537834093 
2.2665966627300801388e-06 
-2.2665966655075884173e-06 
 3.496060642756396473e-05 
0.00025908516896221860971 
 0.0017571962601008500778 
 0.0015404152105264526645 
-5.669930093196307849e-06 
-1.0333914679391067337e-05 
3.4960563558386172967e-05 
0.00025908547586026714222 
 0.0017558126059380159498 
 0.0015391619122563766041 
-1.2892348013665275557e-05 
-1.5116006855291129222e-05 
3.4961678707921650764e-05 
0.00025908460573694896403 
 0.0017564479392958563288 
 0.0015373584447670562547 
-1.2591458554968939476e-05 
-3.3605525041322185971e-06 
3.4952545316840267684e-05 
0.00025908876796290885181 
 0.0018146071117157171713 
 0.0015840561613697664266 
6.0466275638457251103e-06 
2.2963959299544674074e-05 
 6.919199121060622419e-06 
0.00045028026637439167931 
 0.0013416408986514844533 
0.00085841316084066460797 
2.6080435870617465935e-05 
1.8473950623033325448e-05 
6.9415890845692395538e-06 
0.00045027207620211459312 
 0.0013081157439400763112 
0.00084942968310461124896 
1.3189908420966156449e-05 
7.1373943310515567016e-06 
6.9391084166429346553e-06 
0.00045027229540221033049 
 0.0013102408592167043549 
0.00084999801675423669947 
2.6777975005116852387e-06 
-2.6777975058122399692e-06 
 6.939274341765825976e-06 
0.00045027189608639098771 
 0.0013111916287910252866 
0.00085025253011123834348 
-7.1373943356861499886e-06 
-1.3189908423780157448e-05 
6.9391084166404291318e-06 
0.00045027229540220761999 
 0.0013102408592191895631 
0.00084999801675490250803 
-1.8473950626319576114e-05 
-2.608043587701125348e-05 
6.9415890845703635665e-06 
0.00045027207620211475575 
 0.0013081157439358294912 
0.00084942968310347121037 
-2.2963959305485126197e-05 
-6.046627565438064042e-06 
6.9191991210588766841e-06 
0.00045028026637438994459 
 0.0013416408986574326033 
0.00085841316084225903569 
 0.0043731888954904622399 
  0.004373389627187891128 
1.5972168450917018887e-05 
6.0944336681981344222e-05 
-1.6306284297203474414e-05 
-6.0693634487069021016e-05 
 0.0043495103724564389627 
 0.0042866446497630628434 
2.7834935338450265095e-05 
0.00010191436745095975593 
-4.5167981036852218086e-06 
-1.6637916469160327141e-05 
 0.0045053496002976489015 
  0.004423041207862332333 
1.5970797659578391073e-05 
6.0959917451804946883e-05 
-6.309313232130822147e-05 
-2.5047597970927981085e-05 
 0.0043653523078622307949 
 0.0042925765860675271779 
2.7819284158003451771e-05 
0.00010189256515576083288 
-2.1895734938927850647e-05 
-2.4102366300092804298e-05 
 0.0044667660666458759364 
 0.0044179809781508313365 
 1.596968516146255498e-05 
6.0964180111851466542e-05 
-9.5546371343198991364e-06 
-5.0381348150093095998e-06 
 0.0043677879032109215643 
 0.0042819648489436108046 
2.7819804725823059485e-05 
0.00010189489947590857485 
-2.0938870430798271863e-05 
-1.0101495846375760907e-05 
 0.0044624351519078741396 
 0.0044141600984939719649 
1.5969662928739788364e-05 
6.0964487653863519249e-05 
-2.0031485874352767818e-06 
 2.003148572690333065e-06 
 0.0043655288275230297312 
 0.0042834629161082700063 
2.7819551654013376096e-05 
0.00010189527523628101797 
-3.5397635977030271344e-06 
3.5397635926527672517e-06 
 0.0044667660666433857408 
 0.0044179809781515659919 
 1.596968516146239235e-05 
6.0964180111850267143e-05 
5.0381347990879472336e-06 
9.5546371151739441734e-06 
 0.0043677879032125391939 
 0.0042819648489444105122 
2.7819804725822459786e-05 
0.00010189489947590871038 
1.0101495841626802926e-05 
2.0938870426862919521e-05 
 0.0045053496002983020249 
 0.0044230412078553145092 
1.5970797659577825255e-05 
6.0959917451802216048e-05 
2.5047597953414253529e-05 
6.3093132311474141847e-05 
 0.0043653523078522335835 
 0.0042925765860570754689 
2.7819284158005061134e-05 
0.00010189256515576241853 
2.4102366296621571801e-05 
 2.189573493591194918e-05 
 0.0043731888954855486357 
 0.0043733896271789252097 
1.5972168450919580314e-05 
6.0944336681982035401e-05 
6.0693634481530577506e-05 
1.6306284295723240293e-05 
 0.0043495103724453861721 
  0.004286644649750365535 
2.7834935338448608299e-05 
0.00010191436745095903765 
1.6637916466913995765e-05 
4.5167981030823681313e-06 
 -0.006137611025769338334 
  -0.00615635047926374121 
-2.3595606568327375674e-05 
-6.3312829480933060052e-06 
5.3097175871616034213e-07 
1.9989562645458110915e-06 
-0.0061688670863101670999 
-0.0061843254607900112474 
-2.0795066322504247798e-05 
-5.5803828899108899632e-06 
8.0938612813383560637e-08 
3.1836624102005851529e-07 
-0.0061948246114049646677 
-0.0062080519691616077582 
-1.8002627151781642995e-05 
-4.8313085031787110851e-06 
1.3383290112908601419e-08 
6.4019895366753596108e-08 
-0.0062169643136356774957 
-0.0062280871654018452044 
-1.5217892129040301144e-05 
-4.0844081695757000303e-06 
-9.9181598292772483251e-09 
-2.5117711021234888528e-08 
-0.0062354781435214889918 
-0.0062445487956342303135 
-1.2439463068544637464e-05 
-3.3394736847275371403e-06 
-1.5664448093910060826e-08 
-4.8736540989894378319e-08 
-0.0062504681571769905163 
-0.0062575701823732289911 
-9.6658465390119747214e-06 
-2.5964280526716021976e-06 
8.1114078276882099589e-09 
3.7811146636131385451e-08 
-0.0062623173691315862921 
-0.0062681854698240753801 
-6.8951518245890040641e-06 
-1.8555582601269273197e-06 
 3.003100241926494397e-07 
1.1265335666867096563e-06 
-0.0062710190982514721347 
-0.0062728872905089142278 
-4.1194651869827909763e-06 
-1.1213694044317065913e-06 
-4.1184957248086574712e-07 
-1.5444571002503403917e-06 
-0.0062683496943649981079 
-0.0062543048406218529692 
-1.3752228489221889729e-06 
-3.6566235960494223649e-07 
-5.511594533063941943e-06 
-2.0581117941762999598e-05 
-0.0061944234973916661655 
-0.0062108567062270688547 
-2.3595829472253442916e-05 
-6.3316252018390368645e-06 
2.2164778738192015284e-06 
1.3783537244277893976e-06 
-0.0062224829339333721442 
-0.0062378138215137485592 
-2.079542666118234674e-05 
-5.5805690176939251078e-06 
 4.340086721471904572e-07 
5.4362027296270199377e-07 
-0.0062482740703114197228 
-0.0062615219050197821332 
-1.8002946735489922008e-05 
-4.8314541501236423995e-06 
9.8609806216915852127e-08 
1.6940484741369433391e-07 
-0.0062704644950675389459 
-0.0062816489004432329163 
-1.5218164426767841045e-05 
-4.0845264951325476317e-06 
-2.2146416138104664407e-08 
2.3931433760153211368e-08 
-0.0062890799770410794889 
-0.0062981981283522971843 
-1.2439685913148161017e-05 
-3.3395692291867578955e-06 
-6.2453915624808818301e-08 
-4.8254053729778669554e-08 
-0.0063040761790813908128 
  -0.00631101743588537243 
-9.6660217260923677864e-06 
-2.5965116719743256157e-06 
-4.6522398173400825353e-09 
-1.358906365354513073e-07 
-0.0063148324093292348275 
-0.0063183135859176901145 
-6.8950734150968981078e-06 
-1.8557865546173191107e-06 
8.5401221743578664987e-07 
-7.0624034616573633034e-07 
-0.0063200384828786442329 
-0.0063212620488145758804 
-4.1195786047184866039e-06 
-1.1229358074527677561e-06 
-2.6050683217294770734e-06 
-4.3734873189752352824e-06 
-0.0063269133077688971545 
-0.0063413016578347672705 
-1.3626640559030239885e-06 
-3.5981936672033707272e-07 
-2.127322858582627357e-05 
-7.8268292469262201169e-06 
-0.0061867184350911826052 
-0.0062035565222693300411 
-2.3595659560789986904e-05 
-6.3316807843707340864e-06 
9.0054395185214741293e-07 
4.6756776297059015143e-07 
-0.0062152132948476261631 
-0.0062302226644194011115 
-2.0795347024520329041e-05 
-5.5805841521858717323e-06 
4.9511905646819028103e-07 
2.8332617597799343078e-07 
 -0.006240519582006795983 
-0.0062536425940183017896 
-1.8002895739828086449e-05 
-4.8314494659999081996e-06 
 1.659609936202025407e-07 
  1.11996990775029069e-07 
-0.0062625207896676799227 
-0.0062736540015327314432 
-1.5218124179128811449e-05 
-4.084515960435083455e-06 
3.0822491018550932101e-08 
2.5750772811988322468e-08 
-0.0062810663122271166367 
-0.0062901843166144333352 
-1.2439652163548791687e-05 
-3.3395564861553285703e-06 
-4.4536895574545670804e-08 
-3.0451322426186740932e-08 
-0.0062961143186326196455 
-0.0063031976025235995562 
-9.6659902596756186775e-06 
-2.5964951729803266041e-06 
-1.8513304701660997787e-07 
-1.7432304519783528802e-07 
-0.0063077657751701137617 
-0.0063131627053635112901 
-6.8950566500204451913e-06 
-1.8557072916544622883e-06 
-1.1506761202947675037e-06 
-7.9519311013116275498e-07 
-0.0063170539518898390779 
-0.0063222808715431297669 
-4.1204046304627337126e-06 
-1.1225194219710844029e-06 
-4.2100277887206360796e-06 
-1.975572311103811319e-06 
 -0.006325056301880487529 
-0.0063275833822718013585 
-1.3646439246920893554e-06 
-3.5930321642783264985e-07 
-2.4656655497956708045e-06 
-8.8229016999573712385e-07 
-0.0061867508203912943698 
-0.0062036794569245191922 
-2.3595635723045603374e-05 
-6.3316926355951680679e-06 
1.7119418579247431134e-07 
-1.7119419129259963923e-07 
 -0.006215364593631218966 
-0.0062303609065808415388 
-2.0795334813470900078e-05 
-5.5805943342590755852e-06 
1.1241340559688735152e-07 
-1.1241339912653381197e-07 
-0.0062406378665089664096 
-0.0062537194139607394164 
-1.8002892182219441515e-05 
-4.8314545591018729129e-06 
4.7709794424677480089e-08 
-4.7709790893569560365e-08 
-0.0062625776212654115857 
-0.0062736976890119767677 
-1.5218122622343811668e-05 
-4.0845174589120478476e-06 
9.1062460562813469879e-09 
-9.1062509841103182469e-09 
  -0.00628111352859310728 
 -0.006290254319684792858 
-1.243964985189124465e-05 
-3.3395550125825723594e-06 
-1.8436608279010742734e-08 
1.8436606052135925172e-08 
-0.0062962628889777980112 
 -0.006303538044163154927 
-9.6659880255848376526e-06 
-2.5964846696596326415e-06 
-1.0133650939324793167e-07 
1.0133650937057033181e-07 
-0.0063083289360367526474 
-0.0063141424910777826235 
-6.8950873912288784224e-06 
-1.8556624438338938806e-06 
-3.8601424217621248182e-07 
3.8601424374460203331e-07 
-0.0063178608617347259066 
 -0.006322198693275079065 
-4.1205100590930168619e-06 
-1.1224543047855848275e-06 
-6.7263323930834657378e-07 
6.7263324481431579373e-07 
-0.0063242576204922155633 
-0.0063257166718550094514 
-1.3646462114327163636e-06 
-3.5940411662312947955e-07 
-2.5822685061140861607e-07 
2.5822684841585967093e-07 
-0.0061867184350846895352 
-0.0062035565222707178198 
-2.3595659560792524615e-05 
-6.3316807843698040442e-06 
-4.6756776558791401751e-07 
-9.0054394659701408306e-07 
 -0.006215213294849659259 
-0.0062302226644153279808 
-2.0795347024518878921e-05 
-5.5805841521867712813e-06 
-2.8332617174469783153e-07 
-4.9511905834293253835e-07 
-0.0062405195820007062363 
-0.0062536425940128287371 
-1.8002895739828130494e-05 
-4.8314494659978270396e-06 
-1.1199698701552269875e-07 
-1.6596098924660511874e-07 
-0.0062625207896642651195 
-0.0062736540015343161131 
-1.5218124179129146874e-05 
-4.0845159604354569965e-06 
-2.5750775910213662046e-08 
-3.0822489118320718859e-08 
-0.0062810663122311195111 
-0.0062901843166200486351 
-1.2439652163550062237e-05 
-3.3395564861561518863e-06 
3.0451320786966679745e-08 
4.4536895545461543862e-08 
-0.0062961143186396313978 
-0.0063031976025328083357 
-9.665990259674346434e-06 
-2.596495172980350321e-06 
1.7432304598015235054e-07 
1.8513304999779148423e-07 
-0.0063077657751787483478 
-0.0063131627053683867304 
-6.8950566500197980581e-06 
-1.8557072916550702462e-06 
7.9519311032518507479e-07 
1.1506761167316149909e-06 
-0.0063170539518923032526 
-0.0063222808715427637402 
-4.1204046304616554397e-06 
-1.1225194219717804522e-06 
1.9755723155751826276e-06 
4.2100277903630456698e-06 
 -0.006325056301877476049 
-0.0063275833822643932219 
-1.3646439246904594523e-06 
-3.5930321642703114493e-07 
8.8229016619246188777e-07 
2.4656655415978995938e-06 
-0.0061944234973906322703 
-0.0062108567062271521214 
-2.3595829472253276898e-05 
-6.331625201840874926e-06 
-1.3783537158796127268e-06 
-2.2164778641516155489e-06 
-0.0062224829339356819286 
-0.0062378138215210092443 
 -2.07954266611794465e-05 
-5.5805690176934067236e-06 
-5.4362027525555337227e-07 
-4.3400866948472492311e-07 
-0.0062482740703183152486 
-0.0062615219050207041387 
-1.8002946735490874073e-05 
-4.8314541501255677054e-06 
-1.6940484500065451239e-07 
-9.8609809774867397385e-08 
-0.0062704644950667930148 
-0.0062816489004439033869 
-1.521816442676766825e-05 
-4.0845264951299108182e-06 
-2.3931429515166466329e-08 
2.2146421794222005155e-08 
-0.0062890799770432747814 
-0.0062981981283572558913 
-1.2439685913149501023e-05 
-3.3395692291872224931e-06 
4.8254055301090504556e-08 
6.2453919957086279021e-08 
-0.0063040761790870234599 
-0.0063110174358900995514 
-9.6660217260925066998e-06 
-2.5965116719730321964e-06 
1.3589063998736351258e-07 
4.6522423622944768262e-09 
-0.0063148324093350088546 
-0.0063183135859272406346 
-6.8950734151001651139e-06 
-1.8557865546167751038e-06 
7.0624034260729332068e-07 
-8.5401221722632694284e-07 
-0.0063200384828877151019 
-0.0063212620488185692139 
-4.1195786047185382729e-06 
-1.1229358074539311559e-06 
4.3734873177248935266e-06 
2.6050683154030078956e-06 
 -0.006326913307771252909 
-0.0063413016578377284435 
-1.3626640559027679728e-06 
-3.5981936672125774459e-07 
7.8268292373468212786e-06 
2.1273228576853057248e-05 
-0.0061376110257769312187 
-0.0061563504792655166994 
-2.3595606568325935717e-05 
-6.3312829480930976351e-06 
-1.9989562565979463639e-06 
-5.3097175658375860319e-07 
-0.0061688670863088599858 
-0.0061843254607861185279 
-2.0795066322502120051e-05 
-5.5803828899100014257e-06 
-3.1836623748724873432e-07 
-8.0938611867625826416e-08 
-0.0061948246114013364935 
-0.0062080519691612972427 
-1.800262715178129063e-05 
-4.831308503178965195e-06 
-6.4019899894117832356e-08 
-1.3383291326148623431e-08 
-0.0062169643136352750398 
-0.0062280871653978778918 
-1.5217892129040943195e-05 
-4.0844081695751130364e-06 
2.5117715892607471071e-08 
9.9181611342952357008e-09 
-0.0062354781435150895968 
-0.0062445487956247457129 
-1.2439463068544808565e-05 
-3.3394736847268624786e-06 
4.8736545202640435496e-08 
1.5664449222618398311e-08 
-0.0062504681571659117048 
-0.0062575701823608682189 
-9.6658465390102857377e-06 
-2.5964280526724852295e-06 
-3.7811144889678594268e-08 
-8.1114073584398335938e-09 
-0.0062623173691184171388 
-0.0062681854698099928949 
-6.8951518245905371937e-06 
-1.8555582601264957564e-06 
-1.1265335654322816017e-06 
-3.0031002385683968081e-07 
-0.0062710190982387808978 
-0.0062728872905009457756 
-4.119465186982887538e-06 
-1.1213694044313963654e-06 
1.5444570937973827252e-06 
4.1184957075245674294e-07 
-0.0062683496943606066554 
-0.0062543048406225156335 
-1.3752228489250011223e-06 
-3.6566235960442808749e-07 
2.0581117934862699903e-05 
5.5115945312149342407e-06 
