%    UNITS: X,Y,Z in m;  Magnetic Field Intensity in Amps/meter
%           X (m)            Y (m)            Z (m)        RealScatX        RealScatY        RealScatZ         RealTotX         RealTotY         RealTotZ
      0.001083333     0.0011873833      0.010538318       -6.2440385       0.02817575       0.26731358        1.7559615       0.02817575       0.26731358 
      0.001083333     0.0012106607      0.010744911       -6.2620464      0.028258093       0.26322056        1.7379536      0.028258093       0.26322056 
      0.001083333     0.0012339381      0.010951503       -6.2185162      0.029331182       0.25728899        1.7814838      0.029331182       0.25728899 
      0.001083333     0.0012572155      0.011158096       -6.1710341       0.02743794       0.25494027        1.8289659       0.02743794       0.25494027 
      0.001083333     0.0012804929      0.011364689       -6.1270264      0.027786249       0.24930448        1.8729736      0.027786249       0.24930448 
      0.001083333     0.0013037703      0.011571282       -6.0850188      0.027322696       0.24431155        1.9149812      0.027322696       0.24431155 
      0.001083333     0.0013270478      0.011777874       -6.0400887      0.026409602       0.24025492        1.9599113      0.026409602       0.24025492 
      0.001083333     0.0013503252      0.011984467       -5.9949851      0.026477078        0.2357034        2.0050149      0.026477078        0.2357034 
      0.001083333     0.0013736026       0.01219106        -5.950319      0.025918444       0.23158085         2.049681      0.025918444       0.23158085 
      0.001083333       0.00139688      0.012397653        -5.906318      0.025398368       0.22762494         2.093682      0.025398368       0.22762494 
      0.001083333     0.0014201574      0.012604245       -5.8636761      0.024971122       0.22351788        2.1363239      0.024971122       0.22351788 
      0.001083333     0.0014434348      0.012810838       -5.8209445      0.024670813       0.22019415        2.1790555      0.024670813       0.22019415 
      0.001083333     0.0014667122      0.013017431       -5.7788959      0.024552612       0.21706353        2.2211041      0.024552612       0.21706353 
      0.001083333     0.0014899897      0.013224024       -5.7372464      0.024073459       0.21372663        2.2627536      0.024073459       0.21372663 
      0.001083333     0.0015132671      0.013430616       -5.6962518      0.023722819       0.21057629        2.3037482      0.023722819       0.21057629 
      0.001083333     0.0015365445      0.013637209       -5.6557512      0.023334416       0.20764183        2.3442488      0.023334416       0.20764183 
      0.001083333     0.0015598219      0.013843802       -5.6158394      0.022847049       0.20487373        2.3841606      0.022847049       0.20487373 
      0.001083333     0.0015830993      0.014050395       -5.5768613      0.022669142       0.20227203        2.4231387      0.022669142       0.20227203 
      0.001083333     0.0016063767      0.014256988       -5.5379105      0.022437262       0.19898512        2.4620895      0.022437262       0.19898512 
      0.001083333     0.0016296541       0.01446358       -5.4998626      0.022096414       0.19607543        2.5001374      0.022096414       0.19607543 
      0.001083333     0.0016529316      0.014670173       -5.4625021      0.021774946       0.19325753        2.5374979      0.021774946       0.19325753 
      0.001083333      0.001676209      0.014876766       -5.4253737      0.021477295       0.19061593        2.5746263      0.021477295       0.19061593 
      0.001083333     0.0016994864      0.015083359       -5.3887747      0.021187472        0.1880438        2.6112253      0.021187472        0.1880438 
      0.001083333     0.0017227638      0.015289951       -5.3526802      0.020905177       0.18553848        2.6473198      0.020905177       0.18553848 
      0.001083333     0.0017460412      0.015496544       -5.3170712      0.020630126       0.18309742        2.6829288      0.020630126       0.18309742 
      0.001083333     0.0017693186      0.015703137       -5.2819321      0.020362046       0.18071823        2.7180679      0.020362046       0.18071823 
      0.001083333      0.001792596       0.01590973       -5.2472492       0.02010068       0.17839862        2.7527508       0.02010068       0.17839862 
      0.001083333     0.0018158735      0.016116322       -5.2130103      0.019845782       0.17613639        2.7869897      0.019845782       0.17613639 
      0.001083333     0.0018391509      0.016322915       -5.1792037      0.019597116       0.17392946        2.8207963      0.019597116       0.17392946 
      0.001083333     0.0018624283      0.016529508       -5.1458188      0.019354458       0.17177584        2.8541812      0.019354458       0.17177584 
      0.001083333     0.0018857057      0.016736101       -5.1128452      0.019117594       0.16967364        2.8871548      0.019117594       0.16967364 
      0.001083333     0.0019089831      0.016942693       -5.0802731       0.01888632       0.16762104        2.9197269       0.01888632       0.16762104 
      0.001083333     0.0019322605      0.017149286       -5.0480929      0.018660439        0.1656163        2.9519071      0.018660439        0.1656163 
      0.001083333      0.001955538      0.017355879       -5.0162957      0.018439765       0.16365777        2.9837043      0.018439765       0.16365777 
      0.001083333     0.0019788154      0.017562472       -4.9848725       0.01822412       0.16174387        3.0151275       0.01822412       0.16174387 
      0.001083333     0.0020020928      0.017769065       -4.9538148      0.018013331       0.15987307        3.0461852      0.018013331       0.15987307 
      0.001083333     0.0020253702      0.017975657       -4.9231146      0.017807237       0.15804392        3.0768854      0.017807237       0.15804392 
      0.001083333     0.0020486476       0.01818225       -4.8927637      0.017605679       0.15625504        3.1072363      0.017605679       0.15625504 
      0.001083333      0.002071925      0.018388843       -4.8627547      0.017408508       0.15450509        3.1372453      0.017408508       0.15450509 
      0.001083333     0.0020952024      0.018595436       -4.8330801      0.017215581        0.1527928        3.1669199      0.017215581        0.1527928 
      0.001083333     0.0021184799      0.018802028       -4.8037327       0.01702676       0.15111696        3.1962673       0.01702676       0.15111696 
      0.001083333     0.0021417573      0.019008621       -4.7747056      0.016841913       0.14947638        3.2252944      0.016841913       0.14947638 
      0.001083333     0.0021650347      0.019215214       -4.7459921      0.016660913       0.14786995        3.2540079      0.016660913       0.14786995 
      0.001083333     0.0021883121      0.019421807       -4.7175856       0.01648364       0.14629659        3.2824144       0.01648364       0.14629659 
      0.001083333     0.0022115895      0.019628399         -4.68948      0.016309976       0.14475527          3.31052      0.016309976       0.14475527 
      0.001083333     0.0022348669      0.019834992       -4.6616691      0.016139811         0.143245        3.3383309      0.016139811         0.143245 
      0.001083333     0.0022581443      0.020041585        -4.634147      0.015973037       0.14176483         3.365853      0.015973037       0.14176483 
      0.001083333     0.0022814218      0.020248178       -4.6069079       0.01580955       0.14031384        3.3930921       0.01580955       0.14031384 
      0.001083333     0.0023046992       0.02045477       -4.5799464      0.015649253       0.13889115        3.4200536      0.015649253       0.13889115 
      0.001083333     0.0023279766      0.020661363        -4.553257       0.01549205       0.13749592         3.446743       0.01549205       0.13749592 
      0.001083333      0.002351254      0.020867956       -4.5268344       0.01533785       0.13612734        3.4731656       0.01533785       0.13612734 


