%           X (m)            Y (m)            Z (m)         RealPolX         RealPolY         RealPolZ       RealFieldX       RealFieldY       RealFieldZ        RealFluxX        RealFluxY        RealFluxZ            |Pol|          |Field|           |Flux|
      0.068755435     0.0010916536      0.009688694        523.91877       0.30160889        2.3996277        5.2391877     0.0030160889      0.023996277     0.0006649595    3.8280304e-07    3.0456158e-06        523.92435        5.2392435    0.00066496659 
      0.066566304     0.0010916536      0.009688694          528.805       0.26155599        2.2946487          5.28805     0.0026155599      0.022946487    0.00067116112    3.3196776e-07     2.912376e-06        528.81004        5.2881004    0.00067116752 
      0.064377174     0.0010916536      0.009688694        534.44082       0.25631017        2.2663641        5.3444082     0.0025631017      0.022663641    0.00067831412    3.2530974e-07    2.8764771e-06        534.44569        5.3444569     0.0006783203 
      0.062188043     0.0010916536      0.009688694        540.29117       0.24856677        2.2039446        5.4029117     0.0024856677      0.022039446    0.00068573941     3.154818e-07     2.797254e-06        540.29573        5.4029573    0.00068574519 
      0.059998913     0.0010916536      0.009688694        546.12234       0.23964029        2.1270364        5.4612234     0.0023964029      0.021270364    0.00069314035    3.0415228e-07    2.6996419e-06        546.12653        5.4612653    0.00069314567 
      0.057809783     0.0010916536      0.009688694        551.82054       0.22998885        2.0422378        5.5182054     0.0022998885      0.020422378    0.00070037252    2.9190264e-07    2.5920152e-06        551.82436        5.5182436    0.00070037738 
      0.055620652     0.0010916536      0.009688694        557.32644       0.21992772        1.9532421        5.5732644     0.0021992772      0.019532421    0.00070736063    2.7913302e-07    2.4790616e-06         557.3299         5.573299    0.00070736503 
      0.053431522     0.0010916536      0.009688694        562.60869       0.20966551        1.8622397        5.6260869     0.0020966551      0.018622397    0.00071406488    2.6610819e-07     2.363561e-06        562.61181        5.6261181    0.00071406884 
      0.051242391     0.0010916536      0.009688694        567.65133       0.19934462        1.7706274        5.6765133     0.0019934462      0.017706274    0.00072046502    2.5300888e-07    2.2472864e-06        567.65413        5.6765413    0.00072046857 
      0.049053261     0.0010916536      0.009688694        572.44723       0.18906313        1.6793289        5.7244723     0.0018906313      0.016793289    0.00072655198    2.3995958e-07    2.1314101e-06        572.44972        5.7244972    0.00072655515 
       0.04686413     0.0010916536      0.009688694        576.99444       0.17888805        1.5889606        5.7699444     0.0017888805      0.015889606    0.00073232333    2.2704533e-07    2.0167143e-06        576.99666        5.7699666    0.00073232614 
         0.044675     0.0010916536      0.009688694        581.29413         0.168864        1.4999274        5.8129413       0.00168864      0.014999274    0.00073778051    2.1432277e-07     1.903713e-06        581.29609        5.8129609    0.00073778299 
       0.04248587     0.0010916536      0.009688694        585.34927        0.1590193        1.4124843        5.8534927      0.001590193      0.014124843    0.00074292731    2.0182784e-07      1.79273e-06          585.351          5.85351     0.0007429295 
      0.040296739     0.0010916536      0.009688694        589.16392       0.14937038        1.3267785        5.8916392     0.0014937038      0.013267785    0.00074776887     1.895814e-07    1.6839518e-06        589.16543        5.8916543    0.00074777079 
      0.038107609     0.0010916536      0.009688694        592.74268       0.13992502        1.2428788        5.9274268     0.0013992502      0.012428788    0.00075231104    1.7759331e-07     1.577466e-06        592.74399        5.9274399    0.00075231271 
      0.035918478     0.0010916536      0.009688694        596.09043        0.1306848        1.1607979        5.9609043      0.001306848      0.011607979    0.00075656002     1.658656e-07    1.4732887e-06        596.09157        5.9609157    0.00075656147 
      0.033729348     0.0010916536      0.009688694        599.21212       0.12164707        1.0805075        5.9921212     0.0012164707      0.010805075    0.00076052208    1.5439487e-07    1.3713838e-06         599.2131         5.992131    0.00076052333 
      0.031540217     0.0010916536      0.009688694         602.1126       0.11280671        1.0019499         6.021126     0.0011280671      0.010019499    0.00076420338    1.4317466e-07    1.2716783e-06        602.11345        6.0211345    0.00076420446 
      0.029351087     0.0010916536      0.009688694         604.7966        0.1041584       0.92504662         6.047966      0.001041584     0.0092504662    0.00076760992     1.321982e-07    1.1740723e-06        604.79731        6.0479731    0.00076761082 
      0.027161957     0.0010916536      0.009688694        607.26858      0.095700776       0.84970365        6.0726858    0.00095700776     0.0084970365    0.00077074737    1.2146375e-07    1.0784468e-06        607.26918        6.0726918    0.00077074813 
      0.024972826     0.0010916536      0.009688694        609.53282       0.08744673       0.77581513        6.0953282     0.0008744673     0.0077581513    0.00077362115    1.1098769e-07    9.8466722e-07        609.53332        6.0953332    0.00077362178 
      0.022783696     0.0010916536      0.009688694        611.59338      0.079453908       0.70326388        6.1159338    0.00079453908     0.0070326388    0.00077623642    1.0084317e-07    8.9258493e-07        611.59379        6.1159379    0.00077623694 
      0.020594565     0.0010916536      0.009688694        613.45488      0.072518287       0.63181707        6.1345488    0.00072518287     0.0063181707    0.00077859904    9.2040459e-08     8.019044e-07        613.45521        6.1345521    0.00077859946 
      0.074124038      0.001175627      0.010433978         240.2914       0.46949206        4.3696712         2.402914     0.0046949206      0.043696712    0.00030497866    5.9588093e-07    5.5460017e-06        240.33158        2.4033158    0.00030502967 
      0.076322115      0.001175627      0.010433978        234.88251       0.47791439         4.274122        2.3488251     0.0047791439       0.04274122    0.00029811368    6.0657059e-07    5.4247303e-06        234.92188        2.3492188    0.00029816365 
      0.078520192      0.001175627      0.010433978        228.66403       0.53897651        4.7912026        2.2866403     0.0053897651      0.047912026    0.00029022117    6.8407083e-07    6.0810107e-06        228.71485        2.2871485    0.00029028568 
      0.080718269      0.001175627      0.010433978        221.51436       0.60141979        5.3355294        2.2151436     0.0060141979      0.053355294    0.00028114679    7.6332406e-07    6.7718723e-06        221.57943        2.2157943    0.00028122937 
      0.082916346      0.001175627      0.010433978        213.43598         0.668377        5.9249311        2.1343598       0.00668377      0.059249311    0.00027089368    8.4830638e-07    7.5199429e-06        213.51925        2.1351925    0.00027099936 
      0.085114423      0.001175627      0.010433978        204.37521       0.74032851        6.5607172        2.0437521     0.0074032851      0.065607172    0.00025939372    9.3962748e-07    8.3268848e-06        204.48183        2.0448183    0.00025952904 
        0.0873125      0.001175627      0.010433978        194.23044       0.81848484        7.2522804        1.9423044     0.0081848484      0.072522804    0.00024651794    1.0388238e-06    9.2046192e-06        194.36751        1.9436751    0.00024669191 
      0.089510577      0.001175627      0.010433978        182.83491       0.90447955        8.0134279        1.8283491     0.0090447955      0.080134279     0.0002320547    1.1479685e-06     1.017067e-05        183.01267        1.8301267    0.00023228031 
      0.091708654      0.001175627      0.010433978        169.91861        1.0006765        8.8646135        1.6991861      0.010006765      0.088646135    0.00021566128    1.2700621e-06    1.1250998e-05        170.15263        1.7015263     0.0002159583 
      0.093906731      0.001175627      0.010433978        155.02762        1.1109092         9.839138        1.5502762      0.011109092       0.09839138    0.00019676159    1.4099698e-06    1.2487868e-05        155.34351        1.5534351    0.00019716251 
      0.096104808      0.001175627      0.010433978        137.29992        1.2460978        11.032795        1.3729992      0.012460978       0.11032795    0.00017426153    1.5815516e-06    1.4002861e-05        137.74811        1.3774811    0.00017483038 
      0.098302885      0.001175627      0.010433978        115.31699        1.3997627        12.375972        1.1531699      0.013997627       0.12375972    0.00014636072    1.7765837e-06    1.5707626e-05        115.98763        1.1598763     0.0001472119 
       0.10050096      0.001175627      0.010433978        77.038677        2.2616184        19.981576       0.77038677      0.022616184       0.19981576    9.7777753e-05    2.8704538e-06    2.5360685e-05        79.619948       0.79619948    0.00010105391 
       0.07063692     0.0011122857     0.0098718085        411.49002        10.777962         96.10572        4.1149002       0.10777962        0.9610572    0.00052226455    1.3679426e-05    0.00012197771        422.70144        4.2270144    0.00053649412 
       0.07222442     0.0011542724      0.010244451        283.39415         7.753007        68.918792        2.8339415       0.07753007       0.68918792    0.00035968483    9.8401431e-06    8.7471968e-05        291.75701        2.9175701      0.000370299 
      0.018416667     0.0010916536      0.009688694        615.11284      0.064648812       0.56199239        6.1511284    0.00064648812     0.0056199239    0.00078070333    8.2052494e-08    7.1328267e-07         615.1131         6.151131    0.00078070366 
          0.01625     0.0010916536      0.009688694           616.57      0.055860266       0.49365703           6.1657    0.00055860266     0.0049365703    0.00078255276    7.0898041e-08     6.265512e-07         616.5702         6.165702    0.00078255301 
      0.014083333     0.0010916536      0.009688694        617.83825      0.048073388        0.4260542        6.1783825    0.00048073388      0.004260542    0.00078416242    6.1014909e-08    5.4074945e-07         617.8384         6.178384    0.00078416261 
      0.011916667     0.0010916536      0.009688694        618.92076      0.040475783       0.35918624        6.1892076    0.00040475783     0.0035918624    0.00078553635    5.1372002e-08    4.5588041e-07        618.92087        6.1892087    0.00078553649 
          0.00975     0.0010916536      0.009688694        619.81954      0.032987492       0.29294351        6.1981954    0.00032987492     0.0029294351    0.00078667709    4.1867838e-08    3.7180491e-07        619.81961        6.1981961    0.00078667718 
     0.0075833333     0.0010916536      0.009688694        620.53614      0.025613926       0.22720693        6.2053614    0.00025613926     0.0022720693     0.0007875866    3.2509283e-08    2.8837181e-07        620.53618        6.2053618    0.00078758665 
     0.0054166667     0.0010916536      0.009688694        621.07218      0.018829032       0.16180333        6.2107218    0.00018829032     0.0016180333    0.00078826694    2.3897872e-08    2.0536134e-07         621.0722         6.210722    0.00078826697 
          0.00325     0.0010916536      0.009688694         621.4252     0.0095353384      0.096901323         6.214252    9.5353384e-05    0.00096901323      0.000788715    1.2102284e-08    1.2298749e-07        621.42521        6.2142521    0.00078871501 
     0.0010833333     0.0010916536      0.009688694        621.58126    -0.0075377721      0.033285155        6.2158126   -7.5377721e-05    0.00033285155    0.00078891307   -9.5669663e-09    4.2245633e-08        621.58126        6.2158126    0.00078891307 

