4.1717335530483453503e-08 
1.6213035979119800631e-07 
-1.5512256132811076627e-05 
-7.6045732612642957644e-06 
-0.0017117666523620972668 
-0.0017198603461856312984 
1.5836295104178893386e-07 
4.3739083237036031379e-08 
-1.5509590768780645987e-05 
-7.6061300290403377095e-06 
 -0.001712302375644235734 
-0.0017201548398905648629 
-2.9004066450979710256e-09 
-1.3148410902900658504e-09 
-1.5509188244677888741e-05 
-7.6060136081462291453e-06 
-0.0017121548249191161084 
-0.0017201219854925595392 
-3.8251219396935168435e-09 
 3.825122052759051372e-09 
-1.5509123300991134968e-05 
-7.6059490485910980626e-06 
-0.0017121393490383621239 
-0.0017201125690004869049 
1.3148411832827008624e-09 
2.9004066815536387638e-09 
-1.5509188244677051872e-05 
-7.6060136081468178332e-06 
-0.0017121548249190926896 
 -0.001720121985492481043 
-4.3739083223068742629e-08 
-1.5836295103428498958e-07 
-1.5509590768777820286e-05 
-7.6061300290413245029e-06 
-0.0017123023756442591527 
-0.0017201548398905761386 
-1.6213035978728434351e-07 
-4.1717335529909403393e-08 
-1.551225613281413611e-05 
-7.6045732612634165442e-06 
-0.0017117666523620920626 
-0.0017198603461856295637 
1.8320143373240757461e-09 
1.7819212164791438153e-08 
-1.6162552554773504241e-05 
-5.914214927122977004e-06 
-0.0017266791413688069128 
-0.0017369522616000297732 
1.7959813346201695065e-08 
2.3394314241639800684e-08 
-1.6162827649149903969e-05 
-5.9144495091644891301e-06 
-0.0017268837476317560036 
-0.0017371465264179499887 
1.5630003995620468706e-08 
9.5455276090895369019e-09 
-1.616256303089549847e-05 
-5.9145662253312024484e-06 
 -0.001726888264811021409 
-0.0017371391076065549174 
-8.5874057879283639323e-11 
8.5874002297513608103e-11 
-1.6162490424497858691e-05 
-5.914574278506135388e-06 
-0.0017268833596726334938 
-0.0017371403780223561211 
-9.5455276474801091331e-09 
-1.5630003981928025604e-08 
-1.616256303089549847e-05 
-5.9145662253311804255e-06 
-0.0017268882648109420454 
-0.0017371391076065273787 
-2.3394314210208231117e-08 
-1.7959813318734729382e-08 
-1.6162827649149470288e-05 
-5.9144495091639139947e-06 
-0.0017268837476317672793 
-0.0017371465264179562771 
-1.7819212143223259546e-08 
-1.832014331666839058e-09 
-1.616255255477279951e-05 
-5.9142149271224391381e-06 
-0.0017266791413687982391 
-0.0017369522616000054871 
-1.1490501612045244504e-09 
7.3635630759198487296e-09 
-1.6392020410563587832e-05 
-5.4104578904980558414e-06 
-0.0017447747851993299691 
 -0.001755770817502371817 
4.3127885378201483679e-09 
9.8248118429588772025e-09 
-1.6392277079832231178e-05 
-5.4106297290308778185e-06 
-0.0017449644290724953058 
-0.0017559576786776449463 
4.5716182243305997783e-09 
6.4706666152961644361e-09 
-1.6392199267158344693e-05 
-5.4106503647773463524e-06 
-0.0017449513476281762556 
-0.0017559408731089062427 
-4.6317829903463175545e-10 
4.6317823369556046514e-10 
-1.6392176752752860561e-05 
-5.4106644194391318706e-06 
-0.0017449544906373612007 
-0.0017559430070397863324 
-6.470666666736535707e-09 
-4.5716182429842728442e-09 
-1.6392199267157653514e-05 
-5.4106503647758233871e-06 
-0.0017449513476281786409 
 -0.001755940873108946575 
-9.8248118538825251102e-09 
-4.3127885707036134697e-09 
-1.6392277079832007561e-05 
-5.4106297290320060664e-06 
-0.0017449644290724944384 
-0.0017559576786776176244 
-7.3635631086968085373e-09 
1.1490501530018633863e-09 
-1.6392020410562568004e-05 
-5.4104578904993721306e-06 
-0.0017447747851993067672 
-0.0017557708175023696486 
-2.1467697861289507773e-09 
3.7251436413458901717e-09 
-1.6149264420919005983e-05 
-5.0520038850039714054e-06 
-0.0017638783389063833994 
-0.0017749866235651288841 
-4.3451015453403820042e-10 
4.8584096653742934718e-09 
-1.6149539587906163314e-05 
-5.0521475819058559963e-06 
-0.0017640642745109971334 
-0.0017751722434177093744 
 1.453275266700251469e-10 
3.9020052420943784462e-09 
-1.6149491115133892386e-05 
-5.0521467588447670064e-06 
-0.0017640455525706896182 
-0.0017751519238470652405 
-1.588916183496032611e-09 
1.5889161927470518369e-09 
-1.6149485755376895166e-05 
-5.0521528329998068688e-06 
-0.0017640471013557095566 
-0.0017751528820850082276 
-3.9020052356826550185e-09 
-1.4532752661173657257e-10 
-1.6149491115133638277e-05 
-5.0521467588461383528e-06 
-0.0017640455525707416599 
-0.0017751519238471086086 
-4.8584096682845026368e-09 
4.3451015865782167134e-10 
-1.6149539587905289176e-05 
-5.0521475819062871361e-06 
-0.0017640642745109661252 
-0.0017751722434176842209 
-3.7251436356930077622e-09 
2.1467697871453092503e-09 
-1.6149264420919639564e-05 
-5.0520038850038723026e-06 
-0.0017638783389063896877 
-0.0017749866235651295347 
-2.4639508807986608181e-09 
2.3389906451515856906e-09 
-1.5692406399168523889e-05 
-4.7687584708205711046e-06 
-0.0017830627138999059593 
-0.0017939959190906465229 
-2.1669517356152170517e-09 
2.8648830517368537517e-09 
-1.5692679092146023058e-05 
-4.768888314930088711e-06 
-0.0017832486051141047383 
-0.0017941823099166837475 
-1.5915530640500625322e-09 
2.7527734391065996688e-09 
-1.5692638672431626811e-05 
-4.7688790536473495062e-06 
-0.0017832274617341282216 
-0.0017941604343220079847 
-2.0491577251224219892e-09 
2.0491577867190855659e-09 
-1.5692637088126138632e-05 
-4.7688814099160559617e-06 
-0.0017832281123785888397 
-0.0017941608347463798134 
-2.7527733996997570594e-09 
 1.591553041047905122e-09 
-1.5692638672431230399e-05 
-4.7688790536476425796e-06 
-0.0017832274617341451351 
 -0.001794160434321962665 
-2.8648830856413467611e-09 
2.1669517334447608852e-09 
-1.5692679092144830435e-05 
-4.7688883149300590649e-06 
-0.0017832486051140921616 
-0.0017941823099167043473 
-2.3389906397774854815e-09 
2.4639508819560697156e-09 
-1.5692406399168442574e-05 
-4.7687584708198265627e-06 
-0.0017830627138999042246 
-0.0017939959190906430535 
-2.5236669958935277211e-09 
1.7660661286265702072e-09 
-1.5123348396944705498e-05 
-4.5219866124039502248e-06 
-0.0018018856328050824548 
-0.0018124957543977924038 
-2.7662958060777779548e-09 
2.0370643009361894933e-09 
-1.5123612633242569813e-05 
-4.5221076542441965271e-06 
-0.0018020726905367803663 
-0.0018126835920946218587 
-2.221162158638938735e-09 
2.2412871731014676216e-09 
-1.5123574955842793784e-05 
-4.5220952371919112569e-06 
-0.0018020504355061659884 
-0.0018126609577359929521 
-2.1816573223144382695e-09 
2.1816573366537089003e-09 
-1.5123574160212342477e-05 
-4.5220959711864956615e-06 
-0.0018020507071910012078 
-0.0018126611285026962474 
-2.2412871524001966305e-09 
2.2211621972360798854e-09 
-1.5123574955840972663e-05 
-4.5220952371915563501e-06 
-0.0018020504355061020205 
-0.0018126609577359467651 
-2.0370642635659867339e-09 
2.7662958184810960548e-09 
-1.5123612633243520184e-05 
-4.5221076542439932392e-06 
-0.0018020726905368042187 
-0.0018126835920946196903 
-1.7660661263795954913e-09 
2.5236669989072448913e-09 
-1.512334839694541023e-05 
-4.5219866124040510217e-06 
-0.0018018856328050761664 
-0.0018124957543977837301 
-2.4796545184734258618e-09 
1.5019589689258069345e-09 
-1.4494728003212491285e-05 
-4.2944702614366452069e-06 
-0.0018201180759255372512 
-0.0018303265425583482504 
-2.921014396937454135e-09 
1.6682298970182342389e-09 
-1.4494981605771145786e-05 
-4.2945844532846756694e-06 
-0.0018203067073065178766 
-0.0018305160389542258267 
-2.4026089823270404684e-09 
1.9867088066500379754e-09 
-1.4494945554080402686e-05 
-4.2945710986664602536e-06 
-0.0018202838741559095644 
-0.0018304929705147429762 
-2.1751022664007469503e-09 
2.1751022155159416116e-09 
-1.4494944869424816609e-05 
-4.2945711460709589963e-06 
-0.0018202839929616979053 
-0.0018304930492353305334 
-1.9867088601543576371e-09 
2.4026089247836073881e-09 
-1.4494945554079277826e-05 
-4.2945710986674665287e-06 
-0.0018202838741558687984 
-0.0018304929705146965723 
-1.6682299499377374143e-09 
2.9210143652557571453e-09 
-1.4494981605771305028e-05 
-4.2945844532842860342e-06 
-0.0018203067073065124556 
-0.0018305160389542436076 
-1.5019589878529047586e-09 
2.4796545142230773982e-09 
-1.4494728003212211764e-05 
-4.2944702614377980188e-06 
-0.0018201180759255329144 
-0.0018303265425583551892 
-2.392495194184913552e-09 
1.3580432822446103521e-09 
-1.3835876086523528011e-05 
-4.0779084080704997836e-06 
-0.0018376386163333122397 
 -0.001847404337910034779 
-2.8975058029796399771e-09 
 1.480024922210640828e-09 
-1.3836118229275884905e-05 
-4.0780165736183345216e-06 
-0.0018378289327962296987 
-0.0018475955279225173868 
-2.4035082794957022005e-09 
1.8331484377642618108e-09 
-1.383608367554091666e-05 
-4.0780032177557514733e-06 
-0.0018378057394737553135 
-0.0018475721604070440007 
-2.1107816584130365995e-09 
2.1107816264937625846e-09 
-1.383608297967501385e-05 
-4.0780029844123284253e-06 
-0.0018378057973546730371 
-0.0018475722025045578437 
-1.8331484556449976668e-09 
2.4035082926739888593e-09 
-1.3836083675541684072e-05 
-4.0780032177546291546e-06 
-0.0018378057394737147643 
-0.0018475721604070418323 
-1.4800249003245270808e-09 
2.8975058139573168408e-09 
-1.3836118229275725663e-05 
-4.0780165736183158869e-06 
-0.0018378289327962492143 
-0.0018475955279225277951 
-1.3580432767972316601e-09 
2.3924951978205216503e-09 
-1.3835876086524312364e-05 
-4.0779084080696552917e-06 
-0.0018376386163333245996 
-0.0018474043379100454042 
-2.2873643438401501632e-09 
1.2616407112579252564e-09 
-1.3164151818525448017e-05 
-3.8683625499918218807e-06 
-0.0018543843605635091081 
-0.0018636874890108953012 
-2.8019825372776750048e-09 
1.3632889206551360417e-09 
-1.3164382208739905676e-05 
-3.8684650690472311099e-06 
-0.0018545763572351951255 
-0.0018638803369157256207 
-2.3317177297216081346e-09 
1.7192706849487446325e-09 
-1.3164349210263223005e-05 
-3.8684521054153134958e-06 
-0.0018545528963940024082 
-0.0018638567302059205755 
-2.0227322137318747833e-09 
2.0227322491980215099e-09 
-1.3164348503285623509e-05 
-3.8684517647442321988e-06 
-0.0018545529300864674587 
-0.0018638567577922693624 
-1.7192706559592306099e-09 
2.3317177391023259719e-09 
-1.3164349210263338202e-05 
-3.8684521054151669591e-06 
-0.0018545528963940037092 
-0.0018638567302059032282 
-1.3632889187469180497e-09 
2.8019825418644564351e-09 
-1.3164382208740056448e-05 
-3.8684650690478909486e-06 
 -0.001854576357235199896 
-0.0018638803369157340775 
-1.2616407079991167455e-09 
2.2873643458451677256e-09 
-1.3164151818524597596e-05 
-3.868362549990697021e-06 
-0.0018543843605635149628 
-0.0018636874890109009391 
-2.1751651991101424304e-09 
1.1845227962908249636e-09 
-1.2490208623171668076e-05 
-3.6640591053768640009e-06 
-0.0018703257525957376218 
-0.0018791588462783715124 
-2.6776532193988630593e-09 
1.2753165673580712736e-09 
-1.2490427212261125768e-05 
-3.6641561839618918658e-06 
 -0.001870519377649705519 
-0.0018793532877257009602 
-2.2309899192781881575e-09 
1.6213959252732214255e-09 
-1.2490395825961328482e-05 
-3.6641437749945648763e-06 
-0.0018704956924171681036 
-0.0018793294719621244423 
-1.9253357033700737809e-09 
1.9253356848774114212e-09 
-1.2490395125772974191e-05 
-3.6641434008081466027e-06 
-0.0018704957165655211257 
-0.0018793294938653944386 
-1.6213959352718187785e-09 
2.2309899328445619034e-09 
-1.2490395825961409797e-05 
 -3.66414377499525182e-06 
-0.0018704956924171535753 
-0.0018793294719621320317 
-1.2753165562202160541e-09 
2.6776532022805075206e-09 
-1.2490427212262106632e-05 
-3.6641561839618160564e-06 
-0.0018705193776497048685 
-0.0018793532877256732046 
-1.1845228162773213292e-09 
2.1751651952174461841e-09 
-1.2490208623171048048e-05 
-3.6640591053763151236e-06 
-0.0018703257525957449944 
-0.0018791588462783929796 
-2.0608230455466507265e-09 
1.1157338617289448571e-09 
-1.1820697106401582184e-05 
-3.4642734953356843548e-06 
-0.0018854527631821298237 
-0.0018938157482246969088 
-2.5424620559457785431e-09 
1.1994564529836377994e-09 
-1.1820903974086421071e-05 
-3.4643652745434239935e-06 
-0.0018856479458107490085 
-0.0018940117074509178578 
-2.119315968176083826e-09 
1.5305413207146524688e-09 
-1.1820874227063921742e-05 
-3.4643534838271227536e-06 
-0.0018856240596669610662 
-0.0018939877009018764396 
-1.824824883660325016e-09 
1.8248248542967212497e-09 
-1.1820873547934907162e-05 
 -3.46435310763022604e-06 
-0.0018856240801264764415 
-0.0018939877206572983473 
-1.5305413455457891382e-09 
2.1193159536457584619e-09 
-1.1820874227065136387e-05 
-3.4643534838267161778e-06 
-0.0018856240596669807986 
-0.0018939877009019091825 
-1.1994564582354073017e-09 
2.5424620679354037665e-09 
-1.1820903974087202035e-05 
-3.4643652745432456931e-06 
-0.0018856479458107164825 
-0.0018940117074509063653 
-1.1157338481520117371e-09 
 2.060823048548731947e-09 
-1.1820697106401112928e-05 
-3.4642734953364746366e-06 
-0.0018854527631821541098 
-0.0018938157482247090519 
-1.9466573900902256889e-09 
1.0510568284158186707e-09 
-1.1159761018839325068e-05 
-3.268756126421286479e-06 
-0.0018997669693282777988 
-0.0019076641626447809943 
-2.4040291363514580178e-09 
1.1292673838668407328e-09 
-1.1159956318725907263e-05 
-3.268842725489387922e-06 
-0.0018999636313551215676 
-0.0019078615597215306879 
-2.0042193404952238189e-09 
 1.443392051686557316e-09 
-1.1159928213381498807e-05 
-3.2688315741009992767e-06 
  -0.00189993955987515146 
 -0.001907837375792106752 
-1.7239876803970046774e-09 
1.7239877072279034172e-09 
-1.1159927564160204542e-05 
-3.2688312095417982395e-06 
-0.0018999395789895097766 
-0.0019078373948030126657 
 -1.44339203896449013e-09 
2.0042193162837825335e-09 
-1.115992821338084998e-05 
-3.2688315741007549077e-06 
-0.0018999395598751748788 
-0.0019078373757920922237 
-1.1292674121352164226e-09 
2.4040291310326626908e-09 
-1.1159956318726847469e-05 
-3.2688427254899168941e-06 
-0.0018999636313551239528 
-0.0019078615597215571424 
-1.051056824798438738e-09 
 1.946657393183824518e-09 
-1.1159761018837439573e-05 
-3.2687561264207295549e-06 
-0.0018997669693282849546 
-0.0019076641626447842469 
-1.8337895106359668761e-09 
9.8892250533722026223e-10 
-1.0509917335501810953e-05 
-3.0774427041485605483e-06 
-0.0019132768527805299984 
-0.0019207151517456986112 
-2.2656229628865752003e-09 
1.0623384344174475397e-09 
-1.0510101265263611267e-05 
-3.0775242366220931892e-06 
-0.0019134749136022978413 
 -0.001920913905692334285 
-1.8888581672297149967e-09 
1.3588060469642675907e-09 
-1.0510074788756987405e-05 
-3.0775137276370298693e-06 
-0.0019134506690415041888 
-0.0019208895556257139011 
-1.6240963327771532286e-09 
1.6240963167284325915e-09 
-1.0510074174780566363e-05 
-3.0775133810192144291e-06 
 -0.001913450687720907482 
-0.0019208895743940330482 
-1.3588060614344420349e-09 
1.8888581603335424899e-09 
-1.0510074788756628263e-05 
 -3.07751372763686978e-06 
-0.0019134506690414788185 
-0.0019208895556256965539 
-1.0623384417363992954e-09 
 2.265622944087146293e-09 
-1.0510101265263523175e-05 
-3.0775242366219932394e-06 
-0.0019134749136023275484 
-0.0019209139056923514154 
-9.8892252433572631392e-10 
1.8337895057639042942e-09 
-1.0509917335502383547e-05 
-3.0774427041489679712e-06 
-0.0019132768527805358531 
-0.0019207151517457202953 
-1.7227387226626208491e-09 
9.2886549004919097144e-10 
-9.8725996848866311552e-06 
-2.8903145575825200809e-06 
-0.0019259949294135256248 
-0.0019329826835068084166 
-2.1285252035284418976e-09 
9.9794880188221275924e-10 
-9.872772468177154633e-06 
-2.8903911370096238079e-06 
-0.0019261943081131903399 
-0.0019331827135728315518 
-1.774423428217362229e-09 
1.2765148674491598153e-09 
-9.872747600257970047e-06 
-2.8903812670559653878e-06 
-0.0019261699011244456069 
-0.0019331582073684597852 
-1.5256959559583657579e-09 
1.5256960094969925287e-09 
-9.8727470254002681199e-06 
-2.8903809422084954668e-06 
-0.0019261699196337638169 
-0.0019331582259196880471 
-1.2765148284961403364e-09 
1.7744234294946091245e-09 
-9.872747600257687138e-06 
-2.8903812670569195704e-06 
-0.0019261699011244167671 
-0.0019331582073683914805 
-9.9794880993801452308e-10 
2.1285252099606401134e-09 
-9.8727724681771732678e-06 
-2.8903911370097428161e-06 
-0.0019261943081132107229 
-0.0019331827135728668968 
-9.2886548198640273675e-10 
1.7227387245062955923e-09 
-9.8725996848854266744e-06 
-2.8903145575824688354e-06 
-0.0019259949294135503446 
-0.0019329826835068257638 
-1.613657688163410717e-09 
 8.710571016192444042e-10 
-9.2485068389699807067e-06 
-2.7073368877575311898e-06 
-0.0019379359536648163923 
-0.0019444822460461534848 
-1.9928381271187525581e-09 
9.3635737370684750854e-10 
-9.2486687142145854998e-06 
-2.7074086303490981459e-06 
-0.0019381365697945221373 
-0.0019446834720047670875 
-1.6609404979242967616e-09 
1.1967497453092017979e-09 
-9.2486454333277083779e-06 
-2.7073993968372150311e-06 
-0.0019381120098815583265 
-0.0019446588184052538729 
-1.4288937412840890522e-09 
1.4288936921371959707e-09 
-9.2486449018024163225e-06 
-2.7073990981225567941e-06 
-0.0019381120280553059895 
-0.0019446588362918145951 
-1.1967497726008734329e-09 
1.6609405276837045898e-09 
-9.2486454333279895929e-06 
-2.7073993968364582071e-06 
-0.0019381120098814952259 
-0.0019446588184052499698 
-9.3635733218137387278e-10 
1.9928381444566083305e-09 
-9.2486687142147040844e-06 
-2.7074086303498536993e-06 
-0.0019381365697945535792 
-0.0019446834720047694728 
-8.710570953850483082e-10 
1.6136576900558725727e-09 
-9.2485068389706092052e-06 
-2.707336887757460039e-06 
-0.0019379359536648304869 
-0.0019444822460461658447 
-1.5063572270001267553e-09 
8.1646707404461577316e-10 
-8.6378328225611910544e-06 
-2.5284362028349716629e-06 
-0.0019491157718596653376 
-0.0019552299537741587784 
-1.857383517121361854e-09 
8.7904363055333020299e-10 
-8.6379840363858118979e-06 
-2.5285032314960775352e-06 
-0.0019493175453503823642 
-0.0019554322953008341363 
-1.5471385121358896076e-09 
1.1204099826176562427e-09 
-8.6379623249350424743e-06 
-2.5284946408510276094e-06 
 -0.001949292840474231266 
-0.0019554075008277487825 
-1.333354793731552559e-09 
1.3333547748175229478e-09 
-8.6379618429897533368e-06 
-2.528494376668142074e-06 
-0.0019492928575486152733 
-0.0019554075167037801748 
-1.1204099947923083274e-09 
1.5471385201550075656e-09 
-8.6379623249347104374e-06 
-2.5284946408512088744e-06 
-0.0019492928404742559858 
-0.0019554075008277934516 
-8.7904362207222267046e-10 
1.8573835084559753348e-09 
-8.6379840363844685036e-06 
-2.5285032314964739467e-06 
-0.0019493175453503693538 
-0.0019554322953008007428 
-8.1646708633240527933e-10 
1.5063572240614005387e-09 
-8.6378328225600729709e-06 
-2.5284362028354184727e-06 
 -0.001949115771859677047 
-0.0019552299537741782941 
-1.4000988590281802839e-09 
7.6779868554577719095e-10 
-8.0404223037069398773e-06 
-2.3534964009347932517e-06 
-0.0019595505774258393551 
-0.0019652419626322191124 
-1.7185284127049827695e-09 
8.3011870151290157662e-10 
-8.0405631071842955662e-06 
-2.353558855704560459e-06 
-0.0019597534273904930642 
 -0.001965445337083471071 
-1.4292095021261572487e-09 
1.0499057091542260878e-09 
-8.0405429557657436175e-06 
-2.353550938828757698e-06 
-0.0019597285823521604087 
-0.0019654204032058795494 
-1.2379642383026456497e-09 
1.2379642651106515456e-09 
-8.0405425330726063439e-06 
-2.3535507283376770913e-06 
-0.0019597285962487890482 
-0.0019654204135714954671 
-1.0499056946235559962e-09 
1.4292094824229319858e-09 
-8.0405429557647000729e-06 
-2.3535509388291079461e-06 
-0.0019597285823521981389 
-0.0019654204032058830189 
-8.3011872084678128683e-10 
1.7185284282571801789e-09 
-8.0405631071845157947e-06 
-2.3535588557052283444e-06 
 -0.001959753427390466176 
-0.0019654453370834784436 
-7.6779866227728220259e-10 
1.4000988648306192228e-09 
 -8.04042230370669932e-06 
-2.3534964009357669161e-06 
-0.0019595505774258567024 
-0.0019652419626322169439 
-1.2929272614932853745e-09 
7.3208337910520924352e-10 
-7.4558773405415975415e-06 
-2.1823628633847758581e-06 
-0.0019692564217923401622 
-0.0019745340855697401071 
-1.566777091427594731e-09 
8.0022911333942584569e-10 
-7.4560079835033096323e-06 
-2.1824209282345914477e-06 
-0.0019694602630221103023 
-0.0019747384020061026395 
-1.2972570096536921963e-09 
9.9144802746844127672e-10 
-7.4559893889014305677e-06 
-2.1824137753636678268e-06 
-0.0019694352750920483819 
-0.0019747133177730434583 
-1.1398133657685494445e-09 
1.1398133748191651419e-09 
-7.455989036952929741e-06 
-2.1824136637275955498e-06 
-0.0019694352804839466813 
-0.0019747133137232772936 
-9.9144801936258557325e-10 
1.2972570139059832936e-09 
-7.4559893889012382912e-06 
-2.1824137753633446837e-06 
-0.0019694352750920353715 
-0.0019747133177730304479 
-8.0022910845852008269e-10 
1.5667771017134260022e-09 
-7.4560079835045590059e-06 
-2.1824209282335474796e-06 
-0.0019694602630221337211 
-0.0019747384020061312625 
-7.3208337085416183584e-10 
1.2929272646240037267e-09 
-7.4558773405408851868e-06 
-2.1823628633849719462e-06 
-0.0019692564217923297538 
-0.0019745340855697223262 
-1.1798709970487896519e-09 
7.2746146834866421037e-10 
-6.8836316771975112158e-06 
-2.0148492276868244155e-06 
-0.0019782488939735095278 
-0.0019831215446339555721 
-1.3778102438675293334e-09 
8.1662416602321038508e-10 
-6.8837523827803107993e-06 
-2.0149031976906660329e-06 
-0.0019784536277138637696 
-0.0019833266881879104034 
-1.1261066961213692721e-09 
9.6086509330917187624e-10 
-6.8837353151327852684e-06 
-2.014897040773327349e-06 
 -0.001978428475409450913 
-0.0019833014114502621299 
-1.0315826088199845805e-09 
1.0315825869546297579e-09 
-6.8837350302841474341e-06 
-2.0148971345980310451e-06 
 -0.001978428458815090045 
-0.0019833013705558193499 
-9.6086511286045936345e-10 
1.1261066845704680312e-09 
-6.8837353151332994174e-06 
-2.0148970407734493217e-06 
-0.0019784284754094413721 
-0.0019833014114502608288 
-8.1662417843588224346e-10 
1.3778102175235998852e-09 
-6.8837523827811493619e-06 
-2.0149031976897838481e-06 
-0.0019784536277138910915 
-0.0019833266881879260159 
-7.2746149393204844139e-10 
1.1798709903574529141e-09 
-6.8836316771986132056e-06 
-2.0148492276858617626e-06 
-0.0019782488939734960837 
-0.0019831215446339659804 
-1.0481217598439861658e-09 
8.0122553513060375013e-10 
-6.3230030233964367454e-06 
-1.8507442567129507496e-06 
-0.0019865429202129830655 
-0.0019910188292524603169 
-1.0888767299291039826e-09 
9.4881762998431068593e-10 
-6.3231138758023715539e-06 
-1.850794713792132204e-06 
-0.0019867484097014624124 
-0.0019912246188908077314 
-8.5217766592212904379e-10 
9.9786222368065766737e-10 
-6.3230981171279023123e-06 
-1.8507901250334777017e-06 
-0.0019867230244112452954 
-0.0019911990292039551467 
-8.9520030006275195068e-10 
8.9520033436476066551e-10 
-6.3230977966876218959e-06 
-1.8507906738727074399e-06 
-0.0019867229522936707964 
-0.0019911988964702348644 
-9.9786219929868420651e-10 
8.5217766703736248337e-10 
-6.323098117127097631e-06 
-1.8507901250335721458e-06 
-0.0019867230244112392239 
-0.0019911990292039226207 
-9.4881762752416635635e-10 
1.0888767566666992309e-09 
-6.3231138758022699099e-06 
-1.8507947137918876233e-06 
 -0.001986748409701480627 
-0.0019912246188908537016 
-8.0122550593929384722e-10 
1.0481217667783032794e-09 
-6.3230030233949713784e-06 
-1.8507442567126091836e-06 
-0.0019865429202129908717 
-0.0019910188292524455718 
-8.6322949795755868962e-10 
1.0809353842850574662e-09 
-5.7732300675374364357e-06 
-1.6898171961714089947e-06 
-0.0019941526686590186832 
-0.0019982396697381219104 
-5.3389173445967143652e-10 
1.3743183018444590572e-09 
-5.7733304874326809553e-06 
-1.6898654801395220417e-06 
-0.0019943586703351796202 
-0.0019984457345641809187 
-3.1699750637839520472e-10 
1.1964343825225255801e-09 
-5.7733149860662585177e-06 
-1.6898638834637078389e-06 
-0.0019943328654489617634 
-0.0019984195158780832836 
-6.8979599565976016802e-10 
6.8979597288180241146e-10 
-5.7733140377017441909e-06 
-1.6898654537045955165e-06 
-0.0019943326605270524608 
-0.0019984191745106506984 
-1.1964343869725339369e-09 
3.1699755413132537905e-10 
-5.773314986066239036e-06 
-1.6898638834642571398e-06 
-0.0019943328654489374772 
-0.0019984195158781106055 
-1.3743182579227532019e-09 
5.3389171814662275311e-10 
-5.7733304874312791157e-06 
-1.6898654801399699104e-06 
-0.0019943586703352117126 
-0.0019984457345641496936 
-1.0809354150563059138e-09 
8.6322949099522228036e-10 
-5.7732300675370561179e-06 
-1.689817196172052528e-06 
 -0.001994152668659002637 
-0.0019982396697381275483 
-5.3025659622151179392e-10 
1.9340172754170548145e-09 
-5.2335088759487294818e-06 
-1.5318207725623558237e-06 
-0.0020010916026642179902 
-0.0020047972497797732563 
 7.622080866669014352e-10 
2.5779539711081278332e-09 
-5.2335970235329193153e-06 
-1.531870952734179549e-06 
-0.0020012975556716701073 
-0.0020050026330595783694 
8.7274394772319926578e-10 
1.6937103722311982417e-09 
-5.2335762764033961396e-06 
-1.5318768493117092707e-06 
-0.0020012708210641241141 
-0.0020049748727142828637 
-3.8984138512329151537e-10 
 3.898413301054682165e-10 
-5.2335726765314129577e-06 
-1.5318799793602475658e-06 
-0.0020012704116561404709 
-0.0020049744152802078702 
-1.6937104317750414884e-09 
-8.7274401399393891756e-10 
-5.2335762764035672403e-06 
-1.5318768493109463058e-06 
-0.0020012708210641644464 
-0.0020049748727143153898 
-2.5779540195339415185e-09 
-7.6220807629512982063e-10 
-5.2335970235342398396e-06 
-1.5318709527334485596e-06 
-0.0020012975556716362802 
-0.0020050026330596078597 
-1.9340172501403521382e-09 
5.3025660242830267245e-10 
-5.2335088759494935055e-06 
-1.5318207725622037813e-06 
-0.0020010916026642292659 
-0.0020047972497797667511 
1.1650001095246712935e-09 
 7.512100460085142655e-09 
-4.7028550263618876489e-06 
-1.3763795443769709352e-06 
-0.0020073736531923047285 
-0.0020107078640494296939 
6.7988878511591497171e-09 
5.3101668476405974856e-09 
-4.7028696567872607377e-06 
-1.3764715673814688679e-06 
-0.0020075760237771656316 
-0.0020109022925160926869 
2.3423412399905421631e-09 
2.2456524373108251862e-09 
-4.7028237810986029711e-06 
-1.3764916290924677207e-06 
-0.0020075483745926243385 
-0.0020108759587152140631 
-1.0442569027284411778e-10 
1.0442574504188096963e-10 
-4.7028165486545281848e-06 
-1.3764953457080024673e-06 
 -0.002007548007382232904 
-0.0020108758854258247488 
-2.2456523863534943058e-09 
-2.3423412089362318896e-09 
-4.7028237810985309733e-06 
-1.3764916290928351213e-06 
-0.0020075483745926507931 
-0.0020108759587152253388 
-5.3101668284651546057e-09 
-6.7988878612543299192e-09 
-4.7028696567862671681e-06 
-1.3764715673822576673e-06 
-0.0020075760237772098671 
-0.0020109022925161039626 
-7.5121004768565025441e-09 
-1.165000113879819198e-09 
-4.7028550263622078274e-06 
-1.3763795443772731142e-06 
-0.0020073736531922960549 
-0.0020107078640494318623 
-6.119828926056482377e-08 
-2.3828475665669184014e-07 
1.2358035645422900376e-05 
3.3068309795923224296e-05 
 0.0017054339603905432562 
  0.001684482659945588795 
-2.6428925728610993948e-07 
-1.4895558067102785103e-07 
1.2356513468310894471e-05 
 3.306974240655928169e-05 
 0.0017053393262015665698 
 0.0016840961672690000269 
-9.4837169097074179558e-08 
-4.8523222338542070545e-08 
1.2356785463006053215e-05 
3.3070480639257581195e-05 
 0.0017052976557976166645 
 0.0016841230827540397755 
-2.1094274159862213748e-08 
2.1094274204503937106e-08 
1.2356684468677333903e-05 
3.3070644326587025875e-05 
 0.0017053082806882196264 
 0.0016841375507106503065 
4.8523222373562111737e-08 
9.4837169103747727157e-08 
1.2356785463006066767e-05 
3.3070480639257615076e-05 
 0.0017052976557976311928 
 0.0016841230827540809752 
1.4895558068153158898e-07 
2.6428925733472343672e-07 
1.2356513468310528553e-05 
3.3069742406557838346e-05 
 0.0017053393262015667867 
 0.0016840961672689646819 
2.3828475670593942095e-07 
6.1198289273915439447e-08 
1.2358035645423227331e-05 
3.3068309795923630872e-05 
 0.0017054339603906458218 
 0.0016844826599457230192 
-1.1856313633033227274e-08 
-3.6155705442546423606e-08 
1.0522370466643975068e-05 
3.3932289715513393028e-05 
 0.0016684911681610521683 
 0.0016451194235483500468 
-5.3202921072384604708e-08 
-6.0021495291015348796e-08 
1.0523659159899276572e-05 
3.3931671393386332353e-05 
 0.0016679905510020008076 
 0.0016446035485760393188 
-5.7514707218457061482e-08 
-2.9296541749855921245e-08 
1.0523257294202918591e-05 
3.3931958799764678331e-05 
 0.0016680288606049718369 
 0.0016446062439054735718 
-1.4051488835082331064e-08 
 1.405148880797097529e-08 
 1.052319829347688119e-05 
 3.393201240714433561e-05 
 0.0016680447949400307225 
  0.001644622191823607877 
2.9296541736024822819e-08 
5.7514707241602580873e-08 
1.0523257294202542509e-05 
 3.393195879976526109e-05 
 0.0016680288606050119524 
 0.0016446062439054761738 
 6.002149530918116149e-08 
5.3202921046266694504e-08 
1.0523659159899676372e-05 
3.3931671393386359458e-05 
 0.0016679905510019671974 
 0.0016446035485760492935 
3.6155705411374287658e-08 
1.1856313626440579594e-08 
 1.052237046664418005e-05 
3.3932289715514192627e-05 
  0.001668491168161193982 
 0.0016451194235484654059 
-4.1820146926634063069e-09 
-7.1198224219918479719e-09 
1.1292082369169041255e-05 
3.8544429579718757055e-05 
 0.0016265713918068031973 
 0.0015993118739822894964 
-1.5468625525328276126e-08 
-1.7208317750075321919e-08 
1.1293439715641007763e-05 
3.8543787786570982915e-05 
 0.0016260491242947386348 
 0.0015987893768591684204 
-2.0476576743469599548e-08 
-1.0399112851253100626e-08 
1.1293147545797481012e-05 
3.8543893399750480354e-05 
 0.0016260342055121766638 
 0.0015987622465797215847 
-7.4862841108764518622e-09 
7.4862840461281069017e-09 
 1.129311156660174338e-05 
3.8543882006564064355e-05 
 0.0016260483470083009466 
 0.0015987714782274074603 
1.0399112793604044853e-08 
2.0476576707273876626e-08 
1.1293147545798045136e-05 
3.8543893399749633321e-05 
 0.0016260342055121604007 
 0.0015987622465796849387 
1.7208317722650982508e-08 
 1.546862549644985246e-08 
1.1293439715640970494e-05 
3.8543787786570894824e-05 
 0.0016260491242947642219 
 0.0015987893768591959591 
7.1198223977932937468e-09 
4.1820146858243100895e-09 
 1.129208236916936821e-05 
3.8544429579719394023e-05 
 0.0016265713918069053291 
 0.0015993118739823734137 
-1.3419231044534769422e-09 
4.6182907377872635006e-09 
1.2268489193114808978e-05 
4.3231332433266630717e-05 
 0.0015779980057467086086 
 0.0015470211935134129625 
-4.4148255980419506709e-10 
2.4175055974340343539e-10 
1.2270063851777983566e-05 
 4.323060948787099141e-05 
 0.0015774774624228921679 
  0.001546507079125787219 
-4.9993661554040130115e-09 
-4.9270496593671241082e-10 
1.2269797192480277645e-05 
4.3230714683316925993e-05 
 0.0015774442277864276357 
 0.0015464696553947549287 
-3.4169483133851510356e-09 
3.4169483005349362019e-09 
1.2269781736175365951e-05 
4.3230686368970744468e-05 
 0.0015774508207646021057 
 0.0015464739434039099283 
 4.927049474670068981e-10 
4.9993661250833652056e-09 
1.2269797192479142621e-05 
4.3230714683316092512e-05 
 0.0015774442277863896886 
 0.0015464696553947284742 
-2.4175059238853774362e-10 
 4.414825398717818379e-10 
1.2270063851778667969e-05 
 4.323060948787126246e-05 
 0.0015774774624229136351 
 0.0015465070791258000125 
-4.6182907507796760583e-09 
1.3419230994575777712e-09 
1.2268489193114183867e-05 
4.3231332433266501968e-05 
 0.0015779980057467851533 
  0.001547021193513478882 
-7.240420509641844135e-11 
1.0525231744644688988e-08 
1.3411642634203381841e-05 
 4.821969791138264362e-05 
 0.0015229396945151206077 
 0.0014881134814229955449 
6.6480275324549324761e-09 
8.3999244589280323429e-09 
1.3413421502104226182e-05 
4.8218896507097032086e-05 
  0.001522431283370444385 
  0.001487615220443288264 
1.8877037251885288896e-09 
4.2151461303067812242e-09 
1.3413151677148548092e-05 
4.8219014750791117574e-05 
 0.0015223918567001974364 
 0.0014875748390852476521 
-1.6552566282443618939e-09 
1.6552566795663745793e-09 
1.3413146496909697774e-05 
4.8218982518769791794e-05 
 0.0015223949576814383225 
  0.001487576994808006807 
-4.2151460867042150909e-09 
-1.8877037062303247317e-09 
 1.341315167714895975e-05 
4.8219014750791246323e-05 
 0.0015223918567001792218 
 0.0014875748390852561089 
-8.3999244443381115109e-09 
-6.6480275075905491432e-09 
1.3413421502103414724e-05 
4.8218896507096761035e-05 
  0.001522431283370449806 
 0.0014876152204432802409 
-1.0525231721333685498e-08 
7.2404210827281700362e-11 
1.3411642634203571576e-05 
4.8219697911383036643e-05 
 0.0015229396945151884787 
 0.0014881134814230820643 
5.3440229668131647987e-10 
1.4054869255781722459e-08 
1.4641823887861816299e-05 
5.3603251723934240117e-05 
 0.0014611049613039318179 
 0.0014221232376249583022 
1.0497354306909383483e-08 
1.2873220937043999752e-08 
1.4643811898399524316e-05 
5.3602367391464309854e-05 
 0.0014606146154455029902 
 0.0014216454923546230273 
5.3279160266696052503e-09 
6.7569766910557644339e-09 
1.4643524868399104626e-05 
5.3602503044431338945e-05 
 0.0014605739435757164255 
 0.0014216053560271110518 
-9.1196322545995007438e-10 
9.1196321361970488088e-10 
1.4643524709082085346e-05 
5.3602468470530786275e-05 
 0.0014605756278661616038 
  0.001421606691987233528 
-6.7569767013216350097e-09 
-5.327916034320222724e-09 
  1.46435248684003396e-05 
5.3602503044432809394e-05 
 0.0014605739435757331222 
 0.0014216053560271262306 
 -1.28732209538936953e-08 
-1.0497354344848257197e-08 
1.4643811898400442499e-05 
 5.360236739146611234e-05 
 0.0014606146154454999544 
 0.0014216454923546412419 
-1.405486929253379548e-08 
-5.3440230717465045387e-10 
1.4641823887860972654e-05 
 5.360325172393530399e-05 
 0.0014611049613040135668 
 0.0014221232376250114281 
8.8796678063084403399e-10 
1.6792509141010037412e-08 
  1.59000767970409761e-05 
5.9538828885474212637e-05 
 0.0013918852438449572876 
 0.0013482253801305136426 
1.3189403526060963213e-08 
1.6046923111784122539e-08 
1.5902290348438689709e-05 
5.9537853816666717226e-05 
 0.0013914170148427741896 
 0.0013477718159580743228 
 7.491440990038793941e-09 
8.5263237827301185716e-09 
1.5901978176649847057e-05 
5.9538008245012757165e-05 
 0.0013913774216920810588 
  0.001347733593350441527 
-5.7068899526132361379e-10 
5.7068898385525135835e-10 
1.5901980787394197526e-05 
5.9537970812949997693e-05 
 0.0013913786126982018252 
 0.0013477347314883214753 
-8.5263237803744967842e-09 
-7.4914409470517080861e-09 
1.5901978176648254635e-05 
5.9538008245010927573e-05 
  0.001391377421692078023 
 0.0013477335933503972916 
-1.6046923075113283616e-08 
-1.3189403545657093609e-08 
 1.590229034843816116e-05 
5.9537853816666114139e-05 
  0.001391417014842821244 
 0.0013477718159581777557 
-1.6792509171800962211e-08 
-8.8796678867587621645e-10 
1.5900076797041199717e-05 
5.9538828885474720856e-05 
 0.0013918852438449904642 
 0.0013482253801305210152 
1.1859482285829306281e-09 
1.9560930178226964998e-08 
1.7100368430154202175e-05 
6.6256172427178597947e-05 
   0.00131426195807473928 
 0.0012650859322638765506 
1.5769565750932058485e-08 
1.9121472914437547374e-08 
1.7102835417894205069e-05 
6.6255096629528158745e-05 
 0.0013138193957866902382 
 0.0012646601915493186404 
9.4428717006883724764e-09 
1.0224429756639021022e-08 
1.7102492658344729272e-05 
6.6255271602537222178e-05 
  0.001313782258907749724 
  0.001264625126320238031 
-3.3774359312988562005e-10 
3.3774360347799593999e-10 
1.7102497360349292566e-05 
6.6255230213690282618e-05 
 0.0013137834408826682721 
 0.0012646264757190830812 
-1.0224429748429547919e-08 
-9.4428716986125048265e-09 
1.7102492658345888013e-05 
6.6255271602537411913e-05 
 0.0013137822589076944297 
 0.0012646251263201924945 
-1.9121472897442092676e-08 
-1.5769565688106645405e-08 
1.7102835417894398192e-05 
6.6255096629529432683e-05 
 0.0013138193957867964901 
   0.00126466019154937632 
-1.9560930114818826338e-08 
-1.1859482116791533918e-09 
1.7100368430154530824e-05 
6.6256172427178475974e-05 
 0.0013142619580747585788 
 0.0012650859322639450722 
1.5620293184806701189e-09 
2.3003773454933804922e-08 
1.8084226792938810869e-05 
7.4126580985473504307e-05 
 0.0012265946562404561951 
 0.0011705361805237305284 
 1.901476392332994862e-08 
2.3015943372366149887e-08 
1.8086990621139255997e-05 
7.4125392374647204119e-05 
 0.0012261815950858636314 
 0.0011701425670142078222 
1.1964206754841692629e-08 
1.2389625937414337277e-08 
1.8086612479749151333e-05 
7.4125590706803661163e-05 
  0.001226148197422165893 
 0.0011701121950529161549 
-1.1264365478699439887e-11 
1.1264317030743344516e-11 
1.8086619648300931209e-05 
7.4125543547978124041e-05 
 0.0012261497837341571622 
 0.0011701142559093294111 
-1.2389626001033579047e-08 
-1.1964206855390902537e-08 
1.8086612479747928218e-05 
7.4125590706802983536e-05 
  0.001226148197422135969 
 0.0011701121950529217927 
-2.3015943476463650294e-08 
-1.9014764001005063566e-08 
1.8086990621138930737e-05 
7.4125392374647149909e-05 
  0.001226181595085893989 
 0.0011701425670142117253 
-2.3003773510164905885e-08 
-1.5620293350867173422e-09 
1.8084226792938770212e-05 
7.4126580985473070626e-05 
 0.0012265946562405229819 
 0.0011705361805237606693 
2.1957850387830702405e-09 
2.8007551374691017177e-08 
1.8533627628023846253e-05 
 8.381456424179228057e-05 
  0.001126167607358440851 
  0.001060888235495500119 
2.3984364311901696557e-08 
2.9020365504306623383e-08 
1.8536755407930659496e-05 
8.3813239789844371755e-05 
 0.0011257888545274487638 
 0.0010605325237750412321 
1.6149412578672594199e-08 
1.5773385300694540969e-08 
1.8536337461534692226e-05 
8.3813466839892852627e-05 
 0.0011257611191084230737 
 0.0010605095960113945959 
6.8056751767646017847e-10 
-6.8056750158587210484e-10 
1.8536348726495376868e-05 
8.3813409998214366699e-05 
 0.0011257637484559681034 
 0.0010605132984628567669 
-1.5773385281591837044e-08 
-1.6149412551055779785e-08 
1.8536337461534617687e-05 
8.3813466839892283421e-05 
 0.0011257611191084393367 
 0.0010605095960114024022 
-2.9020365472966731898e-08 
-2.3984364275507384113e-08 
1.8536755407930283413e-05 
8.3813239789844331097e-05 
 0.0011257888545274422586 
 0.0010605325237750312575 
-2.8007551345713338455e-08 
-2.1957850308046154474e-09 
 1.853362762802392418e-05 
8.3814564241792510963e-05 
 0.0011261676073584647034 
 0.0010608882354955458723 
3.1689703108257793717e-09 
 3.615237640303647343e-08 
1.7762479124048246844e-05 
9.7002793808104756206e-05 
 0.0010081088728073818884 
0.00092885299958464268184 
3.2431645190259069719e-08 
4.0017593536169427705e-08 
1.7766107968510683928e-05 
9.7001369519354136242e-05 
 0.0010077709779478521025 
0.00092854299497399130081 
2.4212888290731271455e-08 
 2.183436083382477649e-08 
1.7765639716767585776e-05 
9.7001607994370535998e-05 
 0.0010077529462381984698 
0.00092853428460606870359 
1.9610527140757048293e-09 
-1.9610527191847114365e-09 
1.7765655435231141127e-05 
9.7001527865986180267e-05 
 0.0010077576530181193634 
0.00092854065411391087381 
-2.1834360837612625112e-08 
-2.4212888288800284489e-08 
1.7765639716768151594e-05 
9.7001607994371267835e-05 
 0.0010077529462382030234 
0.00092853428460606631835 
-4.0017593529958783612e-08 
-3.2431645178572523059e-08 
1.7766107968510944814e-05 
 9.700136951935343151e-05 
 0.0010077709779478386583 
0.00092854299497397297779 
-3.615237639140027229e-08 
-3.1689703091797031876e-09 
1.7762479124048368817e-05 
9.7002793808105067914e-05 
 0.0010081088728074378332 
0.00092885299958470740871 
1.0240733425488544774e-08 
5.9553763586391101335e-08 
1.4064595516780541097e-05 
0.00011467493394191120056 
0.00086306554044265166789 
0.00076377161604208518558 
 6.065789765631067759e-08 
6.1278726731086591809e-08 
1.4068500887867454489e-05 
0.00011467318603154005798 
0.00086278373926346489317 
0.00076354136093128991466 
4.1230504700886293936e-08 
2.9517840281584792746e-08 
1.4068033134341827712e-05 
0.00011467356198457921159 
0.00086278234017062895023 
0.00076355165441117868377 
5.4483734558598592718e-09 
-5.4483734806948140001e-09 
1.4068048451598535846e-05 
 0.0001146734269669857654 
 0.0008627890926122301499 
0.00076355777495971846169 
-2.9517840302915835215e-08 
-4.1230504717064550437e-08 
1.4068033134341519392e-05 
0.00011467356198457883212 
0.00086278234017062222817 
0.00076355165441116621544 
-6.1278726751167215124e-08 
-6.0657897695591909928e-08 
 1.406850088786845907e-05 
0.00011467318603154131836 
 0.0008627837392634505817 
0.00076354136093129544409 
-5.9553763623327250167e-08 
-1.024073343582321527e-08 
1.4064595516781035764e-05 
0.00011467493394191345028 
0.00086306554044270739588 
0.00076377161604211402535 
-1.310667480095748479e-08 
 1.472474830813930106e-07 
-2.0432825821437170454e-06 
0.00020990107120074828154 
0.00065508586024368912863 
 0.0004317391223537655684 
 7.905606346397395038e-08 
1.2415482261099520437e-07 
-2.0331035617541343583e-06 
0.00020989750083448373481 
0.00065491716581427548202 
0.00043169353283052164976 
1.9748046544282206657e-08 
7.2071862982156725975e-08 
-2.0342110221635822886e-06 
0.00020989762095848513829 
0.00065492813461588336981 
0.00043169599304533992114 
-2.8052234567683486805e-08 
2.8052234553264474723e-08 
-2.0341431515625362564e-06 
0.00020989744009631511692 
 0.0006549327585526754222 
0.00043169712692247636443 
-7.2071863000129375452e-08 
-1.9748046570885473358e-08 
-2.0342110221649320356e-06 
0.00020989762095848378304 
0.00065492813461587241937 
 0.0004316959930453375901 
-1.2415482263874495663e-07 
-7.905606348295085006e-08 
-2.0331035617535803988e-06 
0.00020989750083448327402 
0.00065491716581428458931 
0.00043169353283052251712 
-1.472474830933085407e-07 
1.3106674797615483209e-08 
-2.0432825821443070039e-06 
0.00020990107120074760392 
0.00065508586024370430746 
0.00043173912235376963415 
 0.0017113503987486275871 
 0.0017165333263820178877 
3.5131024220690653491e-06 
-1.064974589420585538e-06 
-6.069975839464267211e-08 
-2.3526467756658597875e-07 
 0.0017171204593192212606 
 0.0017145804358713694331 
5.5308917403895893717e-06 
8.0675451025965218629e-06 
-4.3922443677092938894e-08 
-5.8496697096155600711e-08 
 0.0017118698491803785531 
 0.0017167156073506768636 
3.5124782805955982294e-06 
-1.0589625214000630186e-06 
-2.3271226733885033121e-07 
-9.8681825011146659392e-08 
 0.0017171832509617643379 
 0.0017146347237040743521 
5.5257503728288357854e-06 
8.0600780452789415055e-06 
-8.3614478832123523273e-08 
-8.8146575480382369978e-08 
 0.0017117253908185497101 
 0.0017166945921216921183 
3.5120991964769492754e-06 
-1.0573248071830627867e-06 
-3.2347646115465439459e-08 
-2.3710151599647796992e-08 
 0.0017171881447209866312 
 0.0017145862632911193068 
5.5259022956078743228e-06 
8.0608584361963428493e-06 
-8.303060839815341365e-08 
-3.542989812770853474e-08 
 0.0017117082856799290848 
 0.0017166790771529873757 
3.5120719439987358956e-06 
-1.0572215140492519213e-06 
-3.4694705179469739647e-09 
3.4694704588957817065e-09 
 0.0017171783292355877713 
  0.001714590400472004077 
 5.525813649474811474e-06 
 8.061008284921769595e-06 
-1.6693503969046267373e-08 
 1.669350394230657212e-08 
 0.0017117253908185488427 
 0.0017166945921217077308 
3.5120991964774604598e-06 
-1.057324807183647663e-06 
2.3710151535780096636e-08 
 3.234764603805804979e-08 
 0.0017171881447210020268 
 0.0017145862632911210415 
5.5259022956073567857e-06 
8.0608584361959040863e-06 
3.5429898105466931853e-08 
 8.303060838820681163e-08 
 0.0017118698491803507975 
 0.0017167156073506326282 
3.5124782805946664931e-06 
-1.0589625214018574579e-06 
9.8681824936027026304e-08 
2.3271226728273281027e-07 
 0.0017171832509617207529 
 0.0017146347237040520176 
5.5257503728296235261e-06 
 8.060078045279778374e-06 
8.8146575467510222037e-08 
8.3614478798372463168e-08 
 0.0017113503987486197808 
 0.0017165333263819799407 
3.5131024220702317134e-06 
-1.0649745894195430522e-06 
2.3526467752762193378e-07 
6.0699758385862884444e-08 
  0.001717120459319167701 
 0.0017145804358712909369 
5.5308917403888117954e-06 
8.0675451025958493188e-06 
5.8496697064169631537e-08 
4.3922443668280904419e-08 
-0.0020130025728616117268 
-0.0020159384789577819604 
-4.1403149928202778743e-06 
-1.2117439763945996622e-06 
1.2317958932937892748e-09 
7.3425538095434573656e-09 
-0.0020179552560255276973 
-0.0020205300548069011872 
-3.6360027235042313335e-06 
-1.0642910669420142576e-06 
-2.538112251088830279e-10 
1.7941644563049372105e-09 
-0.0020222853831298732812 
-0.0020245068493562339181 
-3.1378997325105181272e-06 
-9.1857675809703011502e-07 
-4.0375324699237613025e-10 
8.4690714889063772905e-10 
-0.0020260051160689096852 
-0.0020278775034300510968 
-2.6452725720180446954e-06 
-7.7449612676962851828e-07 
-4.1226908670704717283e-10 
4.4593788744596500695e-10 
-0.0020291214696448824951 
-0.0020306480735116008013 
-2.1572161965278859227e-06 
-6.3183846906631455706e-07 
-3.6831167136966963387e-10 
2.4356079779484860217e-10 
 -0.002031639900918340378 
-0.0020328233155379963476 
-1.672789593920166346e-06 
-4.9043120860283368554e-07 
-2.4509186807028584307e-10 
3.3457335222887486295e-10 
-0.0020335652358734451067 
-0.0020344090121323125595 
-1.1909267692382914544e-06 
-3.5021425067596074242e-07 
6.0373868245209186972e-10 
3.2599518858075364365e-09 
-0.0020348979950247296326 
-0.0020353885263584494021 
-7.0865757621931434221e-07 
-2.1246187157562511056e-07 
-1.2764519508151139842e-09 
-7.6553520007587391247e-09 
-0.0020355895523036580778 
-0.0020357191220357617745 
-2.3669629216303030194e-07 
-6.8249675834726820462e-08 
-1.4617896170991284404e-08 
-5.8293456121108351623e-08 
 -0.002013190742633978389 
-0.0020161188132012748848 
-4.140319685475611675e-06 
-1.2118307058259054929e-06 
6.7905423837293531564e-09 
5.1807501054657298525e-09 
-0.0020181325500634407152 
-0.0020207066467253747936 
-3.636062178282632053e-06 
-1.0643287527384465275e-06 
1.1128703973911129084e-09 
2.4099432614255288414e-09 
-0.0020224617124902912954 
 -0.002024683041341332479 
-3.1379533817311038294e-06 
-9.1860447512146009149e-07 
4.5625139131765638976e-11 
1.1079675004591461204e-09 
-0.0020261813090322686876 
-0.0020280537360385752881 
-2.6453184847138497543e-06 
-7.7451782860471782364e-07 
-3.1690227509417101067e-10 
 5.356903133414772241e-10 
-0.0020292977636336799463 
-0.0020308244121858801297 
-2.1572538001376108696e-06 
-6.318555713425198173e-07 
-4.3861561978431023657e-10 
1.8031951681469738028e-10 
-0.0020318160893626762038 
-0.0020329989813646139746 
-1.6728196529000059923e-06 
-4.9044641966836366313e-07 
-3.2136020542530561146e-10 
-2.9421901179484593885e-10 
-0.0020337381226690270583 
-0.0020345746221072545309 
-1.1908823761292954733e-06 
-3.5027710814488231399e-07 
1.9569743188614697702e-09 
-2.5026788727521564744e-09 
-0.0020350612730250169924 
-0.0020355519668586370165 
-7.0869778243018430469e-07 
-2.1292707120537301549e-07 
-1.0525072964130429487e-08 
-1.3930279148419971022e-08 
-0.0020357902129886063479 
-0.0020360051409185819446 
-2.329251873249254844e-07 
-6.6299688343488494285e-08 
-8.062197972448127782e-08 
-1.278965358191757982e-08 
-0.0020131654337456842546 
-0.0020160947983731882655 
-4.1402760411911818998e-06 
-1.2118507450655113725e-06 
2.3948274765987586741e-09 
2.1529316767204558978e-09 
-0.0020181086503445848368 
 -0.002020681757967772614 
-3.6360455283908447005e-06 
-1.0643360079565221014e-06 
1.1449514162646827017e-09 
1.4797861343969675111e-09 
-0.0020224363324517335289 
-0.0020246572882811628494 
-3.1379443892061339769e-06 
-9.1860530619304766025e-07 
 1.481278081469752974e-10 
8.5007633829902865343e-10 
-0.0020261553765608449756 
-0.0020280276712856307696 
-2.6453116830623742675e-06 
-7.7451647112753773733e-07 
-2.3919394559277559166e-10 
4.8889787162670894999e-10 
-0.0020292716696473783733 
-0.0020307983587590865658 
-2.1572479029827358677e-06 
-6.3185302792206493103e-07 
-4.5345324355147171123e-10 
2.1130329542388992514e-10 
 -0.002031790248873898818 
-0.0020329736750300661172 
-1.6728135388446424926e-06 
-4.9044204392744828564e-07 
-9.3546569953133202884e-10 
-3.7134310309742323405e-10 
-0.0020337152343073779288 
-0.0020345578150910911819 
-1.1908814550221872514e-06 
-3.5025271820870221059e-07 
-4.0862984489469909789e-09 
-2.4732892606459704232e-09 
-0.0020350509557222895562 
-0.0020355534627225341758 
-7.0895921674678827065e-07 
-2.128005850959199739e-07 
-1.4097450587550781377e-08 
-5.8392270010689470827e-09 
-0.0020357829093201398885 
-0.0020359617974699227572 
-2.334765676879349186e-07 
-6.6187531862723044312e-08 
-2.0907154847239156095e-08 
1.0446263008652192569e-08 
-0.0020131655702268127367 
-0.0020160952196998089929 
-4.1402689411928175997e-06 
-1.2118544194927880238e-06 
-2.7188843317502104332e-11 
 2.718885258850840818e-11 
-0.0020181091605182437977 
-0.0020206822253445388092 
-3.6360419934309701217e-06 
-1.064339118213269281e-06 
-1.4933885394462175305e-10 
1.4933885724548896012e-10 
-0.0020224367369006401862 
-0.0020246575648456997462 
-3.1379434684933181096e-06 
-9.1860687502848437926e-07 
-2.882997720123815753e-10 
2.8829976295090840857e-10 
-0.0020261555925217230624 
-0.0020280278495452969123 
-2.645311323829598041e-06 
-7.745169127097826911e-07 
-3.4562038812303275912e-10 
3.4562035583568177638e-10 
-0.0020292718649676322676 
-0.0020307986388756736097 
-2.1572472840259940301e-06 
-6.3185249844860971105e-07 
-3.7482980066413760162e-10 
3.7482981021589617534e-10 
 -0.002031790784640828771 
-0.0020329748274369144508 
-1.6728131269375641123e-06 
-4.9043860889590121209e-07 
-5.8886616750165600811e-10 
5.8886617188955509499e-10 
-0.0020337170624014680974 
-0.0020345608759164599509 
-1.190891599742236994e-06 
-3.5023890466795508077e-07 
-1.4100884407865186022e-09 
1.4100884346840622891e-09 
-0.0020350535159753642064 
-0.0020355533722604610136 
-7.0899369778599545044e-07 
-2.127795173897598268e-07 
-2.7862861308571934428e-09 
2.7862861848828412041e-09 
-0.0020357803303365667492 
-0.0020359551502811042839 
-2.334761475212316465e-07 
-6.6217999806305314279e-08 
-1.3821807536228642529e-08 
1.3821807498839804218e-08 
-0.0020131654337456786168 
-0.0020160947983731882655 
-4.1402760411916426857e-06 
-1.2118507450654957024e-06 
-2.1529316669379160529e-09 
-2.3948274637476881221e-09 
-0.0020181086503445787653 
-0.0020206817579677487616 
-3.6360455283907430566e-06 
-1.0643360079568909842e-06 
-1.4797861384111058654e-09 
-1.1449514388151159522e-09 
-0.0020224363324517027375 
-0.0020246572882811446348 
-3.1379443892056155927e-06 
-9.1860530619207600758e-07 
-8.5007634276976760392e-10 
-1.4812780116216286578e-10 
-0.0020261553765608336999 
-0.0020280276712856277338 
-2.6453116830622688119e-06 
-7.7451647112759395914e-07 
-4.8889790090954349255e-10 
 2.391939232654448948e-10 
-0.0020292716696473814091 
-0.0020307983587591034794 
-2.1572479029822026605e-06 
-6.3185302792221538525e-07 
-2.1130328150194788832e-10 
  4.53453269617407986e-10 
-0.0020317902488739126958 
-0.0020329736750300630814 
-1.6728135388435663373e-06 
-4.904420439273790407e-07 
3.7134310166462373188e-10 
9.3546568232358721731e-10 
-0.0020337152343073792299 
-0.0020345578150911202385 
-1.1908814550225798512e-06 
-3.5025271820905187638e-07 
2.4732892645579519718e-09 
4.0862984795556787905e-09 
-0.0020350509557223038677 
-0.0020355534627224786647 
-7.0895921674586659292e-07 
-2.1280058509698376787e-07 
5.8392270314515498893e-09 
1.4097450552375403938e-08 
-0.0020357829093200709332 
-0.0020359617974698715828 
-2.3347656768740194959e-07 
-6.6187531862256673265e-08 
-1.0446263040224736873e-08 
2.0907154834544339133e-08 
-0.0020131907426339710164 
-0.0020161188132012462619 
-4.1403196854757192482e-06 
-1.2118307058268641224e-06 
-5.1807500987212953572e-09 
-6.790542397848073034e-09 
-0.0020181325500634194649 
-0.0020207066467254012482 
-3.6360621782828603284e-06 
-1.0643287527376583634e-06 
-2.4099432739295210259e-09 
-1.1128703640052396024e-09 
-0.0020224617124903329288 
 -0.002024683041341363704 
-3.1379533817304478024e-06 
-9.1860447512200949823e-07 
-1.1079674919294323177e-09 
-4.5625138603556430735e-11 
-0.0020261813090323012136 
-0.0020280537360386216919 
-2.645318484714947509e-06 
-7.7451782860458028667e-07 
-5.356903290585704003e-10 
3.1690227113650143337e-10 
-0.0020292977636337137734 
-0.0020308244121858653845 
-2.157253800137595623e-06 
-6.3185557134301829619e-07 
-1.803195038483474226e-10 
4.3861558576125556883e-10 
-0.0020318160893626588566 
-0.0020329989813646421638 
-1.672819652900460849e-06 
-4.9044641966766517859e-07 
2.9421900477467714536e-10 
3.2136024196374217912e-10 
-0.0020337381226690496097 
-0.0020345746221072141986 
-1.1908823761292529099e-06 
-3.5027710814534145879e-07 
2.5026788911389479875e-09 
-1.9569743615542054721e-09 
-0.0020350612730249727569 
-0.0020355519668586413533 
-7.0869778242983786822e-07 
-2.1292707120599177306e-07 
1.3930279107187113562e-08 
1.0525072971686105652e-08 
-0.0020357902129886332361 
-0.0020360051409186240116 
-2.3292518732467619202e-07 
-6.6299688343722553311e-08 
1.2789653581079788134e-08 
8.0621979740253123942e-08 
-0.0020130025728616065227 
-0.0020159384789577928024 
-4.1403149928208953613e-06 
-1.2117439763940969482e-06 
-7.3425538258191739404e-09 
-1.2317958967075239582e-09 
-0.0020179552560255316004 
-0.0020205300548068760337 
-3.6360027235041733117e-06 
-1.0642910669418111815e-06 
-1.7941644166229993516e-09 
 2.538112354399118097e-10 
-0.0020222853831298372856 
-0.0020245068493561983562 
-3.1378997325102191246e-06 
-9.1857675809740609177e-07 
-8.4690715100048916378e-10 
4.0375324644684607017e-10 
-0.0020260051160688754245 
-0.0020278775034300181371 
-2.645272572019152191e-06 
-7.7449612676900647846e-07 
-4.4593788657996604902e-10 
4.1226908691638926677e-10 
-0.0020291214696448599437 
-0.0020306480735116090412 
-2.1572161965279498737e-06 
-6.3183846906584593609e-07 
-2.435608393582662534e-10 
 3.683116603601087315e-10 
-0.0020316399009183503527 
-0.0020328233155379737962 
-1.6727895939198137685e-06 
-4.9043120860353672288e-07 
-3.3457331006637863241e-10 
2.4509187953742744728e-10 
-0.0020335652358734234227 
-0.0020344090121323312077 
-1.1909267692386393732e-06 
-3.5021425067583839909e-07 
-3.2599519373175004803e-09 
-6.0373869617526276724e-10 
-0.0020348979950247578219 
-0.0020353885263584606778 
-7.0865757621969645995e-07 
-2.1246187157632227161e-07 
7.6553520204126166534e-09 
 1.276451956234656601e-09 
-0.0020355895523036593789 
-0.0020357191220357500651 
-2.3669629216329417917e-07 
-6.8249675835422406565e-08 
5.8293456138562471353e-08 
1.4617896175531764814e-08 
