%           X (m)            Y (m)            Z (m)         RealPolX         RealPolY         RealPolZ       RealFieldX       RealFieldY       RealFieldZ        RealFluxX        RealFluxY        RealFluxZ            |Pol|          |Field|           |Flux|
      0.068755435     0.0010916536      0.009688694        1185.8943        1.6250058        8.1648073        1.1858943     0.0016250058     0.0081648073      0.001491729    2.0440846e-06     1.027046e-05        1185.9235        1.1859235     0.0014917657 
      0.066566304     0.0010916536      0.009688694        1211.8391        1.0998683        9.1487553        1.2118391     0.0010998683     0.0091487553     0.0015243647    1.3835175e-06    1.1508162e-05        1211.8741        1.2118741     0.0015244088 
      0.064377174     0.0010916536      0.009688694        1238.4528        1.0453873        9.1124072        1.2384528     0.0010453873     0.0091124072      0.001557842     1.314986e-06     1.146244e-05        1238.4868        1.2384868     0.0015578847 
      0.062188043     0.0010916536      0.009688694        1264.7224        1.0052358        8.9070891        1.2647224     0.0010052358     0.0089070891     0.0015908864    1.2644798e-06    1.1204171e-05        1264.7542        1.2647542     0.0015909263 
      0.059998913     0.0010916536      0.009688694        1290.2975       0.96773007        8.6286633        1.2902975    0.00096773007     0.0086286633     0.0016230571    1.2173016e-06    1.0853941e-05        1290.3267        1.2903267     0.0016230938 
      0.057809783     0.0010916536      0.009688694        1315.0222       0.93044448        8.3170893        1.3150222    0.00093044448     0.0083170893     0.0016541581    1.1704002e-06    1.0462014e-05        1315.0488        1.3150488     0.0016541916 
      0.055620652     0.0010916536      0.009688694        1338.8215       0.89288701        7.9896054        1.3388215    0.00089288701     0.0079896054     0.0016840951    1.1231569e-06    1.0050074e-05        1338.8456        1.3388456     0.0016841254 
      0.053431522     0.0010916536      0.009688694        1361.6585        0.8551023        7.6547871        1.3616585     0.0008551023     0.0076547871     0.0017128216    1.0756278e-06    9.6289084e-06        1361.6803        1.3616803      0.001712849 
      0.051242391     0.0010916536      0.009688694        1383.5167       0.81724785        7.3172381        1.3835167    0.00081724785     0.0073172381     0.0017403169    1.0280109e-06    9.2043076e-06        1383.5363        1.3835363     0.0017403415 
      0.049053261     0.0010916536      0.009688694        1404.3906        0.7794721          6.97955        1.4043906     0.0007794721       0.00697955     0.0017665741    9.8049305e-07    8.7795319e-06        1404.4081        1.4044081     0.0017665961 
       0.04686413     0.0010916536      0.009688694        1424.2813       0.74188557        6.6432146        1.4242813    0.00074188557     0.0066432146     0.0017915944    9.3321318e-07    8.3564578e-06        1424.2969        1.4242969     0.0017916141 
         0.044675     0.0010916536      0.009688694        1443.1935       0.70456145        6.3090877        1.4431935    0.00070456145     0.0063090877      0.001815384    8.8626341e-07    7.9361616e-06        1443.2075        1.4432075     0.0018154016 
       0.04248587     0.0010916536      0.009688694        1461.1342        0.6675437        5.9776405        1.4611342     0.0006675437     0.0059776405     0.0018379515    8.3969901e-07    7.5192364e-06        1461.1465        1.4611465      0.001837967 
      0.040296739     0.0010916536      0.009688694        1478.1113       0.63085543        5.6491055        1.4781113    0.00063085543     0.0056491055     0.0018593069    7.9354907e-07    7.1059742e-06        1478.1222        1.4781222     0.0018593206 
      0.038107609     0.0010916536      0.009688694        1494.1335       0.59450631        5.3235621        1.4941335    0.00059450631     0.0053235621     0.0018794611    7.4782574e-07    6.6964752e-06        1494.1431        1.4941431     0.0018794732 
      0.035918478     0.0010916536      0.009688694        1509.2093       0.55849941        5.0009914        1.5092093    0.00055849941     0.0050009914     0.0018984249    7.0253289e-07    6.2907155e-06        1509.2177        1.5092177     0.0018984355 
      0.033729348     0.0010916536      0.009688694        1523.3475        0.5228399         4.681309        1.5233475     0.0005228399      0.004681309     0.0019162092    6.5767702e-07    5.8885891e-06        1523.3548        1.5233548     0.0019162184 
      0.031540217     0.0010916536      0.009688694        1536.5563        0.4875511        4.3643867        1.5365563     0.0004875511     0.0043643867     0.0019328244    6.1328745e-07    5.4899346e-06        1536.5625        1.5365625     0.0019328323 
      0.029351087     0.0010916536      0.009688694        1548.8437       0.45271132        4.0500625        1.5488437    0.00045271132     0.0040500625     0.0019482807    5.6946272e-07    5.0945481e-06        1548.8491        1.5488491     0.0019482875 
      0.027161957     0.0010916536      0.009688694        1560.2178       0.41854818        3.7381404        1.5602178    0.00041854818     0.0037381404     0.0019625881    5.2648912e-07    4.7021833e-06        1560.2223        1.5602223     0.0019625938 
      0.024972826     0.0010916536      0.009688694        1570.6869       0.38570167        3.4283668        1.5706869    0.00038570167     0.0034283668     0.0019757572    4.8517171e-07     4.312521e-06        1570.6907        1.5706907     0.0019757619 
      0.022783696     0.0010916536      0.009688694        1580.2615       0.35605041        3.1203458        1.5802615    0.00035605041     0.0031203458      0.001987801    4.4787357e-07    3.9250633e-06        1580.2646        1.5802646     0.0019878049 
      0.020594565     0.0010916536      0.009688694        1588.9743       0.35043059        2.8114146        1.5889743    0.00035043059     0.0028114146     0.0019987607    4.4080443e-07    3.5364607e-06        1588.9768        1.5889768     0.0019987639 
      0.074124038      0.001175627      0.010433978        513.07558        1.1832587        14.875641       0.51307558     0.0011832587      0.014875641    0.00064539454    1.4884137e-06    1.8711975e-05        513.29254       0.51329254    0.00064566745 
      0.076322115      0.001175627      0.010433978        492.85414        1.4762385        13.711178       0.49285414     0.0014762385      0.013711178    0.00061995812    1.8569511e-06    1.7247204e-05        493.04704       0.49304704    0.00062020076 
      0.078520192      0.001175627      0.010433978         472.4481        1.5883897         14.18439        0.4724481     0.0015883897       0.01418439    0.00059428949    1.9980255e-06    1.7842455e-05        472.66365       0.47266365    0.00059456063 
      0.080718269      0.001175627      0.010433978        451.10361        1.6796819         14.78867       0.45110361     0.0016796819       0.01478867    0.00056744039    2.1128613e-06    1.8602575e-05        451.34908       0.45134908    0.00056774916 
      0.082916346      0.001175627      0.010433978        428.66473        1.7729309        15.518386       0.42866473     0.0017729309      0.015518386    0.00053921466    2.2301586e-06     1.952048e-05         428.9492        0.4289492    0.00053957249 
      0.085114423      0.001175627      0.010433978        404.94494        1.8727317        16.351407       0.40494494     0.0018727317      0.016351407    0.00050937769    2.3556974e-06    2.0568332e-05        405.27926       0.40527926    0.00050979823 
        0.0873125      0.001175627      0.010433978        379.71745        1.9828312        17.291951       0.37971745     0.0019828312      0.017291951    0.00047764419    2.4941909e-06    2.1751436e-05        380.11615       0.38011615     0.0004781457 
      0.089510577      0.001175627      0.010433978        352.66535        2.1066489        18.355856       0.35266535     0.0021066489      0.018355856    0.00044361552    2.6499403e-06    2.3089715e-05        353.14901       0.35314901    0.00044422391 
      0.091708654      0.001175627      0.010433978        323.30732        2.2486743        19.572566       0.32330732     0.0022486743      0.019572566    0.00040668624    2.8285932e-06    2.4620208e-05        323.90703       0.32390703    0.00040744061 
      0.093906731      0.001175627      0.010433978         290.8538        2.4163342        20.994518        0.2908538     0.0024163342      0.020994518    0.00036586317    3.0394915e-06    2.6408872e-05        291.62055       0.29162055    0.00036682765 
      0.096104808      0.001175627      0.010433978        253.81057        2.6317127        22.796103       0.25381057     0.0026317127      0.022796103    0.00031926672    3.3104148e-06    2.8675074e-05        254.84583       0.25484583    0.00032056896 
      0.098302885      0.001175627      0.010433978        209.76176        2.8943409          24.7575       0.20976176     0.0028943409        0.0247575      0.000263858    3.6407731e-06    3.1142304e-05        211.23756       0.21123756     0.0002657144 
       0.10050096      0.001175627      0.010433978        137.22508        4.5518096        38.675334       0.13722508     0.0045518096      0.038675334    0.00017261456    5.7256926e-06    4.8649459e-05        142.64369       0.14264369     0.0001794306 
       0.07063692     0.0011122857     0.0098718085        917.05125        23.880338        222.04866       0.91705125      0.023880338       0.22204866      0.001153553    3.0038927e-05    0.00027931361        943.85321       0.94385321      0.001187267 
       0.07222442     0.0011542724      0.010244451        618.29409        17.838988        160.29776       0.61829409      0.017838988       0.16029776    0.00077774824     2.243955e-05    0.00020163754         638.9845        0.6389845    0.00080377457 
      0.018416667     0.0010916536      0.009688694        1596.7894       0.31642073        2.5090979        1.5967894    0.00031642073     0.0025090979     0.0020085914    3.9802364e-07    3.1561784e-06        1596.7914        1.5967914     0.0020085939 
          0.01625     0.0010916536      0.009688694        1603.6646       0.25496749        2.2130903        1.6036646    0.00025496749     0.0022130903     0.0020172396      3.20722e-07    2.7838323e-06        1603.6662        1.6036662     0.0020172416 
      0.014083333     0.0010916536      0.009688694        1609.6439       0.21700322         1.915633        1.6096439    0.00021700322      0.001915633     0.0020247609    2.7296698e-07    2.4096627e-06        1609.6451        1.6096451     0.0020247624 
      0.011916667     0.0010916536      0.009688694        1614.7567       0.18198469        1.6189888        1.6147567    0.00018198469     0.0016189888     0.0020311923    2.2891739e-07    2.0365158e-06        1614.7575        1.6147575     0.0020311933 
          0.00975     0.0010916536      0.009688694        1619.0098       0.14810995        1.3231766        1.6190098    0.00014810995     0.0013231766     0.0020365423    1.8630657e-07    1.6644155e-06        1619.0104        1.6190104     0.0020365429 
     0.0075833333     0.0010916536      0.009688694         1622.408       0.11589368        1.0279575         1.622408    0.00011589368     0.0010279575     0.0020408168    1.4578193e-07    1.2930612e-06        1622.4083        1.6224083     0.0020408172 
     0.0054166667     0.0010916536      0.009688694         1624.969       0.09861618       0.73165162         1.624969     9.861618e-05    0.00073165162     0.0020440383    1.2404867e-07    9.2033997e-07        1624.9692        1.6249692     0.0020440385 
          0.00325     0.0010916536      0.009688694        1626.6384      0.014332003       0.44314415        1.6266384    1.4332003e-05    0.00044314415     0.0020461382    1.8028137e-08    5.5742824e-07        1626.6385        1.6266385     0.0020461383 
     0.0010833333     0.0010916536      0.009688694        1627.0929      -0.31662254        0.1833621        1.6270929   -0.00031662254     0.0001833621     0.0020467099    -3.982775e-07    2.3065004e-07         1627.093         1.627093       0.00204671 

