%    UNITS: X,Y,Z in m;  Magnetic Field Intensity in Amps/meter
%           X (m)            Y (m)            Z (m)        RealScatX        RealScatY        RealScatZ         RealTotX         RealTotY         RealTotZ
      0.001083333     0.0011873833      0.010538318    -0.0010901972   -3.6163653e-05   -0.00018848783        7.9989098   -3.6163653e-05   -0.00018848783 
      0.001083333     0.0012106607      0.010744911    -0.0016127439   -3.0639942e-05   -0.00017721333        7.9983873   -3.0639942e-05   -0.00017721333 
      0.001083333     0.0012339381      0.010951503    -0.0015888339   -1.5497598e-05   -0.00018670176        7.9984112   -1.5497598e-05   -0.00018670176 
      0.001083333     0.0012572155      0.011158096    -0.0015660487   -2.9553265e-05   -0.00016340579         7.998434   -2.9553265e-05   -0.00016340579 
      0.001083333     0.0012804929      0.011364689    -0.0016005227   -2.1643995e-05   -0.00017459845        7.9983995   -2.1643995e-05   -0.00017459845 
      0.001083333     0.0013037703      0.011571282     -0.001665561   -2.1774859e-05   -0.00018136687        7.9983344   -2.1774859e-05   -0.00018136687 
      0.001083333     0.0013270478      0.011777874    -0.0017049696   -2.6396739e-05    -0.0001806296         7.998295   -2.6396739e-05    -0.0001806296 
      0.001083333     0.0013503252      0.011984467    -0.0017412394   -2.1481938e-05   -0.00018628687        7.9982588   -2.1481938e-05   -0.00018628687 
      0.001083333     0.0013736026       0.01219106    -0.0017778739   -2.2830663e-05   -0.00018914872        7.9982221   -2.2830663e-05   -0.00018914872 
      0.001083333       0.00139688      0.012397653    -0.0018158101   -2.3908375e-05   -0.00019168855        7.9981842   -2.3908375e-05   -0.00019168855 
      0.001083333     0.0014201574      0.012604245    -0.0018612494   -2.4197682e-05   -0.00019693687        7.9981388   -2.4197682e-05   -0.00019693687 
      0.001083333     0.0014434348      0.012810838    -0.0018997098   -2.3350146e-05   -0.00019562247        7.9981003   -2.3350146e-05   -0.00019562247 
      0.001083333     0.0014667122      0.013017431    -0.0019387349   -2.0825277e-05   -0.00019349133        7.9980613   -2.0825277e-05   -0.00019349133 
      0.001083333     0.0014899897      0.013224024    -0.0019756011   -2.1957102e-05    -0.0001944188        7.9980244   -2.1957102e-05    -0.0001944188 
      0.001083333     0.0015132671      0.013430616    -0.0020129348   -2.1930928e-05   -0.00019449283        7.9979871   -2.1930928e-05   -0.00019449283 
      0.001083333     0.0015365445      0.013637209    -0.0020492966   -2.2377483e-05   -0.00019337674        7.9979507   -2.2377483e-05   -0.00019337674 
      0.001083333     0.0015598219      0.013843802    -0.0020857684   -2.3896993e-05   -0.00019151031        7.9979142   -2.3896993e-05   -0.00019151031 
      0.001083333     0.0015830993      0.014050395       -0.0021259   -2.2474477e-05   -0.00018884252        7.9978741   -2.2474477e-05   -0.00018884252 
      0.001083333     0.0016063767      0.014256988    -0.0021609271   -2.1663094e-05   -0.00019373705        7.9978391   -2.1663094e-05   -0.00019373705 
      0.001083333     0.0016296541       0.01446358    -0.0021996142   -2.2011777e-05   -0.00019568725        7.9978004   -2.2011777e-05   -0.00019568725 
      0.001083333     0.0016529316      0.014670173    -0.0022399819   -2.2252375e-05   -0.00019748176          7.99776   -2.2252375e-05   -0.00019748176 
      0.001083333      0.001676209      0.014876766     -0.002277695   -2.2338221e-05   -0.00019824933        7.9977223   -2.2338221e-05   -0.00019824933 
      0.001083333     0.0016994864      0.015083359    -0.0023158093   -2.2424009e-05   -0.00019901439        7.9976842   -2.2424009e-05   -0.00019901439 
      0.001083333     0.0017227638      0.015289951    -0.0023542093   -2.2509472e-05   -0.00019977522        7.9976458   -2.2509472e-05   -0.00019977522 
      0.001083333     0.0017460412      0.015496544    -0.0023928314    -2.259438e-05   -0.00020053024        7.9976072    -2.259438e-05   -0.00020053024 
      0.001083333     0.0017693186      0.015703137    -0.0024316405   -2.2678533e-05   -0.00020127797        7.9975684   -2.2678533e-05   -0.00020127797 
      0.001083333      0.001792596       0.01590973    -0.0024706163   -2.2761759e-05   -0.00020201709        7.9975294   -2.2761759e-05   -0.00020201709 
      0.001083333     0.0018158735      0.016116322     -0.002509747   -2.2843905e-05   -0.00020274637        7.9974903   -2.2843905e-05   -0.00020274637 
      0.001083333     0.0018391509      0.016322915     -0.002549025   -2.2924835e-05    -0.0002034647         7.997451   -2.2924835e-05    -0.0002034647 
      0.001083333     0.0018624283      0.016529508    -0.0025884451   -2.3004428e-05   -0.00020417108        7.9974116   -2.3004428e-05   -0.00020417108 
      0.001083333     0.0018857057      0.016736101    -0.0026280031   -2.3082575e-05   -0.00020486457         7.997372   -2.3082575e-05   -0.00020486457 
      0.001083333     0.0019089831      0.016942693    -0.0026676955   -2.3159179e-05   -0.00020554434        7.9973323   -2.3159179e-05   -0.00020554434 
      0.001083333     0.0019322605      0.017149286     -0.002707519   -2.3234151e-05   -0.00020620961        7.9972925   -2.3234151e-05   -0.00020620961 
      0.001083333      0.001955538      0.017355879    -0.0027474705    -2.330741e-05   -0.00020685968        7.9972525    -2.330741e-05   -0.00020685968 
      0.001083333     0.0019788154      0.017562472    -0.0027875466   -2.3378884e-05   -0.00020749391        7.9972125   -2.3378884e-05   -0.00020749391 
      0.001083333     0.0020020928      0.017769065    -0.0028277442   -2.3448506e-05   -0.00020811172        7.9971723   -2.3448506e-05   -0.00020811172 
      0.001083333     0.0020253702      0.017975657    -0.0028680599   -2.3516215e-05   -0.00020871256        7.9971319   -2.3516215e-05   -0.00020871256 
      0.001083333     0.0020486476       0.01818225    -0.0029084904   -2.3581957e-05   -0.00020929595        7.9970915   -2.3581957e-05   -0.00020929595 
      0.001083333      0.002071925      0.018388843    -0.0029490321   -2.3645679e-05   -0.00020986142         7.997051   -2.3645679e-05   -0.00020986142 
      0.001083333     0.0020952024      0.018595436    -0.0029896815   -2.3707336e-05   -0.00021040858        7.9970103   -2.3707336e-05   -0.00021040858 
      0.001083333     0.0021184799      0.018802028    -0.0030304351   -2.3766885e-05   -0.00021093704        7.9969696   -2.3766885e-05   -0.00021093704 
      0.001083333     0.0021417573      0.019008621     -0.003071289   -2.3824287e-05   -0.00021144646        7.9969287   -2.3824287e-05   -0.00021144646 
      0.001083333     0.0021650347      0.019215214    -0.0031122397   -2.3879506e-05   -0.00021193651        7.9968878   -2.3879506e-05   -0.00021193651 
      0.001083333     0.0021883121      0.019421807    -0.0031532832   -2.3932511e-05   -0.00021240691        7.9968467   -2.3932511e-05   -0.00021240691 
      0.001083333     0.0022115895      0.019628399    -0.0031944157   -2.3983271e-05    -0.0002128574        7.9968056   -2.3983271e-05    -0.0002128574 
      0.001083333     0.0022348669      0.019834992    -0.0032356334   -2.4031759e-05   -0.00021328772        7.9967644   -2.4031759e-05   -0.00021328772 
      0.001083333     0.0022581443      0.020041585    -0.0032769322    -2.407795e-05   -0.00021369767        7.9967231    -2.407795e-05   -0.00021369767 
      0.001083333     0.0022814218      0.020248178    -0.0033183083   -2.4121823e-05   -0.00021408704        7.9966817   -2.4121823e-05   -0.00021408704 
      0.001083333     0.0023046992       0.02045477    -0.0033597576   -2.4163356e-05   -0.00021445565        7.9966402   -2.4163356e-05   -0.00021445565 
      0.001083333     0.0023279766      0.020661363    -0.0034012761   -2.4202533e-05   -0.00021480335        7.9965987   -2.4202533e-05   -0.00021480335 
      0.001083333      0.002351254      0.020867956    -0.0034428596   -2.4239335e-05   -0.00021512998        7.9965571   -2.4239335e-05   -0.00021512998 


