9.6322362759593785854e-07 
3.6380205342334815545e-06 
-6.2004209181565350661e-05 
-1.7292367330652267559e-05 
-0.0038602476469238532729 
-0.0039072674003060459819 
 3.614046448807110139e-06 
9.6705619791596708316e-07 
-6.1998669869120010727e-05 
-1.7296114901499930742e-05 
-0.0038723270855471757408 
-0.0039140114871607737529 
-4.0823903341135254537e-08 
-5.9576698040953388929e-08 
-6.1997647794479011029e-05 
-1.7295844826146315878e-05 
-0.0038689446156920737421 
-0.0039132537734090323475 
-5.774929724948791179e-08 
 5.774929935072449619e-08 
-6.1997502133335761934e-05 
-1.7295696511101147594e-05 
-0.0038685944383021675028 
-0.0039130378384477611589 
 5.957669978907972531e-08 
4.0823904117724309686e-08 
-6.1997647794472817524e-05 
-1.7295844826149622695e-05 
-0.0038689446156916773578 
-0.0039132537734076471708 
-9.6705619762247651968e-07 
-3.6140464488611203479e-06 
-6.1998669869118248898e-05 
-1.7296114901500760834e-05 
-0.0038723270855469658393 
-0.0039140114871602117025 
-3.6380205343750546413e-06 
-9.632236276354343696e-07 
-6.2004209181569389315e-05 
-1.7292367330650891977e-05 
-0.0038602476469237747767 
-0.0039072674003060789416 
8.3974154974132197297e-08 
3.6666056102656295239e-07 
-6.9057922929910203411e-05 
-1.9023116604926178556e-05 
-0.0039435417881731960402 
-0.0039939094284315076328 
4.5032402501587092347e-07 
4.9850139445279368902e-07 
-6.9059174702631800371e-05 
-1.9023898071390559666e-05 
-0.0039482530459755095162 
-0.0039983872885353795648 
 3.995519604213239988e-07 
1.8076910536280110497e-07 
-6.9058477216932774643e-05 
-1.902415619032630717e-05 
 -0.003948357461222836394 
-0.0039982236765997566583 
3.7131292506208095413e-08 
-3.7131294212769730979e-08 
-6.905830785236877537e-05 
-1.9024177799894384993e-05 
-0.0039482435647051018421 
-0.0039982541084701839207 
-1.8076910661342844328e-07 
-3.9955196040465010229e-07 
-6.905847721693961867e-05 
-1.9024156190325812503e-05 
-0.0039483574612215579028 
-0.0039982236765997531888 
-4.9850139395352472958e-07 
-4.5032402445923258133e-07 
-6.9059174702630106305e-05 
-1.9023898071387706859e-05 
-0.0039482530459748390456 
-0.0039983872885347680748 
-3.6666056056852078056e-07 
-8.3974154852163529238e-08 
-6.9057922929907831718e-05 
-1.9023116604925128235e-05 
-0.0039435417881731448658 
  -0.00399390942843111732 
1.4509038744826088862e-08 
1.0730410363196763799e-07 
-6.8883915357273917037e-05 
-1.8793544141411851629e-05 
-0.0040307811701468139465 
-0.0040809877977922848213 
1.2288693298273207101e-07 
1.7481007036955068516e-07 
-6.8885099432523997612e-05 
-1.8794154967940328755e-05 
-0.0040351599752448405814 
-0.0040853268683563011623 
1.4324475124711077807e-07 
1.0450004181915613264e-07 
-6.8884834020944794982e-05 
-1.8794181725320585955e-05 
-0.0040348651637421902721 
-0.0040849410348804630205 
3.1128588052133621952e-08 
-3.1128589225260377117e-08 
-6.8884780033300741344e-05 
-1.8794216355437854749e-05 
 -0.004034939740868988961 
-0.0040849920107944304171 
-1.0450004267844955093e-07 
-1.4324475127066869663e-07 
-6.8884834020944225776e-05 
-1.8794181725316716708e-05 
-0.0040348651637429570199 
-0.0040849410348820771807 
-1.7481007023590000339e-07 
-1.228869332879625376e-07 
-6.8885099432523916297e-05 
-1.8794154967941982163e-05 
-0.0040351599752440894461 
-0.0040853268683551154788 
-1.0730410399501888967e-07 
-1.4509038841604632344e-08 
-6.8883915357273090333e-05 
-1.8793544141415232984e-05 
-0.0040307811701464045517 
-0.0040809877977921365025 
-8.727664587561221337e-09 
1.9482143532937097606e-08 
-6.7369899901036634751e-05 
-1.8314272545774382052e-05 
-0.0041173639333637991958 
-0.0041664690719539747982 
 9.804951390251822241e-09 
5.5170365237550182511e-08 
-6.7371103498078165951e-05 
-1.8314814590091900697e-05 
-0.0041216961203918468792 
-0.0041708196293086408774 
3.7799873895429270093e-08 
4.2314619566673862474e-08 
-6.7370909818635768204e-05 
-1.8314787061447135075e-05 
 -0.004121262068503731002 
-0.0041703444985084570443 
4.8047515981306603979e-09 
-4.8047514516519864157e-09 
-6.7370896204787411197e-05 
-1.8314801725119924384e-05 
-0.0041212992250157527013 
 -0.004170367501343029068 
-4.2314619596958155692e-08 
-3.7799874389892766778e-08 
-6.7370909818637258982e-05 
-1.8314787061450292814e-05 
-0.0041212620685054830727 
-0.0041703444985097372702 
-5.5170365812641382252e-08 
-9.8049517076727919762e-09 
-6.737110349807896555e-05 
-1.8314814590092768059e-05 
-0.0041216961203905961436 
-0.0041708196293076503502 
-1.9482143707222947558e-08 
8.7276645399747316892e-09 
-6.7369899901036268833e-05 
-1.831427254577335206e-05 
-0.0041173639333637896548 
-0.0041664690719540944941 
-1.6854703423165463509e-08 
-1.2426541191795922131e-08 
-6.5285878268294417486e-05 
-1.7713390844903389358e-05 
-0.0042018753836459551629 
-0.0042494723428202025792 
-3.1718910610112073509e-08 
8.1254239158554602799e-09 
-6.5287053839553136595e-05 
-1.7713895668866749215e-05 
-0.0042062469722795037264 
-0.0042538805543711104631 
-4.5601461203648072252e-09 
1.5321044290563316352e-08 
-6.5286881845096536429e-05 
-1.771384705965617636e-05 
-0.0042057495562879861073 
-0.0042533629917062857825 
-6.9083370768144587736e-09 
6.9083381747351710825e-09 
-6.5286877064555352704e-05 
-1.7713852310582528212e-05 
-0.0042057651540441049268 
-0.0042533725138009055231 
-1.5321043698239466218e-08 
4.5601453302189260623e-09 
-6.5286881845096034985e-05 
-1.7713847059657982235e-05 
-0.0042057495562885880563 
-0.0042533629917055042896 
-8.1254249182984740177e-09 
3.1718910418728228243e-08 
-6.5287053839550493852e-05 
-1.7713895668865810702e-05 
 -0.004206246972278903512 
-0.0042538805543713247015 
1.2426541272468294594e-08 
1.6854703444537726042e-08 
-6.5285878268294295513e-05 
-1.7713390844901051547e-05 
-0.0042018753836461026144 
-0.0042494723428202971216 
-1.948114521388412815e-08 
-2.4024604021130942078e-08 
-6.2940804796138426929e-05 
-1.705892222308234271e-05 
-0.0042836980942780860521 
 -0.004329594519008126384 
-4.6557353640214667428e-08 
-1.0045129919578795999e-08 
-6.2941939870277233441e-05 
-1.7059400803868471499e-05 
-0.0042881360376398301726 
-0.0043340746912473261318 
-2.0775587499772164102e-08 
4.4200877811038653108e-09 
-6.2941776978809151413e-05 
-1.7059344779639687114e-05 
-0.0042876070169870581644 
-0.0043335341892155165161 
 -1.13686264982599354e-08 
1.1368626443343541918e-08 
-6.2941773990795655386e-05 
-1.7059345916548193363e-05 
-0.0042876134120755022075 
-0.0043335381207020668912 
-4.420087658648109467e-09 
2.0775588110481069497e-08 
-6.2941776978806793274e-05 
-1.7059344779637637294e-05 
-0.0042876070169859453393 
 -0.004333534189214892883 
1.0045130526593385392e-08 
4.6557353736847666826e-08 
-6.2941939870276786208e-05 
-1.7059400803868820476e-05 
-0.0042881360376401519638 
-0.0043340746912471361796 
2.4024603953091961799e-08 
1.9481145199511722732e-08 
-6.2940804796139484026e-05 
-1.7058922223083447241e-05 
-0.0042836980942781727882 
-0.0043295945190082625598 
-1.9987880274757789454e-08 
-2.7817878365238749507e-08 
-6.046952430300571484e-05 
-1.6379241516642846401e-05 
-0.0043625376106187097741 
-0.0044066382870709625355 
-5.1024538135044183581e-08 
 -1.67213294223079829e-08 
-6.0470614757582359807e-05 
-1.6379697907318369391e-05 
 -0.004367049912029359604 
-0.0044111938521308171821 
-2.6451551959070392267e-08 
1.2899465766730544946e-10 
-6.0470458322956168091e-05 
-1.6379640226506778826e-05 
-0.0043665024377816212542 
-0.0044106385007840701734 
-1.2801352354129175371e-08 
1.2801351294040924126e-08 
-6.0470455558054809553e-05 
-1.637963963519164178e-05 
-0.0043665051067453960684 
-0.0044106401887299149026 
-1.289958006095041821e-10 
2.6451550599016538405e-08 
-6.0470458322954535012e-05 
-1.6379640226508499997e-05 
 -0.004366502437781095633 
-0.0044106385007833199055 
1.6721328221152454215e-08 
5.1024537592937214429e-08 
-6.0470614757583240721e-05 
-1.6379697907316929435e-05 
-0.0043670499120292242956 
-0.0044111938521313480074 
2.7817878125909411589e-08 
1.9987880212701512069e-08 
-6.0469524303006778713e-05 
-1.6379241516645560295e-05 
-0.0043625376106189257472 
-0.0044066382870713476441 
-1.9657732544090131696e-08 
-2.8537945514548265348e-08 
-5.7939404733165441349e-05 
-1.5688487466296121734e-05 
-0.0044382486235252458645 
-0.0044805080627444366162 
-5.1392933726242724541e-08 
-1.8829356012334997085e-08 
-5.7940449247524798443e-05 
-1.5688923301429926366e-05 
-0.0044428363931674555443 
-0.0044851383604399075802 
-2.7922502539468625005e-08 
-1.5121162356504303396e-09 
-5.7940298970299516945e-05 
-1.5688866403831697454e-05 
-0.0044422759612849638255 
 -0.004484571628630613406 
-1.301299737781232726e-08 
1.3012996693071934947e-08 
-5.7940296171455176518e-05 
-1.5688865120958336825e-05 
-0.0044422771467857273542 
-0.0044845724272689112613 
1.5121159428283007628e-09 
2.7922503315449139921e-08 
-5.7940298970300133585e-05 
-1.5688866403829274939e-05 
-0.0044422759612845206037 
 -0.004484571628631243978 
1.8829357012684484522e-08 
5.1392934277168286055e-08 
-5.7940449247524635813e-05 
-1.5688923301429699361e-05 
-0.0044428363931680618301 
-0.0044851383604400611033 
2.8537945818572216228e-08 
1.9657732629999793244e-08 
-5.7939404733166017332e-05 
-1.5688487466296338575e-05 
-0.0044382486235256249016 
-0.0044805080627445927413 
-1.899520692192905481e-08 
-2.8037520843113555591e-08 
-5.5386714486153124624e-05 
-1.4994290335705803694e-05 
-0.0045107630220578452326 
-0.0045511630062199503327 
-5.0132916909812179844e-08 
-1.9121017157590329374e-08 
-5.5387712733330040759e-05 
-1.4994706329576738981e-05 
-0.0045154246946201874111 
-0.0045558657698612581646 
-2.7720508441089494817e-08 
-2.0973438110072569344e-09 
-5.5387568754308322218e-05 
-1.4994651245745176224e-05 
-0.0045148537371178503602 
-0.0045552892837196507642 
-1.273756618113871072e-08 
1.2737567317605866694e-08 
-5.538756594362528689e-05 
-1.4994649714503967768e-05 
-0.0045148543374306073298 
-0.0045552897338117263534 
2.0973447069985199428e-09 
2.7720508672500590073e-08 
-5.5387568754309487735e-05 
-1.4994651245746633121e-05 
-0.0045148537371186257816 
-0.0045552892837197652559 
  1.91210172015285654e-08 
5.0132917108665849854e-08 
-5.5387712733330352467e-05 
-1.4994706329577543662e-05 
-0.0045154246946202333812 
-0.0045558657698614593926 
2.8037521043936352211e-08 
1.8995206977989536686e-08 
-5.5386714486150888457e-05 
-1.4994290335704971908e-05 
-0.0045107630220578703861 
-0.0045511630062198245653 
-1.8201907082487105747e-08 
-2.7052065712731291395e-08 
-5.2831890223259057838e-05 
-1.4300990440950669976e-05 
-0.0045800553181442734893 
-0.0046185931847498393893 
-4.8227791084062484208e-08 
-1.8690336023630328467e-08 
-5.283284227204550356e-05 
-1.4301386960230389692e-05 
-0.0045847882685799423719 
-0.0046233655119585423399 
-2.6854792390653366562e-08 
-2.261888164217561925e-09 
-5.2832704733174667489e-05 
-1.4301334120303834825e-05 
-0.0045842079993244555167 
-0.0046227801647937619145 
-1.2269428528272612953e-08 
1.2269428440391885884e-08 
-5.2832701966429514737e-05 
-1.430133252928751467e-05 
-0.0045842083722220381206 
-0.0046227804816010593242 
2.2618881429501552878e-09 
2.6854792556510739071e-08 
 -5.28327047331739221e-05 
-1.4301334120304307469e-05 
-0.0045842079993243921993 
-0.0046227801647938859472 
1.8690336078042514006e-08 
4.8227790651766057479e-08 
-5.2832842272044568436e-05 
-1.4301386960230711565e-05 
-0.0045847882685800256386 
-0.0046233655119581364146 
2.7052065234635538436e-08 
1.8201906957716399759e-08 
-5.2831890223258068503e-05 
-1.4300990440949943222e-05 
-0.0045800553181442257844 
-0.0046185931847501412312 
-1.7359279323634960332e-08 
-2.5875825912945001363e-08 
-5.0286693744529717648e-05 
-1.3611115281968367728e-05 
-0.0046461244119041181927 
-0.0046828065169106682097 
-4.6071757313657771937e-08 
-1.7973118862122507772e-08 
-5.0287599844486000544e-05 
-1.3611492568001434209e-05 
-0.0046509255976826804554 
 -0.004687645259419606289 
-2.5728061853903863539e-08 
-2.2582682446377460092e-09 
-5.0287468820110562404e-05 
-1.3611442145665038304e-05 
-0.0046503367456148924503 
  -0.00468705165158707273 
-1.1726470541711723578e-08 
1.1726470117242996321e-08 
-5.0287466139033956019e-05 
-1.3611440575347874039e-05 
-0.0046503370334073619932 
-0.0046870519205906248025 
2.2582678323141154668e-09 
2.5728061464174243776e-08 
-5.0287468820112940873e-05 
-1.3611442145664010006e-05 
-0.0046503367456150945455 
-0.0046870516515873043156 
1.7973118607938071462e-08 
4.6071757407595075747e-08 
-5.0287599844488033423e-05 
-1.3611492568001529077e-05 
-0.0046509255976822172843 
-0.0046876452594194978687 
2.5875826083174221933e-08 
1.7359279368758364195e-08 
-5.0286693744530225867e-05 
-1.3611115281968952181e-05 
-0.0046461244119044972298 
-0.0046828065169109258162 
-1.6500483988511292721e-08 
-2.462700067647881619e-08 
-4.7757868578513377263e-05 
-1.2926126804101450865e-05 
-0.0047089833379927005866 
-0.0047438212324281059037 
-4.3823505481046428866e-08 
-1.7142952864001956624e-08 
-4.7758729071683564827e-05 
-1.292648505709965272e-05 
-0.0047138495593611199133 
-0.0047487231550765365146 
-2.4500991396876105496e-08 
-2.1865942595125630904e-09 
-4.7758604581183408059e-05 
-1.2926437116506471475e-05 
-0.0047132526583750162033 
-0.0047481217673946678887 
-1.1155886228150383191e-08 
1.1155886974536845751e-08 
-4.775860201155312883e-05 
-1.2926435601818692383e-05 
-0.0047132529173374007256 
-0.0047481220218945630052 
 2.186594782585406552e-09 
2.4500991303700396803e-08 
-4.7758604581181585244e-05 
-1.2926437116506044571e-05 
-0.0047132526583750283464 
-0.0047481217673940624702 
1.7142952540851072044e-08 
4.3823505137878759461e-08 
-4.775872907168162004e-05 
-1.2926485057101124864e-05 
 -0.004713849559361131189 
-0.0047487231550765252389 
2.4627000403468612714e-08 
1.6500483921296961882e-08 
-4.7757868578511534119e-05 
-1.292612680409813219e-05 
-0.0047089833379929755403 
-0.0047438212324285838201 
-1.5638840198656550121e-08 
-2.3352231581139386002e-08 
-4.5249135173935866965e-05 
-1.2246830180856089422e-05 
-0.0047686532335669022317 
-0.0048016613495590687935 
-4.1545796021920069257e-08 
-1.6267415661277691462e-08 
-4.5249950452103434434e-05 
-1.224716959012508161e-05 
-0.0047735812401563096005 
-0.0048066231951657944349 
-2.3236244502196400041e-08 
-2.0855520315789474226e-09 
-4.5249832482312211143e-05 
-1.224712414982374066e-05 
-0.0047729767427948637665 
-0.0048060144559062137684 
-1.0576156069142958658e-08 
1.0576155771647148605e-08 
-4.5249830039974151647e-05 
-1.2247122707099655455e-05 
-0.0047729769941637122457 
-0.0048060147071523808687 
 2.085551775212229158e-09 
2.3236244360744965035e-08 
-4.5249832482312678705e-05 
-1.2247124149822934285e-05 
-0.0047729767427940718652 
-0.0048060144559055398283 
1.6267415618871400548e-08 
4.1545796137709631965e-08 
-4.5249950452101794578e-05 
-1.2247169590124053312e-05 
-0.0047735812401563468971 
-0.0048066231951659878566 
2.3352231716447621914e-08 
1.5638840235344941816e-08 
-4.5249135173934579475e-05 
-1.2246830180858572922e-05 
-0.0047686532335674131078 
-0.0048016613495594747188 
-1.4778850734072904411e-08 
-2.2066793377866054987e-08 
-4.2762337261539369463e-05 
-1.157361209186847681e-05 
-0.0048251596720535567739 
-0.0048563538874041491805 
-3.9259234834910188062e-08 
-1.5367961384032383361e-08 
-4.2763107742870049455e-05 
-1.1573932846552471506e-05 
-0.0048301462056266229392 
-0.0048613724008841376067 
-2.1953754522874279001e-08 
-1.9672080973303300843e-09 
-4.2762996266354585094e-05 
-1.1573889909610820848e-05 
-0.0048295345256223892738 
-0.0048607567082223695695 
-9.9931884569214637859e-09 
9.9931892138144121818e-09 
-4.2762993963060168734e-05 
-1.1573888549145727064e-05 
-0.0048295347747851317954 
-0.0048607569555718533466 
1.9672087513360057609e-09 
2.1953754907124052199e-08 
-4.2762996266353351814e-05 
-1.157388990961206768e-05 
-0.0048295345256216615573 
-0.0048607567082213668994 
1.5367961684074032001e-08 
3.9259235171941150085e-08 
-4.2763107742868917819e-05 
-1.1573932846553176238e-05 
-0.0048301462056268788109 
-0.0048613724008844325097 
2.2066793652749068162e-08 
1.4778850808046131344e-08 
-4.2762337261537363689e-05 
-1.1573612091870011634e-05 
-0.0048251596720538646873 
-0.0048563538874042480598 
-1.3919689008217596048e-08 
-2.076703926683789338e-08 
-4.0298128087633977449e-05 
-1.0906586679018408952e-05 
-0.0048785303825708368347 
-0.0049079271164961897275 
-3.6958978945232401619e-08 
-1.4438215310677765944e-08 
-4.0298854203980118442e-05 
-1.0906888974717027522e-05 
-0.0048835721901845912524 
-0.0049129990467823040842 
-2.0647660019704052464e-08 
-1.8275802322258243292e-09 
-4.0298749193299188262e-05 
-1.0906848547765722382e-05 
-0.0048829537131160373475 
-0.0049123767673243841358 
-9.4053055755076472531e-09 
9.4053045120756904356e-09 
-4.0298747041634213326e-05 
-1.090684728176849034e-05 
-0.0048829539544725242273 
-0.0049123769976641444221 
1.8275795249833762173e-09 
2.0647660285871665711e-08 
-4.0298749193300265688e-05 
-1.0906848547764370517e-05 
-0.0048829537131152948859 
 -0.004912376767324612252 
1.4438215903542721239e-08 
3.6958979461192628359e-08 
-4.0298854203982293622e-05 
-1.0906888974715741726e-05 
-0.0048835721901848688081 
 -0.004912999046782509649 
2.0767039650052410336e-08 
1.3919689111924293321e-08 
-4.0298128087636227168e-05 
-1.0906586679016681005e-05 
-0.0048785303825707587722 
-0.0049079271164958427828 
-1.305414978824899817e-08 
 -1.94261367556000271e-08 
-3.7856394868221628081e-05 
-1.0245688350345564342e-05 
-0.0049287938127750693593 
-0.0049564094564508720531 
-3.4609111710365241386e-08 
-1.3437175674897582615e-08 
-3.7857077059715488242e-05 
-1.0245972401270488084e-05 
-0.0049338876397160931139 
-0.0049615315361514920542 
-1.9280088549275233145e-08 
-1.6425316008016887741e-09 
-3.7856978499781578757e-05 
-1.0245934516805473144e-05 
-0.0049332627114503889432 
-0.0049609029779576190727 
-8.8014527587699178378e-09 
8.8014526859682549301e-09 
-3.7856976517718986632e-05 
-1.0245933368951725735e-05 
-0.0049332629233231686805 
-0.0049609031537230950312 
1.6425316740264074158e-09 
 1.928008904106085502e-08 
-3.7856978499780474226e-05 
-1.0245934516807907516e-05 
-0.0049332627114511314048 
-0.0049609029779587709291 
1.3437176038257071571e-08 
3.4609111294769617694e-08 
-3.785707705971182906e-05 
-1.0245972401269591923e-05 
-0.0049338876397159890305 
-0.0049615315361506056105 
1.9426136201816146288e-08 
1.3054149640124485405e-08 
-3.7856394868219215731e-05 
-1.0245688350346358859e-05 
 -0.004928793812774757109 
-0.0049564094564509648608 
-1.2161919855729143987e-08 
-1.7968735082887188453e-08 
-3.543652823832442423e-05 
-9.5907323917885832309e-06 
-0.0049759782296883488945 
 -0.005001828804211677984 
-3.2108899994736875824e-08 
-1.2250674572741810222e-08 
-3.5437166951711427418e-05 
-9.5909984612028800381e-06 
-0.0049811207843466417944 
-0.0050069976873873926759 
-1.7745700848783134917e-08 
-1.3451227886769986675e-09 
-3.5437074849226669882e-05 
-9.5909632202857128319e-06 
-0.0049804896663253701503 
-0.0050063630222105847192 
-8.1509211477058246714e-09 
8.1509208603112150412e-09 
-3.5437073063530736584e-05 
-9.5909622444029928615e-06 
-0.0049804897910878187864 
-0.0050063630468445930941 
1.3451224356916679496e-09 
1.7745700302595862475e-08 
-3.5437074849225971927e-05 
-9.5909632202859042613e-06 
-0.0049804896663266070081 
-0.0050063630222116307575 
1.2250674268639149798e-08 
3.2108900553935897825e-08 
-3.5437166951711102157e-05 
-9.5909984612067103211e-06 
-0.0049811207843457883104 
-0.0050069976873873944107 
1.7968735770216292124e-08 
1.2161920038678880365e-08 
-3.5436528238323922787e-05 
-9.5907323917904483974e-06 
 -0.004975978229688405273 
-0.0050018288042112278233 
-1.1190737256803210351e-08 
-1.6200512875926548593e-08 
-3.3037596819525680357e-05 
-8.9414552519467069682e-06 
-0.0050201111977176875525 
-0.0050442121979565133355 
-2.9198966243151069202e-08 
-1.0585027202106318375e-08 
-3.3038192497918075395e-05 
-8.9417037278151920762e-06 
-0.0050252990552025929294 
-0.0050494242974969813162 
-1.5773893417242485833e-08 
-7.6343855135356987379e-10 
-3.3038106872537733824e-05 
-8.9416713969165610953e-06 
-0.0050246618048458155728 
-0.0050487833599199404694 
-7.3750339652806753071e-09 
 7.375034470878029655e-09 
-3.3038105313357750078e-05 
-8.9416707194358370546e-06 
-0.0050246616959519442222 
-0.0050487829892130551418 
7.6343892363750466763e-10 
1.5773893425080359626e-08 
-3.3038106872535213054e-05 
-8.9416713969160444052e-06 
-0.0050246618048466560463 
-0.0050487833599204227225 
1.0585027065397290146e-08 
2.9198966052800058192e-08 
-3.3038192497919932091e-05 
-8.9417037278124256665e-06 
-0.0050252990552028956386 
-0.0050494242974972319837 
1.6200512709835755641e-08 
1.1190737214354170743e-08 
-3.3037596819527462514e-05 
-8.9414552519452009436e-06 
-0.0050201111977170960118 
-0.0050442121979560432254 
-1.0007229595771641579e-08 
-1.3624621476425266211e-08 
-3.0658462092529446168e-05 
-8.2975414901081018552e-06 
-0.0050612193910665312022 
-0.0050835858518291417857 
-2.5217788748848729248e-08 
-7.6939787126896329556e-09 
-3.0659015107620909599e-05 
-8.2977730715462200259e-06 
-0.0050664487436762675743 
-0.0050888369186728879892 
-1.2678789652229786632e-08 
5.3708882377620478259e-10 
-3.0658935895430994875e-05 
-8.2977443114980830018e-06 
-0.0050658049093547496272 
-0.0050881886977061346194 
-6.2756649721755965057e-09 
6.2756642298657893695e-09 
-3.0658934547392370788e-05 
-8.2977442300225191302e-06 
-0.0050658041979890419682 
-0.0050881873200150510086 
-5.3708950932418872687e-10 
 1.267878912181582773e-08 
-3.0658935895432180721e-05 
-8.2977443114985793631e-06 
-0.0050658049093551451442 
-0.0050881886977066940678 
7.6939782101132249228e-09 
2.5217788166890951041e-08 
-3.0659015107622908597e-05 
-8.2977730715444937727e-06 
-0.0050664487436764766085 
-0.0050888369186730267671 
1.3624620994651206504e-08 
1.0007229468349581845e-08 
-3.0658462092530903065e-05 
-8.297541490106143515e-06 
-0.0050612193910662354318 
-0.0050835858518292042357 
-8.2668271215315278736e-09 
-8.9561179590489766935e-09 
-2.8297854975355894003e-05 
-7.6586415103981070199e-06 
 -0.005099328860890917775 
 -0.005119975837434020266 
-1.8465723198694542721e-08 
-1.6871819228326994786e-09 
-2.8298365319519602258e-05 
-7.6588576914640957055e-06 
-0.0051045948620565334206 
-0.0051252598327784547674 
-6.7352462417725707957e-09 
3.6378029135304328359e-09 
-2.8298291916950202909e-05 
-7.6588341078890055479e-06 
-0.0051039427174882833968 
-0.0051246012067890913885 
-4.3641750818081267823e-09 
4.3641759628042364853e-09 
-2.8298290485227362988e-05 
-7.6588353166574695599e-06 
-0.0051039404919949217521 
-0.0051245973334792119594 
-3.6378022164838851257e-09 
6.7352464423038077556e-09 
-2.8298291916948417363e-05 
-7.6588341078896306582e-06 
-0.0051039427174887162103 
 -0.005124601206789025469 
1.6871821021731054261e-09 
1.8465723810103391806e-08 
-2.8298365319519063545e-05 
-7.6588576914665792061e-06 
-0.0051045948620567892923 
-0.0051252598327791469221 
  8.95611856842542647e-09 
8.2668272819355715739e-09 
-2.8297854975352604127e-05 
-7.6586415103985051254e-06 
-0.0050993288608909429285 
-0.0051199758374335961261 
-5.0470041974176580767e-09 
1.2456188081391994739e-09 
-2.5954426229365786324e-05 
-7.0243807554534165222e-06 
-0.0051344662493962066677 
-0.0051534103395713898657 
-4.4664695556918190885e-09 
1.2222200020723955841e-08 
   -2.595489206843523e-05 
-7.0245851078775751786e-06 
-0.0051397611788227826057 
-0.0051587161395477212911 
6.3256465167197608689e-09 
1.1080194633947909021e-08 
-2.5954821555250424053e-05 
-7.0245706548144417716e-06 
-0.0051390958337070458822 
-0.0051580387801938524378 
-5.3785446663080311635e-10 
5.3785426515529905884e-10 
-2.5954818391466756225e-05 
-7.0245747252949251752e-06 
-0.0051390900073957712993 
-0.0051580292673972325673 
-1.1080194470995189504e-08 
-6.325645360946948071e-09 
-2.5954821555251718319e-05 
-7.0245706548161646366e-06 
-0.0051390958337071681802 
 -0.005158038780194967865 
-1.2222198908533045378e-08 
4.4664695394532644299e-09 
-2.5954892068432170517e-05 
-7.0245851078779266972e-06 
-0.0051397611788232214908 
-0.0051587161395470369427 
 -1.24561914689221815e-09 
5.0470041115101678776e-09 
-2.595442622936222201e-05 
-7.0243807554542017217e-06 
-0.0051344662493957035979 
-0.0051534103395711322593 
2.2970915259334328364e-09 
2.6886815301661766313e-08 
-2.3626816103492876786e-05 
-6.3943698239937259677e-06 
-0.0051666626024825844724 
-0.0051839267093423194166 
2.9452976972112242621e-08 
4.6975800026967701645e-08 
-2.3627232139514024837e-05 
-6.394573490707805208e-06 
-0.0051719702834967847677 
-0.0051892277246924070275 
3.7027843860009603192e-08 
2.6524978133616844013e-08 
-2.3627149441588778957e-05 
-6.394580506119728907e-06 
-0.0051712782768684739665 
-0.0051885075816182112465 
5.8675716774292312987e-09 
-5.8675710888980084096e-09 
-2.3627138998446158219e-05 
-6.394588936583610187e-06 
-0.0051712669549697429239 
-0.0051884950083590265779 
-2.652497801876869556e-08 
-3.7027845047658341192e-08 
-2.3627149441589270236e-05 
-6.3945805061223623324e-06 
-0.0051712782768694749019 
 -0.005188507581617900731 
-4.697580135935676131e-08 
-2.9452977374801069431e-08 
-2.3627232139516613369e-05 
-6.3945734907097008678e-06 
-0.0051719702834960232241 
-0.0051892277246925744283 
-2.6886815355303975742e-08 
-2.2970915425005779623e-09 
-2.3626816103495197656e-05 
-6.394369823991139129e-06 
-0.0051666626024824257452 
-0.0051839267093422135985 
4.3125564721297899376e-08 
1.7654444074355101526e-07 
-2.1312916103814517232e-05 
-5.7677224666922129325e-06 
-0.0051959861398632742682 
-0.0052116711859198847079 
1.8921844987502016806e-07 
1.2231901375894114271e-07 
-2.131311772784974065e-05 
-5.7680326333359745433e-06 
-0.0052012117618440018019 
-0.0052166963809935689919 
7.4997729425297801054e-08 
4.3377337159168955644e-08 
-2.1312969397186196227e-05 
-5.768078897170228093e-06 
-0.0052004941797057484959 
-0.0052160138464220325363 
1.1853348123787539379e-08 
-1.1853348669554481647e-08 
-2.1312949076742016366e-05 
-5.7680889992760009196e-06 
-0.0052004840334161110335 
-0.0052160115814403719761 
-4.3377337505931102004e-08 
-7.4997729213064524341e-08 
 -2.13129693971855186e-05 
-5.7680788971708015343e-06 
-0.0052004941797051656288 
-0.0052160138464220091176 
-1.2231901350718471311e-07 
 -1.89218450046149649e-07 
-2.1313117727850635117e-05 
-5.7680326333362786281e-06 
-0.0052012117618443504813 
-0.0052166963809934917967 
-1.765444410037950591e-07 
-4.3125564789829614603e-08 
-2.1312916103814225852e-05 
-5.7677224666929642507e-06 
-0.0051959861398632439106 
-0.0052116711859200443024 
-1.3621253007868429242e-06 
-5.0965896969801665562e-06 
3.3496509754523151093e-05 
0.00012066775364624270463 
  0.003661273151499165688 
 0.0035769528818227341871 
-5.6052335983806365305e-06 
-3.2224335110737888133e-06 
 3.349557659613699675e-05 
0.00012067044744205863245 
 0.0036592450039080182123 
 0.0035688104997774346659 
-2.0229108018472902806e-06 
-1.0817974151464320968e-06 
3.3495983065191192133e-05 
0.00012067228411258651096 
 0.0036584697464181184165 
 0.0035694754711401207453 
-4.3540596662282373347e-07 
4.3540596823053371903e-07 
3.3495755584638676604e-05 
0.00012067263175037145696 
 0.0036587362177213427969 
 0.0035698116367071904345 
1.0817974164323447895e-06 
2.0229108022466404807e-06 
3.3495983065191720681e-05 
0.00012067228411258544031 
 0.0036584697464179653272 
 0.0035694754711408527986 
3.2224335116239799112e-06 
5.6052336002245874461e-06 
3.3495576596136495307e-05 
 0.0001206704474420581039 
 0.0036592450039081700006 
 0.0035688104997762940852 
5.0965896988070726278e-06 
1.3621253012765054712e-06 
3.3496509754524425031e-05 
0.00012066775364624294858 
 0.0036612731515008041343 
 0.0035769528818257079368 
-1.9582610853141694753e-07 
-7.0374084188053008995e-07 
3.0328798401868352417e-05 
0.00011221377751295438774 
 0.0035171131868542903839 
 0.0034358384833768312698 
-1.0030944407970706329e-06 
-1.2595253411504941339e-06 
3.0333110089687158675e-05 
0.00011221178950557812856 
 0.0035066385937941612662 
 0.0034251184613463599854 
-1.1766194003918924499e-06 
-6.430599550340552091e-07 
3.0331985738449838036e-05 
0.00011221252988440454513 
 0.0035075394717801991647 
 0.0034252277242892517108 
-2.6923871346603343554e-07 
  2.69238711808726971e-07 
3.0331854378548098465e-05 
0.00011221262200040512281 
 0.0035078993985987855751 
 0.0034255825421940075057 
 6.430599538551147308e-07 
 1.176619400529204114e-06 
3.0331985738449079095e-05 
0.00011221252988440630696 
 0.0035075394717807828991 
 0.0034252277242885192238 
1.2595253413311906137e-06 
1.0030944397892284806e-06 
3.0333110089688117517e-05 
0.00011221178950557919921 
 0.0035066385937929816542 
 0.0034251184613463660569 
7.0374084074247303328e-07 
1.9582610823064118603e-07 
 3.032879840186791196e-05 
0.00011221377751295506537 
 0.0035171131868574545196 
 0.0034358384833791562329 
-3.2760571996410102869e-08 
-9.5767643968525228448e-08 
3.1299581299046597149e-05 
 0.0001162333784566225097 
 0.0033749817011748351955 
 0.0032900912555033426377 
-1.9033232127964497584e-07 
-3.2930181612176796145e-07 
3.1303832022757983888e-05 
0.00011623145330248393393 
 0.0033641988512873952782 
 0.0032793874346660075413 
-3.5425570048674829334e-07 
-2.2977635073122223985e-07 
3.1302995873981125606e-05 
0.00011623176849511591101 
 0.0033639211859987521759 
 0.0032788451867623428539 
-1.1759056691028192765e-07 
1.1759056671500838136e-07 
3.1302918166184392091e-05 
0.00011623172000369950301 
  0.003364233586382203104 
 0.0032790468857580687585 
2.2977635032152643225e-07 
3.5425569948036388475e-07 
3.1302995873981220474e-05 
0.00011623176849511329537 
 0.0033639211859977594804 
 0.0032788451867619469032 
3.2930181505235874294e-07 
1.9033232061932490405e-07 
3.1303832022758309149e-05 
0.00011623145330248317499 
 0.0033641988512876862781 
 0.0032793874346658843759 
9.5767643566142200385e-08 
3.2760571886849772656e-08 
 3.129958129904753905e-05 
0.00011623337845662451548 
 0.0033749817011767494629 
 0.0032900912555049585326 
 3.125080122559238834e-08 
1.4435010544609109537e-07 
3.2498813544818940706e-05 
0.00012134665157036312059 
 0.0032264672586543954348 
  0.003137487730521042531 
1.3108318034925540212e-07 
4.0588302947574212456e-08 
  3.25033559823080474e-05 
0.00012134461832454698197 
 0.0032158671416600663473 
 0.0031270945593581569825 
-1.4629374589713488094e-08 
-1.8919006660469348906e-08 
3.2502605014190156434e-05 
0.00012134491973902794852 
 0.0032151958091474340702 
 0.0031263359902974170376 
-2.3571394370592862101e-08 
2.3571394066407197412e-08 
3.2502574279750681121e-05 
0.00012134483732508438616 
 0.0032153381989590916999 
 0.0031264270273390140642 
1.8919006332410944026e-08 
1.4629374211544117747e-08 
3.2502605014188164212e-05 
0.00012134491973902606472 
 0.0032151958091472744757 
 0.0031263359902973103521 
-4.0588303380970412205e-08 
-1.3108318087601979218e-07 
3.2503355982309910873e-05 
0.00012134461832454852695 
 0.0032158671416598265218 
 0.0031270945593580099647 
-1.443501058868170815e-07 
-3.1250801347039078962e-08 
3.2498813544817077234e-05 
0.00012134665157036321546 
 0.0032264672586557888515 
 0.0031374877305221102533 
6.1491158106509544438e-08 
2.5866063609589809803e-07 
3.3932941597704781387e-05 
0.00012751570582564917687 
  0.003070598965553808686 
 0.0029767989744573257124 
2.8061018737490733012e-07 
2.0534836363914103213e-07 
3.3937761461005811912e-05 
0.00012751357295819377188 
 0.0030603815246074720854 
 0.0029668575321644416812 
1.3463045192758173398e-07 
7.5710762489760411457e-08 
3.3937028452982060116e-05 
0.00012751389044398999686 
 0.0030595843292717016595 
 0.0029660429693708339344 
1.8898289302884702508e-08 
-1.889828817518021818e-08 
3.3937020980714504431e-05 
0.00012751380265474640302 
  0.003059648885797989961 
  0.002966086513194289738 
-7.5710761376581056558e-08 
-1.3463045085428320487e-07 
3.3937028452983225633e-05 
 0.0001275138904439907829 
 0.0030595843292716240307 
 0.0029660429693707957705 
-2.0534836273113545049e-07 
-2.8061018688787926732e-07 
3.3937761461003507983e-05 
0.00012751357295819160348 
 0.0030603815246075111167 
 0.0029668575321648992145 
-2.5866063583436899933e-07 
-6.1491158037121902418e-08 
3.3932941597705154081e-05 
0.00012751570582564996292 
 0.0030705989655548278361 
 0.0029767989744585387178 
7.7586943522988578784e-08 
3.2043590827638601219e-07 
3.5483669665899270312e-05 
0.00013463684170797034787 
 0.0029060929626281368013 
 0.0028066775211994564668 
3.5930449199142589296e-07 
2.8819267698052502987e-07 
3.5488780731749787923e-05 
0.00013463459970076925359 
 0.0028963677395809962235 
 0.0027972700406140604303 
2.0780301072141307209e-07 
1.2174532885121899196e-07 
3.5488033390106106047e-05 
0.00013463494306516601059 
 0.0028955515388460616351 
 0.0027964677239617602954 
3.9020513353977837478e-08 
-3.9020513486075100526e-08 
3.5488037125718653695e-05 
0.00013463485308664379183 
 0.0028955845086623172198 
 0.0027964928029818383881 
-1.2174532893928389576e-07 
-2.0780301069650294485e-07 
3.5488033390108172807e-05 
0.00013463494306516901925 
 0.0028955515388459944146 
 0.0027964677239615803178 
-2.8819267708659547185e-07 
-3.5930449256494099599e-07 
3.5488780731751177057e-05 
0.00013463459970077106963 
 0.0028963677395817829206 
  0.002797270040615315069 
-3.2043590886603312241e-07 
-7.7586943681611102093e-08 
3.5483669665898219991e-05 
0.00013463684170797305837 
 0.0029060929626292596011 
 0.0028066775212001486214 
8.8586615868533903319e-08 
3.6350615350394582388e-07 
3.7057274703514365326e-05 
 0.0001428514289616886711 
 0.0027314794710820602779 
 0.0026253935444483238355 
4.1240184857118093874e-07 
3.4086644058558242186e-07 
3.7062708934284119072e-05 
0.00014284906273749346426 
 0.0027223153938236641092 
 0.0026165799374001162507 
2.5262629481209125943e-07 
1.4959083277447753964e-07 
3.7061929692019417106e-05 
 0.0001428494345126405361 
 0.0027215288917786647702 
 0.0026158238182307051722 
5.0660725141111263103e-08 
-5.0660725713542408812e-08 
3.7061939463743306684e-05 
0.00014284934118327977624 
 0.0027215505103471127578 
 0.0026158438602562972611 
-1.4959083302651574005e-07 
-2.5262629418622862028e-07 
 3.706192969201531069e-05 
0.00014284943451263831349 
 0.0027215288917781183323 
 0.0026158238182292735917 
-3.4086643985567009665e-07 
-4.1240184843381591162e-07 
3.7062708934283177171e-05 
0.00014284906273749297637 
  0.002722315393825308627 
 0.0026165799374023505745 
-3.6350615356568700832e-07 
-8.8586615885153722065e-08 
3.7057274703514710916e-05 
0.00014285142896168945715 
 0.0027314794710825711539 
 0.0026253935444487835373 
9.8991217894578450923e-08 
4.0479375764264176313e-07 
3.8504704112539746839e-05 
  0.000152475178141000655 
 0.0025447609468815341957 
 0.0024304738800062027256 
4.6228632903172113583e-07 
3.8850569719907305575e-07 
3.8510512062464989668e-05 
0.00015247266948196350526 
 0.0025362148566210754655 
 0.0024223116561134239166 
2.9209656527656261856e-07 
1.7388356058057148556e-07 
3.8509689755312009819e-05 
0.00015247307251191905149 
 0.0025354852706703985034 
 0.0024216253185730587244 
6.0452134901924931273e-08 
-6.0452134404971442273e-08 
3.8509703896023188047e-05 
0.00015247297362571684632 
 0.0025355057803076925561 
 0.0024216486694813481664 
-1.7388356030327047456e-07 
-2.920965655927999342e-07 
3.8509689755313534479e-05 
0.00015247307251191731677 
 0.0025354852706688654415 
 0.0024216253185721263105 
-3.8850569729730754299e-07 
-4.6228632793392869028e-07 
3.8510512062465247166e-05 
0.00015247266948196494182 
 0.0025362148566230907805 
 0.0024223116561142409714 
-4.0479375643376444056e-07 
-9.899121757071783876e-08 
3.8504704112540485451e-05 
0.00015247517814100198315 
 0.0025447609468823061477 
 0.0024304738800078589528 
1.1199728595910401725e-07 
4.5646500599859636059e-07 
3.9548688206729717466e-05 
0.00016409297788629408944 
 0.0023429761384442921411 
  0.002218089614594135478 
5.2490662024761380433e-07 
 4.488931628837546051e-07 
3.9554946462946028959e-05 
0.00016409030576987118362 
   0.00233510862705945451 
 0.0022106471852575684464 
 3.423508658942906685e-07 
2.0487598981787476528e-07 
3.9554072152813286563e-05 
0.00016409074455356125691 
 0.0023344597002645057701 
 0.0022100584607660086686 
7.2976656260623357561e-08 
-7.2976657679058669453e-08 
3.9554091238064135886e-05 
0.00016409063669181483979 
 0.0023344872602942897018 
 0.0022100946664816729231 
-2.0487599132850963996e-07 
-3.4235086766582307293e-07 
3.9554072152810955528e-05 
0.00016409074455355941377 
 0.0023344597002638921117 
 0.0022100584607656500145 
-4.4889316467402057253e-07 
-5.2490662183415130141e-07 
3.9554946462945087058e-05 
0.00016409030576987156309 
 0.0023351086270597650255 
 0.0022106471852576694941 
-4.5646500719285680617e-07 
-1.1199728628296807049e-07 
3.9548688206729371876e-05 
0.00016409297788629338471 
 0.0023429761384459522715 
 0.0022180896145949256446 
1.3173498319240112449e-07 
5.3428979008935671616e-07 
3.9635380930554870197e-05 
 0.0001788058738529847713 
 0.0021213786369300123569 
 0.0019818483881833327299 
6.2101789559618697113e-07 
5.4553920442711850545e-07 
3.9642205458104432176e-05 
0.00017880299747093781042 
 0.0021142670664751395983 
 0.0019752198575820672719 
4.2474322143784802097e-07 
2.5597744611631513972e-07 
3.9641271702113372276e-05 
0.00017880348107221432047 
 0.0021137335259737532848 
 0.0019747782654237866322 
9.4148697995130891858e-08 
-9.4148697764642175777e-08 
3.9641298847535973637e-05 
 0.0001788033570792644611 
 0.0021137801215026716384 
 0.0019748445882611927009 
-2.5597744592099754772e-07 
-4.2474322133971724232e-07 
3.9641271702113297737e-05 
0.00017880348107221383258 
 0.0021137335259735238677 
 0.0019747782654236539258 
-5.4553920427382576491e-07 
-6.2101789518686073459e-07 
3.9642205458104249217e-05 
0.00017880299747093783753 
 0.0021142670664750754135 
 0.0019752198575817485164 
-5.3428978969374838996e-07 
-1.3173498308600499835e-07 
3.9635380930554761777e-05 
0.00017880587385298539471 
 0.0021213786369305908872 
 0.0019818483881842005254 
1.6446060141910466409e-07 
 6.639236574532034528e-07 
3.7622379198505142618e-05 
0.00019957308067851959178 
 0.0018715347727419609156 
 0.0017091039677363296673 
7.8672533990899831515e-07 
7.2757949508360011575e-07 
3.7630021957973271824e-05 
0.00019957006930370908143 
 0.0018652877145298467267 
 0.0017034208830660139532 
5.8386198171043361267e-07 
3.5029311375972731424e-07 
3.7629010294347332974e-05 
0.00019957056215703515741 
 0.0018649425327103624425 
  0.001703248738197271411 
1.3193950542823617424e-07 
-1.319395053480530179e-07 
3.7629046341231607944e-05 
0.00019957039694384646014 
 0.0018650272686478424743 
 0.0017033640359133254451 
-3.5029311363396510325e-07 
-5.8386198145886546261e-07 
3.7629010294347942837e-05 
0.00019957056215703569951 
 0.0018649425327102219299 
 0.0017032487381970049141 
-7.2757949483734243875e-07 
-7.8672533980685143567e-07 
3.7630021957973427678e-05 
0.00019957006930370829539 
 0.0018652877145294885063 
 0.0017034208830658003654 
-6.6392365741355585224e-07 
-1.6446060141071104404e-07 
3.7622379198505413668e-05 
 0.0001995730806785212994 
 0.0018715347727429445038 
 0.0017091039677373407943 
2.8113860812320392779e-07 
1.0928522854663161741e-06 
3.0290513403630460546e-05 
0.00022735534838571089906 
 0.0015772967839811405898 
  0.001381922280238704042 
1.2919632734155367324e-06 
1.1199674687573076103e-06 
 3.029847322108549342e-05 
0.00022735180562683448896 
 0.0015721805253446526074 
  0.001377795600022446677 
8.8319409737310260294e-07 
4.9760175005448243391e-07 
3.0297484982107877243e-05 
 0.0002273525466442778047 
 0.0015721486384985634745 
 0.0013779759456881194267 
1.8716171957020297104e-07 
-1.8716171989104015204e-07 
3.0297521064808276314e-05 
0.00022735228203946949836 
 0.0015722711438205679534 
 0.0013780875515554517636 
-4.9760175042615667951e-07 
-8.8319409788474237269e-07 
3.0297484982107372411e-05 
0.00022735254664427707286 
 0.0015721486384983006639 
 0.0013779759456879990803 
-1.1199674693444007573e-06 
-1.2919632740684693269e-06 
3.0298473221087272189e-05 
0.00022735180562683616947 
 0.0015721805253445142632 
 0.0013777956000223766375 
-1.0928522860006914728e-06 
-2.8113860826735321237e-07 
3.0290513403631202547e-05 
0.00022735534838571518166 
 0.0015772967839820157578 
 0.0013819222802391856447 
4.6288062260289524095e-07 
2.0815070465094380533e-06 
4.8606750627555003039e-06 
0.00039766016392001383127 
 0.0011753600022084286121 
0.00076054610852093254818 
2.2166827424628642921e-06 
1.6751288311988366831e-06 
4.8802761089436885513e-06 
 0.0003976531852789385495 
 0.0011723873264187832741 
0.00075974903398781407516 
 1.079424851344600566e-06 
6.8452614605126079104e-07 
4.8780913592481506177e-06 
 0.0003976533783213099171 
 0.0011725898045495594928 
0.00075980235380390507855 
 1.660080591718258369e-07 
-1.6600805938908250868e-07 
4.8782329402221223186e-06 
0.00039765303126801252115 
 0.0011726746372144993338 
 0.0007598248754108859063 
-6.8452614628321494029e-07 
-1.0794248516165648459e-06 
4.8780913592455383681e-06 
0.00039765337832130682712 
  0.001172589804549503548 
0.00075980235380389163444 
-1.6751288314974678895e-06 
-2.2166827427866536476e-06 
4.8802761089443102735e-06 
0.00039765318527893806161 
 0.0011723873264187442429 
0.00075974903398780149841 
-2.0815070467730054839e-06 
-4.6288062267396405809e-07 
4.8606750627545592503e-06 
0.00039766016392001274707 
 0.0011753600022086968437 
0.00076054610852100638235 
 0.0038345998623691241944 
 0.0038052943976151268855 
1.3149886901370115179e-05 
4.6950281645567940969e-05 
-1.4344578766834296647e-06 
-5.231231411621976831e-06 
 0.0037726713472242979358 
 0.0037150582422388910876 
 2.277124394530897331e-05 
8.0665525544699258646e-05 
-4.3256281554838352714e-07 
-1.4215293341330243709e-06 
 0.0038460475853060067941 
 0.0038095660279988657199 
1.3148506931333094253e-05 
4.6963998194151654949e-05 
-5.4648956542636598467e-06 
-2.1518392537681770062e-06 
 0.0037740434296436647585 
 0.0037156418566325643583 
2.2757829768143564904e-05 
8.0646864102690049678e-05 
-1.870009908701073538e-06 
-2.0660718922963117177e-06 
 0.0038427598368408334532 
 0.0038091625436884536844 
1.3147623471706821287e-05 
 4.696777008192571691e-05 
-8.4729952669811237705e-07 
-4.2319696837113562928e-07 
 0.0037742824998916670205 
 0.0037147505253976131727 
2.2758272957360318832e-05 
8.0648813923084439041e-05 
-1.7957372525619090004e-06 
-8.6433169152156191791e-07 
 0.0038423761021383613483 
 0.0038088213265437681487 
1.3147569801432292745e-05 
4.6968012323331152444e-05 
-1.9067404812442722688e-07 
1.9067404726012301313e-07 
 0.0037740766118113237317 
 0.0037148717960865372013 
2.2758061429298898028e-05 
8.0649143520751510016e-05 
-3.0182596038783373446e-07 
3.0182595967711025245e-07 
 0.0038427598368409592207 
 0.0038091625436887646336 
1.3147623471706822981e-05 
 4.696777008192442942e-05 
4.2319696743915226544e-07 
8.4729952558340939516e-07 
 0.0037742824998920677416 
 0.0037147505253980650682 
 2.275827295735990548e-05 
8.0648813923084357726e-05 
8.6433169079199518214e-07 
1.7957372517767236461e-06 
 0.0038460475853059976868 
 0.0038095660279986037766 
1.3148506931332320065e-05 
4.6963998194148998653e-05 
2.1518392526790002092e-06 
5.4648956534300777827e-06 
 0.0037740434296432510269 
 0.0037156418566319979711 
2.2757829768144835454e-05 
8.0646864102691554008e-05 
2.0660718915492239995e-06 
1.8700099081087417039e-06 
  0.003834599862369092102 
 0.0038052943976146693522 
1.3149886901372964597e-05 
4.6950281645570400753e-05 
 5.231231411039392652e-06 
1.4344578765308373145e-06 
 0.0037726713472235762908 
 0.0037150582422378554577 
2.2771243945307262303e-05 
8.0665525544699312856e-05 
1.4215293337110672849e-06 
4.3256281543484347218e-07 
-0.0052224876918056748615 
-0.0052363583573872777427 
-1.8828975703591614515e-05 
-5.0955148894579982039e-06 
4.3118353719527323486e-08 
1.7464014993292570648e-07 
-0.0052458743814866671054 
-0.0052580036249557926542 
-1.6587174137010962167e-05 
-4.4893009971504326959e-06 
4.9226814051267205094e-09 
3.1326601877638452969e-08 
-0.0052662796044982635238 
-0.0052767621566693215587 
-1.4354458555052924379e-05 
-3.885254016743533934e-06 
-7.7460028693641639389e-10 
8.2879428429613782038e-09 
-0.0052838388851468827759 
 -0.005292691463851193108 
-1.2130143670758721647e-05 
-3.2835704762214718454e-06 
-2.5855307040813753992e-09 
-2.0185653923230849256e-10 
-0.0052985782536487295927 
-0.0053058096008690098025 
-9.9127566782934308062e-06 
-2.6839926006031419823e-06 
-2.9639165249822904414e-09 
-3.3418023551398923977e-09 
-0.0053105130881910336815 
-0.0053161325505041477982 
-7.7007431720059759561e-06 
-2.0863742163074180164e-06 
-1.1677043015055519869e-09 
1.6242881850298499112e-09 
-0.0053196772887295646487 
-0.0053237427350471318993 
-5.4922224594907886324e-06 
-1.4908709092172017177e-06 
 2.111573732398647017e-08 
8.3385485074238494799e-08 
-0.0053260544123257319224 
-0.0053283001681882396008 
-3.2801811826555226966e-06 
-9.0122458392203217703e-07 
-4.7222650616232258023e-08 
-1.827117050045124262e-07 
-0.0053288895981927755438 
-0.0053284418248348841551 
-1.0948890685582525617e-06 
-2.9359459150613257481e-07 
-4.5833131261671515644e-07 
-1.7202199070129250488e-06 
-0.0052273657515061622975 
-0.0052410379995425308147 
-1.8829131883515408955e-05 
-5.0958033885841583807e-06 
1.8801369852762552641e-07 
1.2127337490752299473e-07 
-0.0052504769033727086841 
-0.0052625929664258507684 
-1.6587460018510502969e-05 
-4.4894515318759265163e-06 
3.6697732766662334636e-08 
4.9658251406210648497e-08 
 -0.005270864619358063205 
-0.0052813479606748040679 
-1.4354712495711617027e-05 
-3.8853711794951414256e-06 
7.2897423137800555965e-09 
1.6889343449802007061e-08 
-0.0052884269033970504603 
 -0.005297284264907839782 
-1.2130360204605376137e-05 
-3.2836649538786872343e-06 
-3.4019128825041345176e-09 
3.5451511023866102935e-09 
-0.0053031744785481749541 
-0.0053104099999547954916 
-9.9129340865942645232e-06 
-2.6840682191052483673e-06 
-7.5627577122449549312e-09 
-3.9477068244888375674e-09 
-0.0053151106952220401533 
-0.0053207180348346302945 
-7.7008834421905698198e-06 
-2.0864386220596617894e-06 
-5.0202919410354549699e-09 
-1.4493036685063074845e-08 
-0.0053241890376678480123 
-0.0053280644971508877086 
-5.4921435164307621981e-06 
-1.4910574559627388572e-06 
5.6528130100055968818e-08 
-7.0799690914212730867e-08 
-0.0053303120750710563866 
-0.0053325706481177495913 
-3.2803114339435849956e-06 
-9.0250179887407987288e-07 
-2.7336680047765718289e-07 
-3.8860020754421992136e-07 
-0.0053340500514223046849 
-0.0053359783319265842103 
-1.0846902203645348806e-06 
-2.8849823808731997478e-07 
-1.8317881056912431815e-06 
-6.4833480889291635807e-07 
-0.0052267088268752029054 
-0.0052404154470623931852 
-1.8828992451798412717e-05 
-5.095850368396632652e-06 
7.5099418099843251534e-08 
4.2952229493268541595e-08 
-0.0052498571305378896601 
-0.0052619463511506710252 
-1.6587396078931956639e-05 
-4.4894647972637593414e-06 
4.0534787594118173891e-08 
2.6744599698044371703e-08 
-0.0052702043727708581394 
-0.0052806772274043602133 
-1.4354671989147830863e-05 
-3.8853677620645691603e-06 
1.2468490984954604296e-08 
1.1631892064672707416e-08 
-0.0052877508855369292906 
-0.0052966042259858427815 
-1.2130328211688971184e-05 
-3.2836564067559409555e-06 
 7.256248005796832127e-10 
3.6862917269789123911e-09 
-0.0053024932339680577384 
-0.0053097294261850733546 
-9.9129070403273559061e-06 
-2.6840573189317572323e-06 
-6.3139204809695484431e-09 
-2.0027414875964582673e-09 
-0.0053144354890364321753 
 -0.005320056783598123111 
-7.7008582038851243739e-06 
-2.0864236453689113879e-06 
-2.041086640127201554e-08 
-1.5912451568056288676e-08 
-0.0053235927655664776539 
-0.0053276318079108113748 
-5.4921343222286532555e-06 
-1.4909881517586157326e-06 
-1.0687886239535091029e-07 
-7.0642413606290653327e-08 
-0.0053300524820835302672 
-0.0053326208097602889255 
-3.2810173984499699664e-06 
-9.0215187844860881699e-07 
-3.6564078547068818768e-07 
-1.7154563720187817958e-07 
-0.0053338585676109499106 
-0.0053348163782364777658 
-1.086206527419916092e-06 
-2.8817613690900176134e-07 
-2.5559999460361136539e-07 
-4.3865005688424123032e-08 
-0.0052267122373544742941 
-0.0052404264981296758141 
-1.8828972522709631194e-05 
-5.0958603849572472479e-06 
1.2237373120517583601e-08 
-1.2237373016569121287e-08 
-0.0052498705760453323252 
-0.0052619586967583486734 
-1.6587385902474518546e-05 
-4.4894732529315091546e-06 
7.4356639177913281235e-09 
-7.4356638582724007977e-09 
-0.0052702150566970090359 
-0.0052806844753413434423 
-1.4354669053828662755e-05 
-3.8853719800509902175e-06 
2.1325985205958015289e-09 
-2.1325991366437499774e-09 
-0.0052877565005865524717 
-0.0052966088163473165271 
-1.2130326910498975387e-05 
-3.2836575430149503874e-06 
-9.6932145358090433418e-10 
9.6932119600357746456e-10 
-0.0053024982768991981222 
-0.0053097367319461415136 
-9.9129050956820732258e-06 
-2.6840558131853676215e-06 
-3.2872824547629487743e-09 
3.2872825690315910339e-09 
-0.0053144497348315599197 
-0.0053200877355169930508 
-7.7008568581222728346e-06 
-2.0864141489426677499e-06 
-1.0598214373780800397e-08 
1.0598213877563210974e-08 
-0.0053236420198883209823 
 -0.005327714368812806571 
-5.4921620948577932756e-06 
-1.4909499185640098187e-06 
-3.4736433428898510926e-08 
3.4736433121396632839e-08 
-0.0053301213209783664462 
-0.0053326187177761483205 
-3.2811115194658755143e-06 
-9.0209370258151059976e-07 
-6.1533687666783267148e-08 
6.1533687814836380992e-08 
-0.0053337898275388926847 
-0.0053346367072125188205 
-1.0862093942490400302e-06 
-2.8825560335283263266e-07 
-5.087129033400395662e-08 
5.0871290859169188182e-08 
-0.0052267088268752705596 
-0.0052404154470631278406 
-1.8828992451798209429e-05 
-5.0958503683971942348e-06 
-4.2952229144289862213e-08 
-7.509941708170416969e-08 
-0.0052498571305385566613 
-0.0052619463511504828077 
-1.6587396078931306118e-05 
-4.4894647972646597374e-06 
-2.6744599953172247207e-08 
-4.0534788702539367532e-08 
-0.0052702043727705883899 
 -0.005280677227404735781 
-1.435467198914766315e-05 
-3.885367762063198661e-06 
-1.1631892444681287385e-08 
-1.2468490724336602026e-08 
-0.0052877508855375572605 
-0.0052966042259865253952 
-1.2130328211689313386e-05 
-3.2836564067528094747e-06 
-3.6862919639668580959e-09 
-7.2562498616472603321e-10 
-0.0053024932339688721911 
-0.0053097294261861853124 
-9.9129070403255754428e-06 
-2.6840573189325352321e-06 
2.0027417137533527302e-09 
6.3139210081808029791e-09 
-0.0053144354890374617337 
-0.0053200567835986348544 
-7.7008582038845788847e-06 
-2.0864236453702848518e-06 
1.5912450880032647767e-08 
2.0410865194820453057e-08 
-0.0053235927655667274541 
-0.0053276318079108746922 
 -5.49213432222933427e-06 
-1.4909881517586938713e-06 
7.0642413229532118924e-08 
1.0687886182838147934e-07 
-0.0053300524820834513373 
-0.0053326208097600157065 
-3.2810173984506103233e-06 
-9.0215187845002283262e-07 
1.7154563728031073057e-07 
3.6564078535780733611e-07 
-0.0053338585676104529124 
-0.0053348163782355583623 
-1.086206527420352314e-06 
-2.8817613690948885823e-07 
4.3865006064045773783e-08 
2.5559999455756046045e-07 
-0.0052273657515061137252 
 -0.005241037999541663453 
-1.8829131883513220222e-05 
 -5.09580338858552888e-06 
-1.2127337393997965252e-07 
-1.8801369837237913085e-07 
-0.0052504769033720330093 
-0.0052625929664265160349 
-1.6587460018512745913e-05 
-4.4894515318734074403e-06 
-4.9658252340907197836e-08 
-3.6697732367757799572e-08 
-0.0052708646193589062806 
-0.0052813479606748014658 
-1.4354712495712013438e-05 
-3.8853711794983855618e-06 
-1.6889343260971985983e-08 
-7.2897429658134328398e-09 
-0.0052884269033970582666 
-0.0052972842649087080111 
-1.2130360204606853363e-05 
-3.2836649538785063928e-06 
-3.5451509572440067085e-09 
3.4019138835533501641e-09 
-0.0053031744785488089955 
 -0.005310409999953933334 
-9.9129340865913625883e-06 
-2.6840682191066332662e-06 
3.9477069172683705876e-09 
 7.562756313335575579e-09 
-0.0053151106952208700823 
-0.0053207180348341237552 
-7.7008834421908662813e-06 
-2.0864386220592890949e-06 
1.4493035528591146364e-08 
5.0202914463283205068e-09 
-0.0053241890376677447963 
-0.0053280644971512155714 
-5.4921435164319251743e-06 
-1.4910574559618609075e-06 
7.0799690432552090857e-08 
-5.652813015564631763e-08 
-0.0053303120750715126189 
-0.0053325706481181633228 
-3.2803114339443951826e-06 
-9.0250179887446061419e-07 
3.8860020734164225115e-07 
2.7336680023049143364e-07 
-0.0053340500514227565804 
-0.0053359783319271774857 
-1.0846902203628509791e-06 
-2.8849823808856712491e-07 
6.4833480874496765427e-07 
1.8317881056874010401e-06 
-0.0052224876918054805724 
 -0.005236358357387156312 
-1.8828975703590089855e-05 
-5.0955148894599777199e-06 
-1.746401500458373424e-07 
-4.3118353747200505296e-08 
-0.0052458743814863886823 
-0.0052580036249550059571 
-1.6587174137010653847e-05 
-4.4893009971504996115e-06 
-3.1326601178917361654e-08 
-4.9226812184941981997e-09 
-0.0052662796044974881024 
-0.0052767621566691038509 
-1.4354458555053173406e-05 
-3.8852540167430502782e-06 
-8.2879436003515068156e-09 
7.7460008410980720776e-10 
-0.0052838388851465896076 
-0.0052926914638501409982 
-1.2130143670758828373e-05 
-3.2835704762198607888e-06 
 2.018575750579794065e-10 
2.5855309813132018374e-09 
-0.0052985782536478127913 
 -0.005305809600869219704 
-9.9127566782938085829e-06 
-2.6839926006017880002e-06 
3.3418008212986579611e-09 
2.9639161140620226798e-09 
-0.0053105130881917136931 
-0.0053161325505049700571 
-7.7007431720059336044e-06 
-2.0863742163076030931e-06 
-1.6242883839013729602e-09 
1.1677042491539963967e-09 
-0.0053196772887304172653 
-0.0053237427350479255353 
-5.4922224594901262527e-06 
-1.4908709092167559666e-06 
-8.3385484992756625191e-08 
-2.1115737302463075121e-08 
-0.0053260544123265576508 
-0.0053283001681892214543 
-3.2801811826561545831e-06 
-9.0122458392278762454e-07 
1.8271170479484863717e-07 
4.7222650560435656688e-08 
-0.0053288895981938042348 
-0.0053284418248358790191 
-1.0948890685586225034e-06 
-2.9359459150906749103e-07 
1.7202199070513697567e-06 
 4.583313126269829957e-07 
