%    UNITS: X,Y,Z in in;  Magnetic Field Intensity in Amps/meter
%             X (in)              Y (in)              Z (in)        RealScatX        RealScatY        RealScatZ         RealTotX         RealTotY         RealTotZ
                0              -11                0    2.9296017e-05        3745.8218   -3.2140313e-07    2.9296017e-05        3814.8275   -3.2140317e-07 
                0       -10.777778                0     3.015632e-05        3973.7888   -3.4978111e-07     3.015632e-05        4047.7401   -3.4978113e-07 
                0       -10.555556                0    3.1017905e-05        4221.1725   -3.8111213e-07    3.1017905e-05        4300.5468   -3.8111215e-07 
                0       -10.333333                0    3.1875791e-05        4490.1935   -4.1575012e-07    3.1875791e-05        4575.5248   -4.1575016e-07 
                0       -10.111111                0    3.2724104e-05        4783.4067   -4.5409821e-07    3.2724104e-05        4875.2932   -4.5409826e-07 
                0       -9.8888889                0    3.3555955e-05        5103.7675   -4.9662269e-07    3.3555955e-05        5202.8803   -4.9662273e-07 
                0       -9.6666667                0    3.4363337e-05        5454.7128   -5.4385905e-07    3.4363337e-05        5561.8062   -5.4385909e-07 
                0       -9.4444444                0    3.5136927e-05        5840.2656   -5.9642721e-07    3.5136927e-05        5956.1884   -5.9642726e-07 
                0       -9.2222222                0    3.5865995e-05        6265.1675   -6.5503742e-07    3.5865995e-05        6390.8759   -6.5503746e-07 
                0               -9                0    3.6538154e-05        6735.0504   -7.2053256e-07    3.6538154e-05        6871.6231    -7.205326e-07 
                0       -8.7777778                0    3.7139264e-05        7256.6631    -7.938981e-07    3.7139264e-05        7405.3178   -7.9389814e-07 
                0       -8.5555556                0    3.7653133e-05        7838.1738   -8.7629521e-07    3.7653133e-05        8000.2857   -8.7629523e-07 
                0       -8.3333333                0    3.8061342e-05        8489.5816   -9.6910459e-07    3.8061342e-05        8666.7037   -9.6910462e-07 
                0       -8.1111111                0    3.8342936e-05        9223.2882    -1.073976e-06    3.8342936e-05        9417.1726   -1.0739761e-06 
                0       -7.8888889                0    3.8474082e-05        10054.911   -1.1928918e-06    3.8474082e-05        10267.531   -1.1928919e-06 
                0       -7.6666667                0    3.8427703e-05        11004.467   -1.3282188e-06    3.8427703e-05        11238.036   -1.3282189e-06 
                0       -7.4444444                0    3.8173002e-05        12098.148   -1.4828081e-06    3.8173002e-05        12355.138   -1.4828081e-06 
                0       -7.2222222                0    3.7674583e-05        13371.066   -1.6600243e-06    3.7674583e-05        13654.211   -1.6600243e-06 
                0               -7                0    3.6891796e-05        14871.639   -1.8637945e-06    3.6891796e-05        15183.925   -1.8637945e-06 
                0       -6.7777778                0    3.5776915e-05        16668.854   -2.0984585e-06    3.5776915e-05         17013.47   -2.0984586e-06 
                0       -6.5555556                0    3.4272851e-05        18864.664   -2.3682485e-06    3.4272851e-05        19244.907   -2.3682486e-06 
                0       -6.3333333                0    3.2308787e-05        21615.661   -2.6759124e-06    3.2308787e-05        22034.743   -2.6759125e-06 
                0       -6.1111111                0    2.9791183e-05        25170.396   -3.0189613e-06    2.9791183e-05        25631.121   -3.0189614e-06 
                0       -5.8888889                0    2.6583223e-05        29924.573   -3.3801411e-06    2.6583223e-05        30428.805   -3.3801412e-06 
                0       -5.6666667                0    2.2453353e-05        36431.838    -3.703284e-06    2.2453353e-05        36979.674   -3.7032841e-06 
                0       -5.4444444                0    1.6953341e-05        44833.501   -3.8396804e-06    1.6953342e-05        45422.068   -3.8396805e-06 
                0       -5.2222222                0    9.4101634e-06        50869.788   -3.5228903e-06    9.4101633e-06        51491.629   -3.5228904e-06 
                0               -5                0    1.0719895e-06        39174.259   -2.8872103e-06    1.0719893e-06        39815.393   -2.8872104e-06 
                0       -4.7777778                0   -3.7062153e-06        17426.427   -2.8367324e-06   -3.7062155e-06        18064.499   -2.8367325e-06 
                0       -4.5555556                0   -6.8550424e-06        8592.8719   -3.4329634e-06    -6.855042e-06        9196.1427   -3.4329635e-06 
                0       -4.3333333                0    -1.112066e-05        6420.9911   -4.6407844e-06    -1.112066e-05        6949.2982   -4.6407844e-06 
                0       -4.1111111                0   -1.6738256e-05        4377.5234   -6.4038668e-06   -1.6738256e-05         4786.105   -6.4038666e-06 
                0       -3.8888889                0   -2.2370526e-05        287.93298   -8.2846227e-06   -2.2370526e-05        534.07853   -8.2846227e-06 
                0       -3.6666667                0   -2.5895863e-05       -6043.7641   -9.5656888e-06   -2.5895864e-05       -5992.7278   -9.5656888e-06 
                0       -3.4444444                0   -2.6478084e-05       -13745.801   -9.9186635e-06   -2.6478085e-05       -13905.659   -9.9186634e-06 
                0       -3.2222222                0   -2.4105522e-05         -22375.2   -9.2871321e-06   -2.4105523e-05       -22741.441   -9.2871321e-06 
                0               -3                0   -1.8819821e-05       -30249.471   -7.6922026e-06   -1.8819821e-05       -30798.461   -7.6922026e-06 
                0       -2.7777778                0   -1.2308138e-05       -35197.855   -5.7333752e-06   -1.2308138e-05       -35892.218   -5.7333753e-06 
                0       -2.5555556                0   -6.4397641e-06       -37261.176   -4.0599301e-06   -6.4397646e-06       -38057.551   -4.0599301e-06 
                0       -2.3333333                0    -2.023809e-06       -37744.172   -2.8874901e-06   -2.0238091e-06       -38600.815   -2.8874901e-06 
                0       -2.1111111                0    1.2171389e-06       -37725.835   -2.0873862e-06    1.2171388e-06       -38607.969   -2.0873862e-06 
                0       -1.8888889                0    3.6481291e-06       -37518.354    -1.527899e-06    3.6481291e-06       -38400.505    -1.527899e-06 
                0       -1.6666667                0    5.5098696e-06       -37236.784   -1.1290334e-06    5.5098694e-06       -38102.638   -1.1290334e-06 
                0       -1.4444444                0    6.9579201e-06       -36934.346   -8.3884328e-07    6.9579201e-06       -37775.213   -8.3884333e-07 
                0       -1.2222222                0    8.0908672e-06       -36638.017    -6.223318e-07    8.0908672e-06       -37450.892   -6.2233188e-07 
                0               -1                0    8.9707403e-06       -36364.407   -4.5603201e-07    8.9707403e-06       -37150.192    -4.560321e-07 
                0      -0.77777778                0    9.6366992e-06       -36124.124   -3.2379892e-07     9.636699e-06       -36886.241   -3.2379893e-07 
                0      -0.55555556                0    1.0112226e-05       -35923.505   -2.1420107e-07    1.0112226e-05       -36666.916   -2.1420107e-07 
                0      -0.33333333                0    1.0411551e-05       -35766.422   -1.1926657e-07    1.0411551e-05        -36496.98   -1.1926657e-07 
                0      -0.11111111                0    1.0542753e-05       -35655.823   -3.3196292e-08    1.0542753e-05       -36379.853   -3.3196315e-08 
                0       0.11111111                0    1.0509181e-05       -35591.904    4.8514835e-08    1.0509181e-05       -36315.934    4.8514838e-08 
                0       0.33333333                0    1.0310689e-05       -35573.762     1.292985e-07    1.0310689e-05        -36304.32     1.292985e-07 
                0       0.55555556                0    9.9442183e-06       -35599.339    2.1209012e-07    9.9442182e-06        -36342.75    2.1209009e-07 
                0       0.77777778                0    9.4036263e-06       -35663.678    2.9860025e-07    9.4036261e-06       -36425.795    2.9860025e-07 
                0                1                0    8.6793464e-06       -35760.609    3.8938606e-07    8.6793464e-06       -36546.394    3.8938611e-07 
                0        1.2222222                0    7.7581902e-06       -35881.022    4.8256348e-07    7.7581901e-06       -36693.897    4.8256351e-07 
                0        1.4444444                0    6.6237087e-06       -36010.795    5.7070736e-07    6.6237084e-06       -36851.662    5.7070737e-07 
                0        1.6666667                0     5.256103e-06        -36128.61    6.3550969e-07    5.2561026e-06       -36994.464    6.3550972e-07 
                0        1.8888889                0    3.6397257e-06       -36200.847    6.3558235e-07    3.6397255e-06       -37082.999     6.355824e-07 
                0        2.1111111                0    1.7746549e-06       -36164.931    4.5087096e-07    1.7746546e-06       -37047.065    4.5087098e-07 
                0        2.3333333                0   -2.8677636e-07       -35893.938   -5.9280794e-07   -2.8677636e-07        -36750.58   -5.9280793e-07 
                0        2.5555556                0    -2.333656e-06       -35075.934    -8.999176e-06   -2.3336562e-06       -35872.309    -8.999176e-06 
                0        2.7777778                0   -3.9428893e-06       -32761.263   -0.00010047645   -3.9428893e-06       -33455.627   -0.00010047645 
                0                3                0   -4.8852089e-06       -27954.791   -0.00052511356   -4.8852093e-06       -28503.782   -0.00052511356 
                0        3.2222222                0   -5.2109469e-06       -20809.411   -0.00089462426   -5.2109479e-06       -21175.651   -0.00089462426 
                0        3.4444444                0   -5.3973725e-06       -13225.879   -0.00088189147   -5.3973733e-06       -13385.737   -0.00088189147 
                0        3.6666667                0   -5.5292849e-06       -6592.4886   -0.00080558387   -5.5292861e-06       -6541.4523   -0.00080558387 
                0        3.8888889                0   -5.6869094e-06       -1153.0593   -0.00060611889   -5.6869098e-06       -906.91376   -0.00060611889 
                0        4.1111111                0   -5.6537044e-06        2535.1465   -0.00020118398   -5.6537032e-06        2943.7281   -0.00020118398 
                0        4.3333333                0   -5.0919971e-06        4628.9528   -2.3412143e-05   -5.0919966e-06          5157.26   -2.3412143e-05 
                0        4.5555556                0   -4.0810761e-06        6860.0045   -1.8901962e-06   -4.0810753e-06        7463.2753   -1.8901961e-06 
                0        4.7777778                0   -2.6883355e-06         14771.93    3.7479179e-07   -2.6883353e-06        15410.002    3.7479194e-07 
                0                5                0    3.6451453e-07        33835.967    1.4275296e-06    3.6451461e-07        34477.102    1.4275298e-06 
                0        5.2222222                0    6.3661697e-06         44426.37    2.9036623e-06    6.3661698e-06        45048.211    2.9036624e-06 
                0        5.4444444                0    1.2671767e-05        39776.026    3.6965026e-06    1.2671768e-05        40364.593    3.6965028e-06 
                0        5.6666667                0    1.8043603e-05        32889.304    3.7460892e-06    1.8043604e-05         33437.14    3.7460894e-06 
                0        5.8888889                0    2.2495358e-05        27444.025    3.4847633e-06    2.2495358e-05        27948.257    3.4847635e-06 
                0        6.1111111                0    2.6144779e-05        23388.218    3.1379152e-06     2.614478e-05        23848.943    3.1379154e-06 
                0        6.3333333                0    2.9101218e-05         20297.94    2.7915232e-06    2.9101218e-05        20717.021    2.7915233e-06 
                0        6.5555556                0    3.1462247e-05         17864.47    2.4743906e-06    3.1462247e-05        18244.712    2.4743907e-06 
                0        6.7777778                0     3.331286e-05         15892.16    2.1936165e-06     3.331286e-05        16236.777    2.1936166e-06 
                0                7                0    3.4726058e-05        14256.559    1.9482992e-06    3.4726059e-05        14568.845    1.9482993e-06 
                0        7.2222222                0    3.5764382e-05        12875.679    1.7348622e-06    3.5764382e-05        13158.824    1.7348623e-06 
                0        7.4444444                0    3.6481768e-05        11693.291    1.5491318e-06    3.6481769e-05        11950.281    1.5491319e-06 
                0        7.6666667                0    3.6924552e-05        10669.358    1.3871493e-06    3.6924552e-05        10902.927    1.3871494e-06 
                0        7.8888889                0    3.7132987e-05        9774.4207    1.2454507e-06    3.7132987e-05        9987.0403    1.2454508e-06 
                0        8.1111111                0    3.7142048e-05        8986.1884    1.1210617e-06    3.7142048e-05        9180.0727    1.1210618e-06 
                0        8.3333333                0    3.6982272e-05        8287.3965    1.0114741e-06    3.6982272e-05        8464.5186    1.0114742e-06 
                0        8.5555556                0     3.668032e-05        7664.4066    9.1460452e-07     3.668032e-05        7826.5186    9.1460459e-07 
                0        8.7777778                0    3.6259539e-05        7106.2647    8.2870489e-07    3.6259539e-05        7254.9194    8.2870494e-07 
                0                9                0    3.5740283e-05        6604.0476    7.5230054e-07    3.5740283e-05        6740.6203    7.5230062e-07 
                0        9.2222222                0    3.5140386e-05        6150.3985    6.8416508e-07    3.5140386e-05        6276.1069    6.8416514e-07 
                0        9.4444444                0    3.4475348e-05        5739.1882    6.2324882e-07    3.4475348e-05        5855.1109     6.232489e-07 
                0        9.6666667                0    3.3758666e-05        5365.2636    5.6866761e-07    3.3758666e-05         5472.357    5.6866766e-07 
                0        9.8888889                0    3.3002028e-05        5024.2574    5.1965594e-07    3.3002028e-05        5123.3703      5.19656e-07 
                0        10.111111                0    3.2215564e-05        4712.4423     4.755626e-07    3.2215564e-05        4804.3287    4.7556267e-07 
                0        10.333333                0    3.1407977e-05        4426.6162    4.3582736e-07    3.1407977e-05        4511.9475    4.3582741e-07 
                0        10.555556                0    3.0586722e-05        4164.0133    3.9995337e-07    3.0586722e-05        4243.3876    3.9995342e-07 
                0        10.777778                0    2.9758178e-05        3922.2316    3.6751596e-07    2.9758178e-05        3996.1829    3.6751601e-07 
                0               11                0    2.8927752e-05        3699.1755    3.3814308e-07    2.8927752e-05        3768.1812    3.3814311e-07 


