%    UNITS: X,Y,Z in in;  Magnetic Field Intensity in Amps/meter
%          X (in)           Y (in)           Z (in)        RealScatX        RealScatY        RealScatZ         RealTotX         RealTotY         RealTotZ
                0             0.05                0       -100.28764        1929836.9      -0.06737026        19.579936          2050574      -0.06737026 
          0.00995             0.05         -0.00098       -89.770087        1929848.3        -3.538636        29.996079        2050583.4        -2.347836 
           0.0199             0.05         -0.00196       -91.983651        1929851.5       -1.6887722        27.673988        2050584.7       0.69328957 
          0.02985             0.05         -0.00294       -94.656925        1929853.7       -2.5102638        24.883719          2050585        1.0635707 
           0.0398             0.05         -0.00392       -97.318039        1929856.3       -3.3381181        22.095791        2050585.8        1.4280489 
          0.04975             0.05          -0.0049       -99.972866        1929859.2       -4.1714454        19.302979        2050586.9        1.7876627 
           0.0597             0.05         -0.00588        -102.6284        1929861.8       -5.0093037        16.496937        2050587.7        2.1434028 
          0.06965             0.05         -0.00686       -109.72364        1929861.3       -7.2986021        9.2373235        2050585.4        1.0484086 
           0.0796             0.05         -0.00784       -104.91979          1929857       -11.425589        13.861587        2050579.4       -1.8835201 
          0.08955             0.05         -0.00882       -104.60478        1929858.3       -9.7088713        13.980446          2050579         1.029058 
           0.0995             0.05          -0.0098       -101.52137        1929861.3       -13.073934        16.849802        2050580.3       -1.1392943 
          0.10945             0.05         -0.01078       -101.80294        1929864.3        -14.97207        16.334931        2050581.6       -1.8398226 
           0.1194             0.05         -0.01176       -105.82408        1929870.5       -15.011433        12.059904        2050586.2       -0.6806343 
          0.12935             0.05         -0.01274       -110.43141        1929873.3       -13.523098        7.1767752        2050587.3        2.0072436 
           0.1393             0.05         -0.01372       -108.09472        1929878.8       -11.208614        9.2144055        2050591.2        5.5223083 
          0.14925             0.05          -0.0147        -116.2564          1929915       -13.321801       0.72909537        2050625.8        4.6107845 
           0.1592             0.05         -0.01568       -109.98288        1929935.6       -10.866698        6.6530842        2050644.9        8.2686802 
          0.16915             0.05         -0.01666       -104.80837        1929949.6       -13.012994        11.450841        2050657.3        7.3263502 
           0.1791             0.05         -0.01764       -121.53493        1929917.9       -22.888586       -5.6810099        2050624.1       -1.3440587 
          0.18905             0.05         -0.01862       -126.33156        1929884.9       -19.683461       -10.912779        2050589.4        3.0675112 
            0.199             0.05          -0.0196       -138.78834        1929878.2        15.364605       -23.835852        2050581.1        39.323327 
          0.20895             0.05         -0.02058       -142.27653        1929871.2        19.883218       -27.822783        2050572.5        45.051037 
           0.2189             0.05         -0.02156       -129.04947        1929875.3       -19.088273       -15.128201        2050574.9        7.2900302 
          0.22885             0.05         -0.02254       -130.17141        1929874.6       -23.078589       -16.817653        2050572.6        4.5116299 
           0.2388             0.05         -0.02352       -125.79641        1929849.1       -34.252283       -13.046465        2050545.4       -5.4486794 
          0.24875             0.05          -0.0245       -121.23953        1929806.6       -60.775887       -9.1309917        2050501.2       -30.757388 
           0.2587             0.05         -0.02548       -149.47745        1929852.2       -68.839533       -38.049163        2050544.9       -37.604591 
          0.26865             0.05         -0.02646       -175.90727        1929838.7       -26.263929       -65.199341        2050529.6         6.189043 
           0.2786             0.05         -0.02744        -169.1923        1929917.9       -26.449351        -59.24608        2050606.9        7.2232733 
          0.28855             0.05         -0.02842       -143.82404        1929928.5       -35.060202        -34.68214        2050615.6      -0.16626539 
           0.2985             0.05          -0.0294       -150.73679        1930001.3       -41.879575       -42.443035        2050686.4       -5.7626325 
          0.30845             0.05         -0.03038        -187.0046        1930082.1       -8.2346674       -79.604055        2050765.1        29.107011 
           0.3184             0.05         -0.03136       -103.08972        1930103.5       -23.693819        3.3713404        2050784.3        14.874356 
          0.32835             0.05         -0.03234       -151.56313        1930203.3        10.218092       -46.089036        2050881.8        50.014559 
           0.3383             0.05         -0.03332       -209.49875        1930169.8       -38.275426       -105.06029        2050845.9        2.7511566 
          0.34825             0.05          -0.0343       -300.07593        1930110.3        -54.09288       -196.72299        2050783.9       -11.834326 
           0.3582             0.05         -0.03528       -307.42622        1930095.9       -37.657538       -205.20983        2050766.8        5.8348721 
          0.36815             0.05         -0.03626       -168.25481        1930145.2         -31.8748       -67.227185        2050813.4        12.853377 
           0.3781             0.05         -0.03724       -242.14825          1930182        67.245976       -142.36275        2050847.3        113.21186 
          0.38805             0.05         -0.03822       -355.09081        1930094.4        54.323707       -256.60194        2050756.6        101.52926 
            0.398             0.05          -0.0392       -447.28136        1929952.1        48.870982       -350.14476        2050611.2        97.318194 
          0.40795             0.05         -0.04018       -375.16332        1929888.3        113.70791       -279.43575        2050544.1        163.39879 
           0.4179             0.05         -0.04116       -215.80622          1929691        2195.4444       -121.54555        2050343.2         2246.381 
          0.42785             0.05         -0.04214        5563.5178        1940659.2        1306.8105        5656.2527        2061307.7        1358.9949 
           0.4378             0.05         -0.04312       -926.87543        1930064.2        139.65827       -835.72654        2050708.7        193.09244 
          0.44775             0.05          -0.0441       -709.68862        1930433.5       -191.79425       -620.18675        2051073.9       -137.10817 
           0.4577             0.05         -0.04508       -693.72041        1930677.2       -600.57311       -605.92774        2051313.2       -544.63301 
          0.46765             0.05         -0.04606       -1369.0894        1930918.5       -514.97278       -1283.0691          2051550       -457.77654 
           0.4776             0.05         -0.04704       -1993.4333          1931052       -618.24995       -1909.2497        2051678.7       -559.79542 
          0.48755             0.05         -0.04802        -2257.864        1931209.6        -368.2014       -2175.5823        2051831.3       -308.48645 
           0.4975             0.05           -0.049       -2601.1456        1931518.9       -179.12666       -2520.8321        2052135.3       -118.14914 
          0.50745             0.05         -0.04998       -29627.084        1932737.2        5051.6872       -29548.806        2053347.9        5113.9295 
           0.5174             0.05         -0.05096       -29098.383        1932962.5          3094.67       -29022.208        2053567.3        3158.1792 
          0.52735             0.05         -0.05194        -28996.21        1933900.1        3092.3806       -28922.209        2054498.8        3157.1589 
           0.5373             0.05         -0.05292       -28630.205        1934907.4        2823.8282       -28558.446        2055499.6        2889.8778 
          0.54725             0.05          -0.0539         -28313.5        1935891.2        2946.2674       -28244.055        2056476.6        3013.5905 
           0.5572             0.05         -0.05488       -28154.509        1937094.9        2907.0028        -28087.45        2057673.1        2975.6015 
          0.56715             0.05         -0.05586       -27893.424        1938091.9        2876.0281       -27828.824        2058662.6        2945.9046 
           0.5771             0.05         -0.05684       -27490.681        1939127.2        2849.7544       -27428.613        2059690.1         2920.911 
          0.58705             0.05         -0.05782       -27222.974          1940139        2881.9172       -27163.513        2060693.7        2954.3559 
            0.597             0.05          -0.0588       -26941.024        1941165.6        2908.4266       -26884.246        2061711.7        2982.1498 
          0.60695             0.05         -0.05978       -26665.611        1942091.7        2889.7979       -26611.591        2062628.8        2964.8076 
           0.6169             0.05         -0.06076       -26397.848        1943046.1        2872.6605       -26346.664        2063573.8        2948.9589 
          0.62685             0.05         -0.06174        -26091.63        1943930.9         2851.767       -26043.359        2064448.7        2929.3563 
           0.6368             0.05         -0.06272       -25856.984        1944770.3        2844.9265       -25811.706        2065277.8        2923.8088 
          0.64675             0.05          -0.0637       -25627.255        1945557.5        2841.9503       -25585.048        2066054.3        2922.1277 
           0.6567             0.05         -0.06468       -25411.916        1946379.5        2845.7269        -25372.86        2066865.1        2927.2016 
          0.66665             0.05         -0.06566       -25189.938          1947087        2833.5707       -25154.114          2067561        2916.3447 
           0.6766             0.05         -0.06664         -25022.6        1947812.7        2832.9618       -24990.091        2068274.4        2917.0371 
          0.68655             0.05         -0.06762       -24842.637        1948523.1        2833.9857       -24813.523        2068972.1        2919.3645 
           0.6965             0.05          -0.0686       -24686.555          1949158        2836.0583       -24660.919        2069593.9        2922.7426 
          0.70645             0.05         -0.06958        -24547.57        1949805.2        2836.7726       -24525.497        2070227.3        2924.7644 
           0.7164             0.05         -0.07056       -24421.095        1950423.7        2841.2139       -24402.668        2070831.5        2930.5151 
          0.72635             0.05         -0.07154       -24302.869        1950994.1        2848.0731       -24288.173          2071387        2938.6857 
           0.7363             0.05         -0.07252       -24183.496        1951504.7        2854.0758       -24172.616        2071882.2        2946.0017 
          0.74625             0.05          -0.0735       -24094.523        1951988.6        2860.3362       -24087.544          2072350        2953.5773 
           0.7562             0.05         -0.07448       -24013.251        1952440.1        2865.8979        -24010.26        2072784.9         2960.456 
          0.76615             0.05         -0.07546        -23961.25        1952870.5        2875.5407       -23962.335          2073198        2971.4177 
           0.7761             0.05         -0.07644       -23905.869        1953231.8        2884.0597       -23911.115        2073541.4        2981.2573 
          0.78605             0.05         -0.07742       -23864.118        1953555.4         2894.724       -23873.614        2073846.4         2993.244 
            0.796             0.05          -0.0784       -23839.072        1953826.3        2902.3483       -23852.906          2074098        3002.1924 
          0.80595             0.05         -0.07938       -23824.133        1954069.3         2913.866       -23842.394        2074321.1        3015.0358 
           0.8159             0.05         -0.08036       -23817.079        1954269.8        2926.4696       -23839.856          2074501        3028.9667 
          0.82585             0.05         -0.08134       -23816.962        1954427.7         2940.205       -23844.344        2074637.4         3044.031 
           0.8358             0.05         -0.08232       -23829.512        1954546.1        2954.8184       -23861.589        2074733.8        3059.9748 
          0.84575             0.05          -0.0833       -23850.885        1954620.7        2968.1352       -23887.746        2074785.5        3074.6235 
           0.8557             0.05         -0.08428       -23876.324        1954651.9        2983.6221       -23918.061        2074793.1        3091.4437 
          0.86565             0.05         -0.08526       -23908.213        1954639.9        2997.4372       -23954.916        2074756.7        3106.5934 
           0.8756             0.05         -0.08624       -23949.791        1954585.4        3013.6647       -24001.551          2074677        3124.1568 
          0.88555             0.05         -0.08722       -24000.757        1954486.4        3032.2319       -24057.665          2074552        3144.0611 
           0.8955             0.05          -0.0882       -24056.471        1954348.7        3049.9096       -24118.619        2074387.4        3163.0771 
          0.90545             0.05         -0.08918       -24120.389        1954167.5        3068.3909       -24187.868        2074178.5        3182.8979 
           0.9154             0.05         -0.09016       -24183.815          1953940         3089.356       -24256.717        2073922.5        3205.2035 
          0.92535             0.05         -0.09114       -24255.181        1953668.3        3107.7027       -24333.598        2073621.4        3224.8917 
           0.9353             0.05         -0.09212       -24333.226        1953356.7        3127.0942        -24417.25        2073279.5        3245.6256 
          0.94525             0.05          -0.0931       -24417.344        1953000.1        3147.1427       -24507.068        2072891.6        3267.0173 
           0.9552             0.05         -0.09408       -24503.473        1952602.8        3167.9399       -24598.988        2072462.2        3289.1586 
          0.96515             0.05         -0.09506       -24596.129        1952162.3        3187.8754       -24697.527        2071988.6        3310.4387 
           0.9751             0.05         -0.09604       -24689.255        1951679.5        3209.3522        -24796.63        2071471.7         3333.261 
          0.98505             0.05         -0.09702       -24788.779        1951152.9        3230.1833       -24902.223        2070910.1        3355.4379 
            0.995             0.05           -0.098       -24890.955        1950583.9        3251.3974        -25010.56        2070305.1        3377.9984 


