%          X (in)           Y (in)           Z (in)         RealPolX         RealPolY         RealPolZ
      0.091448588              4.9        0.4597431        168006.86        -48936213       -4200615.2 
      0.091448588              4.7        0.4597431        331504.28        -77240529       -3400028.7 
      0.091448588              4.5        0.4597431        686780.33        -93074282       -2929473.4 
      0.091448588              4.3        0.4597431        1410487.6   -1.0198283e+08       -2358356.9 
      0.091448588              4.1        0.4597431        2749286.2   -1.0091436e+08       -1011186.5 
      0.091448588              3.9        0.4597431         13007366        -51661791        6323869.8 
      0.091448588              3.7        0.4597431         11374999        4165593.6       -3434527.9 
      0.091448588              3.5        0.4597431         12173583         28670688       -4422614.8 
      0.091448588              3.3        0.4597431         13685099         52788022       -4893652.9 
      0.091448588              3.1        0.4597431         12562584         79685348       -3388197.5 
      0.091448588              2.9        0.4597431          8823267         23913879        -30495794 
      0.091448588              2.7        0.4597431         10181202         32037578         37043467 
      0.091448588              2.5        0.4597431        4579938.9    2.4834556e+08         27212109 
      0.091448588              2.3        0.4597431        2478405.7    3.2880606e+08        3702551.5 
      0.091448588              2.1        0.4597431          1061426    3.5961979e+08          4298142 
      0.091448588              1.9        0.4597431        809279.17    3.8735391e+08        4239130.2 
      0.091448588              1.7        0.4597431        882911.24    4.1543883e+08        4659172.7 
      0.091448588              1.5        0.4597431        806683.14    4.4342294e+08        4018472.2 
      0.091448588              1.3        0.4597431        323466.19    4.6045853e+08        1319639.2 
      0.091448588              1.1        0.4597431        69966.333    4.6450233e+08       -81947.911 
      0.091448588              0.9        0.4597431       -15665.013    4.6317758e+08       -485413.12 
      0.091448588              0.7        0.4597431       -46333.422    4.6047266e+08       -532735.92 
      0.091448588              0.5        0.4597431       -54707.037     4.578267e+08       -439392.53 
      0.091448588              0.3        0.4597431       -51492.749    4.5582475e+08       -284917.47 
      0.091448588              0.1        0.4597431        -41475.47    4.5472449e+08       -104154.93 
      0.091448588             -0.1        0.4597431       -27630.477    4.5462787e+08        83870.706 
      0.091448588             -0.3        0.4597431       -12378.332    4.5553652e+08        264190.66 
      0.091448588             -0.5        0.4597431         1734.564    4.5735229e+08        417873.21 
      0.091448588             -0.7        0.4597431        10866.398    4.5982307e+08        510358.83 
      0.091448588             -0.9        0.4597431        5972.2486    4.6237392e+08        462927.41 
      0.091448588             -1.1        0.4597431       -42793.702    4.6358794e+08        62591.635 
      0.091448588             -1.3        0.4597431       -243361.94    4.5953446e+08         -1324685 
      0.091448588             -1.5        0.4597431       -652008.48    4.4270814e+08       -3991819.7 
      0.091448588             -1.7        0.4597431       -628839.47    4.1519303e+08         -4621236 
      0.091448588             -1.9        0.4597431       -396336.85    3.8781839e+08       -4207035.2 
      0.091448588             -2.1        0.4597431       -297701.83     3.613366e+08       -4283527.6 
      0.091448588             -2.3        0.4597431       -281742.18    3.3382945e+08       -4027329.7 
      0.091448588             -2.5        0.4597431       -3899531.7    2.7181636e+08        -19429939 
      0.091448588             -2.7        0.4597431       -6747019.4    1.3373256e+08        -20844098 
      0.091448588             -2.9        0.4597431         -4557277         85418692          5900201 
      0.091448588             -3.1        0.4597431       -8562959.4         78216924        2717606.6 
      0.091448588             -3.3        0.4597431       -8948279.9         52807186        3050431.8 
      0.091448588             -3.5        0.4597431       -7755539.7         28322473        3093123.9 
      0.091448588             -3.7        0.4597431       -7173411.9          4098026        2246439.2 
      0.091448588             -3.9        0.4597431       -8926651.2        -50940227       -7327015.8 
      0.091448588             -4.1        0.4597431       -705675.43        -99391237        612323.24 
      0.091448588             -4.3        0.4597431       -32504.065      -1.0053e+08        2059670.3 
      0.091448588             -4.5        0.4597431        289505.48        -91788841        2703114.7 
      0.091448588             -4.7        0.4597431        417551.99        -76201487          3212090 
      0.091448588             -4.9        0.4597431        477988.71        -48295841        4022311.5 
       0.26042355              4.9       0.38975138        902744.07        -48786358       -5210229.8 
       0.26042355              4.7       0.38975138        1510635.9        -77605593       -4572268.2 
       0.26042355              4.5       0.38975138        2637966.4        -93989511       -4587416.1 
       0.26042355              4.3       0.38975138        4755591.6   -1.0398918e+08       -5053638.2 
       0.26042355              4.1       0.38975138        9520915.6    -1.045993e+08       -6405826.7 
       0.26042355              3.9       0.38975138         27713230        -54854180       -1542131.2 
       0.26042355              3.7       0.38975138         24470799        2798644.9        -12030181 
       0.26042355              3.5       0.38975138         25486461         28123423        -13317308 
       0.26042355              3.3       0.38975138         27023713         53617572        -13280194 
       0.26042355              3.1       0.38975138         25056968         84291858        -10620013 
       0.26042355              2.9       0.38975138        9334439.9         42892776        -27553017 
       0.26042355              2.7       0.38975138         28980779         58823297         22553019 
       0.26042355              2.5       0.38975138         17323744    2.5829032e+08         19818583 
       0.26042355              2.3       0.38975138        5272203.5    3.3397581e+08        1500448.1 
       0.26042355              2.1       0.38975138        3480670.6    3.6060962e+08        3036163.4 
       0.26042355              1.9       0.38975138        2886773.4    3.8758639e+08        3300786.8 
       0.26042355              1.7       0.38975138        2986210.6    4.1545981e+08        3748081.7 
       0.26042355              1.5       0.38975138          2646062    4.4337296e+08        3213184.3 
       0.26042355              1.3       0.38975138        1173316.7    4.6042298e+08        916499.76 
       0.26042355              1.1       0.38975138        383472.93    4.6451597e+08       -271225.42 
       0.26042355              0.9       0.38975138        100282.91     4.632244e+08       -589677.23 
       0.26042355              0.7       0.38975138       -9597.8908    4.6053363e+08       -592449.01 
       0.26042355              0.5       0.38975138       -48876.613    4.5789111e+08       -470813.48 
       0.26042355              0.3       0.38975138       -53826.021    4.5588811e+08       -296555.55 
       0.26042355              0.1       0.38975138       -41391.978    4.5478556e+08        -100748.5 
       0.26042355             -0.1       0.38975138       -22283.312    4.5468663e+08        100307.68 
       0.26042355             -0.3       0.38975138       -5578.8211     4.555928e+08        294106.38 
       0.26042355             -0.5       0.38975138       -1604.7551    4.5740431e+08        464304.54 
       0.26042355             -0.7       0.38975138       -26425.624    4.5986532e+08        579803.59 
       0.26042355             -0.9       0.38975138       -114602.79    4.6239403e+08         569040.3 
       0.26042355             -1.1       0.38975138       -365372.47    4.6356424e+08        242059.02 
       0.26042355             -1.3       0.38975138       -1104114.9    4.5944669e+08       -949406.55 
       0.26042355             -1.5       0.38975138       -2497438.8     4.425827e+08       -3242929.6 
       0.26042355             -1.7       0.38975138       -2735788.5    4.1509062e+08       -3808704.2 
       0.26042355             -1.9       0.38975138       -2464216.2    3.8779571e+08       -3446161.3 
       0.26042355             -2.1       0.38975138       -2657972.5    3.6156075e+08       -3389150.7 
       0.26042355             -2.3       0.38975138       -3247285.4    3.3468538e+08       -2700631.9 
       0.26042355             -2.5       0.38975138        -14534763    2.7379331e+08        -14285733 
       0.26042355             -2.7       0.38975138        -20927029    1.4018584e+08        -12420477 
       0.26042355             -2.9       0.38975138        -12171453         91383206        9825456.7 
       0.26042355             -3.1       0.38975138        -20550645         80812150        9063525.7 
       0.26042355             -3.3       0.38975138        -22394043         53180079         10568405 
       0.26042355             -3.5       0.38975138        -21217415         27640281         10914803 
       0.26042355             -3.7       0.38975138        -20521716        2789205.5        9767981.6 
       0.26042355             -3.9       0.38975138        -23742682        -53785972       -471284.93 
       0.26042355             -4.1       0.38975138       -7811140.4   -1.0243703e+08        5291800.5 
       0.26042355             -4.3       0.38975138       -3684948.6   -1.0204085e+08        4326464.7 
       0.26042355             -4.5       0.38975138       -1890735.8        -92421354        4063326.7 
       0.26042355             -4.7       0.38975138       -944281.62        -76419848        4158561.2 
       0.26042355             -4.9       0.38975138       -418671.74        -48104823        4837326.1 
       0.38975138              4.9       0.26042355        -719817.7        -48584299       -5146374.2 
       0.38975138              4.7       0.26042355        139056.39        -78180647       -4753701.3 
       0.38975138              4.5       0.26042355        1246723.9        -95386264         -5146812 
       0.38975138              4.3       0.26042355        3059068.6   -1.0708084e+08       -6361078.2 
       0.38975138              4.1       0.26042355        6960018.4   -1.1454288e+08       -9730728.7 
       0.38975138              3.9       0.26042355         27907581        -63250351        -12356248 
       0.38975138              3.7       0.26042355         19726056        1465874.8        -20135968 
       0.38975138              3.5       0.26042355         20063659         26856682        -21398826 
       0.38975138              3.3       0.26042355         21145178         54571072        -21017082 
       0.38975138              3.1       0.26042355         20283122         89062310        -18025414 
       0.38975138              2.9       0.26042355       -4021128.5         52287108        -23414154 
       0.38975138              2.7       0.26042355         36583866         68622645          8224812 
       0.38975138              2.5       0.26042355         25505018    2.6279184e+08          9289728 
       0.38975138              2.3       0.26042355        4347672.2    3.3575223e+08        1128166.1 
       0.38975138              2.1       0.26042355        4351371.5    3.6148639e+08        1613101.4 
       0.38975138              1.9       0.26042355        4017032.2    3.8790245e+08        1905105.2 
       0.38975138              1.7       0.26042355        4284235.4    4.1552574e+08        2275728.5 
       0.38975138              1.5       0.26042355        3769454.2    4.4333227e+08        1930896.4 
       0.38975138              1.3       0.26042355        1539882.6    4.6039546e+08        393331.12 
       0.38975138              1.1       0.26042355        346995.66    4.6455386e+08        -395247.7 
       0.38975138              0.9       0.26042355       -53641.233    4.6330638e+08       -581546.43 
       0.38975138              0.7       0.26042355       -174220.62    4.6063393e+08       -544396.91 
       0.38975138              0.5       0.26042355       -181107.93    4.5799555e+08        -419583.5 
       0.38975138              0.3       0.26042355       -135240.94     4.559911e+08       -258994.35 
       0.38975138              0.1       0.26042355       -64576.811    4.5488603e+08       -84657.278 
       0.38975138             -0.1       0.26042355        14212.661    4.5478525e+08        92549.799 
       0.38975138             -0.3       0.26042355        87367.118    4.5569011e+08        264632.16 
       0.38975138             -0.5       0.26042355        138489.84    4.5749881e+08        420620.16 
       0.38975138             -0.7       0.26042355        140294.56    4.5995064e+08        538328.44 
       0.38975138             -0.9       0.26042355        33283.999    4.6245466e+08        565758.56 
       0.38975138             -1.1       0.26042355       -345542.79    4.6357208e+08        367527.91 
       0.38975138             -1.3       0.26042355       -1499477.9    4.5937609e+08       -432619.31 
       0.38975138             -1.5       0.26042355       -3663938.6    4.4247617e+08         -1982417 
       0.38975138             -1.7       0.26042355       -4111104.7    4.1504323e+08       -2372750.3 
       0.38975138             -1.9       0.26042355       -3750083.2    3.8789116e+08       -2097942.5 
       0.38975138             -2.1       0.26042355       -3932132.4    3.6198148e+08       -1947290.2 
       0.38975138             -2.3       0.26042355         -4046695    3.3652633e+08       -1353299.3 
       0.38975138             -2.5       0.26042355        -20009547    2.7794527e+08       -6640890.8 
       0.38975138             -2.7       0.26042355        -25363644    1.4666492e+08       -2377386.8 
       0.38975138             -2.9       0.26042355       -8739551.5         98987628         13245060 
       0.38975138             -3.1       0.26042355        -17369060         85916231         15023506 
       0.38975138             -3.3       0.26042355        -18747234         53897413         17375211 
       0.38975138             -3.5       0.26042355        -17675135         26535159         17910145 
       0.38975138             -3.7       0.26042355        -17479905          1544621         16786736 
       0.38975138             -3.9       0.26042355        -25190619        -61557655        8733699.7 
       0.38975138             -4.1       0.26042355       -6086903.6   -1.1140588e+08          8520853 
       0.38975138             -4.3       0.26042355       -2554500.4   -1.0473096e+08        5612723.7 
       0.38975138             -4.5       0.26042355       -897390.91        -93587851        4608438.1 
       0.38975138             -4.7       0.26042355        119322.54        -76876213        4332315.2 
       0.38975138             -4.9       0.26042355        932779.49        -47872401          4769609 
        0.4597431              4.9      0.091448588       -2810242.6        -48435761         -2228736 
        0.4597431              4.7      0.091448588       -1848192.1        -78579431       -2095404.4 
        0.4597431              4.5      0.091448588       -1044706.1        -96351324       -2321133.9 
        0.4597431              4.3      0.091448588       -74783.523   -1.0921473e+08       -2959033.4 
        0.4597431              4.1      0.091448588        1526650.8   -1.1872177e+08       -4353585.3 
        0.4597431              3.9      0.091448588         25240654        -66885428        -10645854 
        0.4597431              3.7      0.091448588         12445331        30747.151        -12155349 
        0.4597431              3.5      0.091448588         12182050         26408646        -12766478 
        0.4597431              3.3      0.091448588         13608708         55333204        -12749276 
        0.4597431              3.1      0.091448588         13684470         91350654        -11101510 
        0.4597431              2.9      0.091448588        -13928216         53082084        -10126423 
        0.4597431              2.7      0.091448588         38114844         66161626        326516.09 
        0.4597431              2.5      0.091448588         27978915    2.6091317e+08        1785993.5 
        0.4597431              2.3      0.091448588          4204121    3.3435105e+08        777727.78 
        0.4597431              2.1      0.091448588        4542688.7     3.616938e+08         515095.1 
        0.4597431              1.9      0.091448588          4403013    3.8807882e+08        598476.03 
        0.4597431              1.7      0.091448588        4811868.5    4.1557298e+08        740288.61 
        0.4597431              1.5      0.091448588          4214350    4.4330782e+08        621820.74 
        0.4597431              1.3      0.091448588        1575683.9    4.6038006e+08        81313.654 
        0.4597431              1.1      0.091448588        169718.04    4.6458463e+08       -194048.93 
        0.4597431              0.9      0.091448588       -274733.82    4.6336792e+08       -252505.39 
        0.4597431              0.7      0.091448588       -372663.48    4.6070804e+08       -229409.44 
        0.4597431              0.5      0.091448588       -330420.66    4.5807237e+08       -174440.95 
        0.4597431              0.3      0.091448588       -225007.09    4.5606686e+08        -106782.7 
        0.4597431              0.1      0.091448588       -91192.024    4.5496012e+08       -34466.507 
        0.4597431             -0.1      0.091448588        51173.218     4.548583e+08        38709.021 
        0.4597431             -0.3      0.091448588        186093.51    4.5576269e+08        110045.07 
        0.4597431             -0.5      0.091448588        293908.04    4.5757007e+08         175698.5 
        0.4597431             -0.7      0.091448588        340343.71    4.6001638e+08        227554.57 
        0.4597431             -0.9      0.091448588        249573.17    4.6250427e+08        246340.55 
        0.4597431             -1.1      0.091448588        -181694.5    4.6358602e+08        182420.35 
        0.4597431             -1.3      0.091448588       -1559636.6     4.593363e+08        -98863.07 
        0.4597431             -1.5      0.091448588       -4148363.4    4.4241381e+08       -646619.19 
        0.4597431             -1.7      0.091448588       -4710266.1     4.150271e+08       -785789.75 
        0.4597431             -1.9      0.091448588       -4269063.8    3.8797376e+08       -680884.22 
        0.4597431             -2.1      0.091448588       -4357656.5    3.6221315e+08       -610124.09 
        0.4597431             -2.3      0.091448588       -4118912.7    3.3619961e+08       -595542.89 
        0.4597431             -2.5      0.091448588        -21469897    2.7786792e+08       -1247554.5 
        0.4597431             -2.7      0.091448588        -24773598    1.4825709e+08        1540025.2 
        0.4597431             -2.9      0.091448588       -3458115.7    1.0233427e+08        7257310.3 
        0.4597431             -3.1      0.091448588        -11907031         88552962        9311550.9 
        0.4597431             -3.3      0.091448588        -12264264         54651109         10512646 
        0.4597431             -3.5      0.091448588        -10807532         26125477         10592086 
        0.4597431             -3.7      0.091448588        -11159148        271474.57         10073167 
        0.4597431             -3.9      0.091448588        -23271093        -65204306          8117429 
        0.4597431             -4.1      0.091448588       -1347989.8   -1.1544498e+08        3878188.5 
        0.4597431             -4.3      0.091448588        149351.89   -1.0665514e+08        2637665.1 
        0.4597431             -4.5      0.091448588        1089319.6        -94424170        2090063.6 
        0.4597431             -4.7      0.091448588        1871094.7        -77208337        1915498.8 
        0.4597431             -4.9      0.091448588        2815391.1        -47707920        2068429.7 
     -0.091448588             -4.9        0.4597431        2366962.2        -48382864        4575986.5 
     -0.091448588             -4.7        0.4597431        2823451.6        -76504469          3843768 
     -0.091448588             -4.5        0.4597431        3849203.5        -92365592          3511619 
     -0.091448588             -4.3        0.4597431        5743043.4    -1.015008e+08        3178088.7 
     -0.091448588             -4.1        0.4597431        9032151.2   -1.0125436e+08          2239563 
     -0.091448588             -3.9        0.4597431         21540077        -52198818       -5266697.1 
     -0.091448588             -3.7        0.4597431         20288762        4137252.2        4585788.4 
     -0.091448588             -3.5        0.4597431         20649749         28553236        5397236.2 
     -0.091448588             -3.3        0.4597431         21100665         53333571        5220562.7 
     -0.091448588             -3.1        0.4597431         19276199         79101779        4645061.7 
     -0.091448588             -2.9        0.4597431         13250441         86392756        7523370.2 
     -0.091448588             -2.7        0.4597431         13737035    1.3459169e+08        -19529290 
     -0.091448588             -2.5        0.4597431        8769512.2    2.7262032e+08        -18523656 
     -0.091448588             -2.3        0.4597431        3308785.1    3.3441388e+08       -3437180.2 
     -0.091448588             -2.1        0.4597431        2403021.3    3.6169882e+08       -3874922.6 
     -0.091448588             -1.9        0.4597431        1879194.4    3.8806272e+08       -3920368.5 
     -0.091448588             -1.7        0.4597431        1689823.3    4.1536098e+08       -4417561.7 
     -0.091448588             -1.5        0.4597431        1416187.2    4.4282926e+08       -3846098.6 
     -0.091448588             -1.3        0.4597431        789320.74    4.5962479e+08         -1220452 
     -0.091448588             -1.1        0.4597431        424726.92    4.6365595e+08        135623.15 
     -0.091448588             -0.9        0.4597431        251403.47    4.6242621e+08        512221.97 
     -0.091448588             -0.7        0.4597431        149354.87    4.5986449e+08        541200.59 
     -0.091448588             -0.5        0.4597431         80281.63    4.5738617e+08        433932.78 
     -0.091448588             -0.3        0.4597431        29345.063    4.5556516e+08        268012.37 
     -0.091448588             -0.1        0.4597431       -11331.605    4.5465291e+08        77209.878 
     -0.091448588              0.1        0.4597431       -47241.665    4.5474717e+08       -120120.13 
     -0.091448588              0.3        0.4597431       -83159.051    4.5584612e+08       -309470.24 
     -0.091448588              0.5        0.4597431       -124216.55    4.5784782e+08       -472240.05 
     -0.091448588              0.7        0.4597431       -177540.55    4.6049477e+08       -574047.97 
     -0.091448588              0.9        0.4597431       -256815.25    4.6320236e+08       -535952.33 
     -0.091448588              1.1        0.4597431       -398976.56    4.6453232e+08       -143334.89 
     -0.091448588              1.3        0.4597431       -723577.07    4.6049778e+08        1244438.4 
     -0.091448588              1.5        0.4597431       -1303256.9    4.4347805e+08        3924320.5 
     -0.091448588              1.7        0.4597431       -1518978.3    4.1552045e+08        4537379.4 
     -0.091448588              1.9        0.4597431       -1655746.5    3.8747829e+08        4075714.6 
     -0.091448588              2.1        0.4597431       -2229710.8    3.5980938e+08        4071482.5 
     -0.091448588              2.3        0.4597431       -4133955.1    3.2911577e+08        3379814.1 
     -0.091448588              2.5        0.4597431       -7175384.7    2.4878014e+08         26725733 
     -0.091448588              2.7        0.4597431        -13918211         32530517         36330847 
     -0.091448588              2.9        0.4597431        -13577251         24451544        -31399426 
     -0.091448588              3.1        0.4597431        -18413854         80157322         -4472040 
     -0.091448588              3.3        0.4597431        -20337855         53073606       -6119546.1 
     -0.091448588              3.5        0.4597431        -19208112         28787637       -5719287.5 
     -0.091448588              3.7        0.4597431        -18515904        4190487.1       -4748862.5 
     -0.091448588              3.9        0.4597431        -19928495        -52339200        5139844.6 
     -0.091448588              4.1        0.4597431       -7235408.7   -1.0192485e+08       -1887204.3 
     -0.091448588              4.3        0.4597431       -4493640.5   -1.0250065e+08       -2961320.3 
     -0.091448588              4.5        0.4597431       -2937739.5        -93378040       -3368277.7 
     -0.091448588              4.7        0.4597431       -2113613.3        -77397080       -3746412.2 
     -0.091448588              4.9        0.4597431         -1750752        -48977703       -4507549.3 
      -0.26042355             -4.9       0.38975138          2487587        -48351750        6177584.5 
      -0.26042355             -4.7       0.38975138        3297944.6        -77281728        5686311.8 
      -0.26042355             -4.5       0.38975138        4888964.8        -94058827        6015721.9 
      -0.26042355             -4.3       0.38975138        7798647.3   -1.0477805e+08          7015263 
      -0.26042355             -4.1       0.38975138         13678217   -1.0665842e+08        9118599.6 
      -0.26042355             -3.9       0.38975138         32958625        -56711869        4006955.4 
      -0.26042355             -3.7       0.38975138         29856110          2427193         14996092 
      -0.26042355             -3.5       0.38975138         30415224         28194033         16136579 
      -0.26042355             -3.3       0.38975138         31117220         54543080         15488156 
      -0.26042355             -3.1       0.38975138         28292110         83018643         13441040 
      -0.26042355             -2.9       0.38975138         18446841         93895742         13559504 
      -0.26042355             -2.7       0.38975138         25974296    1.4244746e+08       -9373061.9 
      -0.26042355             -2.5       0.38975138         18087612    2.7578832e+08        -12164081 
      -0.26042355             -2.3       0.38975138        5443461.9    3.3619482e+08       -1272708.6 
      -0.26042355             -2.1       0.38975138        4186210.8    3.6259649e+08       -2402258.8 
      -0.26042355             -1.9       0.38975138          3542091    3.8849156e+08       -2753891.3 
      -0.26042355             -1.7       0.38975138        3509293.8     4.155688e+08       -3316716.1 
      -0.26042355             -1.5       0.38975138        3056382.6    4.4292745e+08       -2890724.3 
      -0.26042355             -1.3       0.38975138        1503775.8    4.5970383e+08       -697268.64 
      -0.26042355             -1.1       0.38975138        645129.68      4.63758e+08         418881.2 
      -0.26042355             -0.9       0.38975138        303159.17    4.6254309e+08        688468.54 
      -0.26042355             -0.7       0.38975138        143655.92    4.5998341e+08        654561.18 
      -0.26042355             -0.5       0.38975138        61275.939    4.5750092e+08        503253.55 
      -0.26042355             -0.3       0.38975138        17275.817    4.5567449e+08        303401.07 
      -0.26042355             -0.1       0.38975138       -7326.0547    4.5475804e+08        84199.505 
      -0.26042355              0.1       0.38975138       -24989.838    4.5485023e+08       -139402.71 
      -0.26042355              0.3       0.38975138       -46499.652    4.5594906e+08       -356014.72 
      -0.26042355              0.5       0.38975138       -84125.786    4.5795133e+08       -550361.65 
      -0.26042355              0.7       0.38975138       -156501.87    4.6059665e+08       -692486.83 
      -0.26042355              0.9       0.38975138       -302031.63    4.6329502e+08       -712031.84 
      -0.26042355              1.1       0.38975138       -626447.27    4.6460137e+08       -419780.12 
      -0.26042355              1.3       0.38975138       -1467768.5    4.6053467e+08        734640.77 
      -0.26042355              1.5       0.38975138         -3009968    4.4352977e+08        2985647.7 
      -0.26042355              1.7       0.38975138       -3450362.8    4.1569221e+08        3453873.9 
      -0.26042355              1.9       0.38975138       -3502506.8    3.8794072e+08        2906050.5 
      -0.26042355              2.1       0.38975138       -4329247.1    3.6115149e+08          2488414 
      -0.26042355              2.3       0.38975138       -6472438.1    3.3478071e+08        720085.06 
      -0.26042355              2.5       0.38975138        -19216639       2.5938e+08         18679556 
      -0.26042355              2.7       0.38975138        -31662237         60210904         20902274 
      -0.26042355              2.9       0.38975138        -12786728         44355034        -29537944 
      -0.26042355              3.1       0.38975138        -29285731         85492535        -12990313 
      -0.26042355              3.3       0.38975138        -31821206         54374570        -15948003 
      -0.26042355              3.5       0.38975138        -30533827         28424244        -16152541 
      -0.26042355              3.7       0.38975138        -29578612        2608681.1        -14869874 
      -0.26042355              3.9       0.38975138        -32806033        -56419681       -3985103.6 
      -0.26042355              4.1       0.38975138        -12661143   -1.0686495e+08       -8450636.1 
      -0.26042355              4.3       0.38975138       -6969425.3   -1.0544332e+08       -6498439.2 
      -0.26042355              4.5       0.38975138       -4265120.4        -94850244       -5644379.2 
      -0.26042355              4.7       0.38975138         -2802958        -78050239       -5408247.6 
      -0.26042355              4.9       0.38975138       -2052578.9        -48904009       -5951691.6 
      -0.38975138             -4.9       0.26042355        31933.028        -48240079        6115503.8 
      -0.38975138             -4.7       0.26042355        974477.93        -78164348        5864787.4 
      -0.38975138             -4.5       0.26042355        2282813.5        -96028631          6563425 
      -0.38975138             -4.3       0.26042355        4438472.6   -1.0877551e+08        8294314.5 
      -0.38975138             -4.1       0.26042355        8783089.5   -1.1786613e+08         12350790 
      -0.38975138             -3.9       0.26042355         30299672        -65982508         13366730 
      -0.38975138             -3.7       0.26042355         22202270        1143335.6         22076552 
      -0.38975138             -3.5       0.26042355         22296380         27310941         23174944 
      -0.38975138             -3.3       0.26042355         23182675         55849402         22339718 
      -0.38975138             -3.1       0.26042355         21333680         89205819         19440745 
      -0.38975138             -2.9       0.26042355         11842931    1.0276545e+08         17012871 
      -0.38975138             -2.7       0.26042355         27835707    1.5012672e+08        694815.84 
      -0.38975138             -2.5       0.26042355         21775834    2.8111774e+08       -4515418.4 
      -0.38975138             -2.3       0.26042355        5061089.1    3.3889678e+08        75782.978 
      -0.38975138             -2.1       0.26042355        4642582.9      3.63531e+08       -961002.35 
      -0.38975138             -1.9       0.26042355        4254777.5    3.8893236e+08       -1405488.1 
      -0.38975138             -1.7       0.26042355          4477507     4.157586e+08       -1880376.5 
      -0.38975138             -1.5       0.26042355        3931848.8    4.4299173e+08       -1629626.1 
      -0.38975138             -1.3       0.26042355        1691278.6    4.5976074e+08       -179757.18 
      -0.38975138             -1.1       0.26042355         479814.2    4.6386222e+08        545091.82 
      -0.38975138             -0.9       0.26042355        57129.851    4.6267806e+08        685801.22 
      -0.38975138             -0.7       0.26042355        -84442.82     4.601277e+08        613524.66 
      -0.38975138             -0.5       0.26042355       -110762.07     4.576437e+08        459833.03 
      -0.38975138             -0.3       0.26042355       -83250.443    4.5581263e+08        274033.38 
      -0.38975138             -0.1       0.26042355       -30534.383    4.5489237e+08        76411.071 
      -0.38975138              0.1       0.26042355        30007.464    4.5498303e+08       -123460.65 
      -0.38975138              0.3       0.26042355        83829.641     4.560825e+08       -318705.57 
      -0.38975138              0.5       0.26042355        113544.74    4.5808583e+08       -499473.12 
      -0.38975138              0.7       0.26042355        90431.769    4.6072838e+08       -644851.92 
      -0.38975138              0.9       0.26042355       -47390.852    4.6341216e+08       -704373.93 
      -0.38975138              1.1       0.26042355          -467587    4.6468166e+08       -544290.13 
      -0.38975138              1.3       0.26042355       -1684290.3    4.6056242e+08        211047.92 
      -0.38975138              1.5       0.26042355       -3945268.3     4.435667e+08        1703036.1 
      -0.38975138              1.7       0.26042355       -4504922.4     4.158735e+08        1981271.7 
      -0.38975138              1.9       0.26042355       -4306054.5    3.8843304e+08        1510023.4 
      -0.38975138              2.1       0.26042355       -4746708.2    3.6229811e+08        1064606.3 
      -0.38975138              2.3       0.26042355         -4904958    3.3700611e+08        342611.44 
      -0.38975138              2.5       0.26042355        -26438207    2.6450196e+08        8151647.1 
      -0.38975138              2.7       0.26042355        -37864981         70639216        6579979.7 
      -0.38975138              2.9       0.26042355        2318802.7         54390630        -25430805 
      -0.38975138              3.1       0.26042355        -22385063         90843467        -20411056 
      -0.38975138              3.3       0.26042355        -23531517         55689327        -23680792 
      -0.38975138              3.5       0.26042355        -22557393         27289421        -24218418 
      -0.38975138              3.7       0.26042355        -22260095        1238462.6        -22971782 
      -0.38975138              3.9       0.26042355        -30635508        -65625971        -14816461 
      -0.38975138              4.1       0.26042355       -8387989.2   -1.1799508e+08        -11763068 
      -0.38975138              4.3       0.26042355       -4066758.3   -1.0922482e+08       -7793405.7 
      -0.38975138              4.5       0.26042355       -1996034.2        -96666131       -6199995.4 
      -0.38975138              4.7       0.26042355       -738860.36        -78843678       -5588852.3 
      -0.38975138              4.9       0.26042355        183419.61        -48759306       -5888085.8 
       -0.4597431             -4.9      0.091448588       -2636730.8        -48140285        2629379.5 
       -0.4597431             -4.7      0.091448588       -1672420.7        -78727384        2554381.9 
       -0.4597431             -4.5      0.091448588       -846242.59        -97299346        2906183.5 
       -0.4597431             -4.3      0.091448588        166699.59   -1.1141112e+08        3761665.1 
       -0.4597431             -4.1      0.091448588        1791227.5   -1.2287946e+08        5451894.1 
       -0.4597431             -3.9      0.091448588         26024719        -70321206         10444844 
       -0.4597431             -3.7      0.091448588         12933463       -263275.05         12477694 
       -0.4597431             -3.5      0.091448588         12484018         27035388         12968181 
       -0.4597431             -3.3      0.091448588         13939963         56945913         12727157 
       -0.4597431             -3.1      0.091448588         13426261         92386668         11239255 
       -0.4597431             -2.9      0.091448588        4447618.2    1.0675965e+08          8860893 
       -0.4597431             -2.7      0.091448588         25504921    1.5227686e+08        2862915.4 
       -0.4597431             -2.5      0.091448588         22022271    2.8146563e+08       -345021.72 
       -0.4597431             -2.3      0.091448588        4292059.4    3.3891781e+08       -22974.803 
       -0.4597431             -2.1      0.091448588        4490385.6    3.6403901e+08       -202087.12 
       -0.4597431             -1.9      0.091448588        4368261.3    3.8920155e+08        -394087.6 
       -0.4597431             -1.7      0.091448588        4788421.3    4.1587067e+08       -581734.23 
       -0.4597431             -1.5      0.091448588        4209910.5    4.4302161e+08       -500289.62 
       -0.4597431             -1.3      0.091448588          1603757    4.5978987e+08        6130.3957 
       -0.4597431             -1.1      0.091448588        212372.82    4.6392841e+08        256233.05 
       -0.4597431             -0.9      0.091448588       -229152.41    4.6276805e+08        296286.04 
       -0.4597431             -0.7      0.091448588        -328317.4    4.6022552e+08        258866.61 
       -0.4597431             -0.5      0.091448588       -289020.65    4.5774124e+08        192049.19 
       -0.4597431             -0.3      0.091448588       -187435.17    4.5590744e+08        113997.49 
       -0.4597431             -0.1      0.091448588        -58062.07    4.5498485e+08         32040.35 
       -0.4597431              0.1      0.091448588        79272.176    4.5507471e+08       -50557.952 
       -0.4597431              0.3      0.091448588        208440.74    4.5617482e+08       -131562.71 
       -0.4597431              0.5      0.091448588        309476.95    4.5817899e+08       -207601.52 
       -0.4597431              0.7      0.091448588        347500.85    4.6081956e+08       -271105.18 
       -0.4597431              0.9      0.091448588        245399.72    4.6349276e+08       -303478.18 
       -0.4597431              1.1      0.091448588          -203275    4.6473536e+08       -255879.98 
       -0.4597431              1.3      0.091448588       -1613561.3    4.6057683e+08        5730.8218 
       -0.4597431              1.5      0.091448588       -4256831.7    4.4358415e+08        527375.83 
       -0.4597431              1.7      0.091448588       -4860149.4    4.1598318e+08        618246.17 
       -0.4597431              1.9      0.091448588       -4460689.9    3.8870505e+08        434624.64 
       -0.4597431              2.1      0.091448588       -4616901.2    3.6265267e+08        287145.34 
       -0.4597431              2.3      0.091448588         -4300433    3.3580741e+08        455824.18 
       -0.4597431              2.5      0.091448588        -28255115     2.628903e+08        1303822.1 
       -0.4597431              2.7      0.091448588        -38456978         68557718       -421382.41 
       -0.4597431              2.9      0.091448588         13332364         55565253        -11042615 
       -0.4597431              3.1      0.091448588        -14471555         93402380        -12198874 
       -0.4597431              3.3      0.091448588        -14516006         56606542        -13927259 
       -0.4597431              3.5      0.091448588        -13097952         26897353        -13965600 
       -0.4597431              3.7      0.091448588        -13401463       -269352.09        -13376758 
       -0.4597431              3.9      0.091448588        -26686918        -69592496        -11864696 
       -0.4597431              4.1      0.091448588       -1760186.1   -1.2266181e+08       -5172021.1 
       -0.4597431              4.3      0.091448588       -93024.429   -1.1172315e+08       -3546023.4 
       -0.4597431              4.5      0.091448588        912657.52        -97853776       -2754185.8 
       -0.4597431              4.7      0.091448588          1737570        -79359205       -2439610.8 
       -0.4597431              4.9      0.091448588        2708138.9        -48641239       -2534813.7 
        0.4597431             -4.9     -0.091448588        2814779.7        -47707587       -2071725.8 
       0.38975138             -4.9      -0.26042355        931924.52        -47871557       -4771117.6 
       0.26042355             -4.9      -0.38975138       -417930.23        -48103910         -4837017 
      0.091448588             -4.9       -0.4597431        480727.08        -48295355       -4021840.4 
        0.4597431             -4.7     -0.091448588        1870179.5        -77207028       -1920315.4 
       0.38975138             -4.7      -0.26042355        118043.24        -76872859       -4334497.7 
       0.26042355             -4.7      -0.38975138       -943098.63        -76416275       -4158040.8 
      0.091448588             -4.7       -0.4597431        421806.32        -76199670       -3211356.4 
        0.4597431             -4.5     -0.091448588        1087533.6        -94420858         -2099121 
       0.38975138             -4.5      -0.26042355       -899890.68        -93579315       -4612322.9 
       0.26042355             -4.5      -0.38975138       -1888311.1        -92412669       -4062082.2 
      0.091448588             -4.5       -0.4597431        297973.56        -91784560       -2701607.2 
        0.4597431             -4.3     -0.091448588        145357.37   -1.0664577e+08       -2657740.7 
       0.38975138             -4.3      -0.26042355       -2559798.1   -1.0470878e+08       -5619928.3 
       0.26042355             -4.3      -0.38975138       -3679272.2   -1.0202075e+08       -4323128.9 
      0.091448588             -4.3       -0.4597431       -13894.706   -1.0051998e+08         -2056230 
        0.4597431             -4.1     -0.091448588         -1358051   -1.1541586e+08       -3919430.4 
       0.38975138             -4.1      -0.26042355         -6105130    -1.113523e+08       -8540087.3 
       0.26042355             -4.1      -0.38975138       -7804554.1   -1.0238234e+08       -5288078.7 
      0.091448588             -4.1       -0.4597431       -662416.85        -99364372       -603959.46 
        0.4597431             -3.9     -0.091448588        -23332059        -65183012       -8294630.5 
       0.38975138             -3.9      -0.26042355        -25244241        -61518045       -8903246.9 
       0.26042355             -3.9      -0.38975138        -23699021        -53758186        450496.91 
      0.091448588             -3.9       -0.4597431       -8835115.1        -50931195        7343418.6 
        0.4597431             -3.7     -0.091448588        -11182281         256123.7        -10200258 
       0.38975138             -3.7      -0.26042355        -17506903        1526392.4        -16852697 
       0.26042355             -3.7      -0.38975138        -20499438        2769171.1       -9763225.2 
      0.091448588             -3.7       -0.4597431       -7109736.7        4087683.6       -2232830.4 
        0.4597431             -3.5     -0.091448588        -10819482         26108167        -10695821 
       0.38975138             -3.5      -0.26042355        -17692029         26502372        -17966847 
       0.26042355             -3.5      -0.38975138        -21192109         27624779        -10913200 
      0.091448588             -3.5       -0.4597431       -7693550.8         28322864       -3082083.7 
        0.4597431             -3.3     -0.091448588        -12277513         54614560        -10559560 
       0.38975138             -3.3      -0.26042355        -18766470         53837540        -17418979 
       0.26042355             -3.3      -0.38975138        -22376340         53152408        -10574043 
      0.091448588             -3.3       -0.4597431       -8887950.3         52802001       -3043652.2 
        0.4597431             -3.1     -0.091448588        -11930718         88534772       -9290913.6 
       0.38975138             -3.1      -0.26042355        -17397339         85878181        -15046045 
       0.26042355             -3.1      -0.38975138        -20548815         80782976         -9071897 
      0.091448588             -3.1       -0.4597431       -8518705.1         78204339       -2716407.3 
        0.4597431             -2.9     -0.091448588       -3470759.8    1.0235593e+08       -7235136.2 
       0.38975138             -2.9      -0.26042355       -8755333.4         98993385        -13256146 
       0.26042355             -2.9      -0.38975138        -12176086         91364200       -9833780.7 
      0.091448588             -2.9       -0.4597431       -4535952.6         85402842       -5901291.1 
        0.4597431             -2.7     -0.091448588        -24772382    1.4827911e+08       -1520918.7 
       0.38975138             -2.7      -0.26042355        -25373498    1.4667934e+08          2363322 
       0.26042355             -2.7      -0.38975138        -20937558    1.4017753e+08         12411805 
      0.091448588             -2.7       -0.4597431       -6737291.2    1.3372212e+08         20844677 
        0.4597431             -2.5     -0.091448588        -21470685    2.7786573e+08        1249961.9 
       0.38975138             -2.5      -0.26042355        -20011581    2.7794953e+08        6638135.8 
       0.26042355             -2.5      -0.38975138        -14537396    2.7379313e+08         14283122 
      0.091448588             -2.5       -0.4597431       -3898220.4    2.7181531e+08         19429424 
        0.4597431             -2.3     -0.091448588       -4119022.3    3.3619805e+08        594942.94 
       0.38975138             -2.3      -0.26042355       -4046668.6    3.3652723e+08        1353324.7 
       0.26042355             -2.3      -0.38975138       -3248043.3    3.3468575e+08        2700090.8 
      0.091448588             -2.3       -0.4597431       -282942.68    3.3382917e+08        4027064.4 
        0.4597431             -2.1     -0.091448588       -4357739.5    3.6221316e+08        609697.25 
       0.38975138             -2.1      -0.26042355       -3932378.9    3.6198146e+08        1946898.7 
       0.26042355             -2.1      -0.38975138       -2658392.7    3.6156067e+08        3388839.5 
      0.091448588             -2.1       -0.4597431       -298165.52    3.6133615e+08        4283412.2 
        0.4597431             -1.9     -0.091448588       -4269139.1    3.8797373e+08        680484.83 
       0.38975138             -1.9      -0.26042355       -3750287.2    3.8789108e+08        2097614.2 
       0.26042355             -1.9      -0.38975138       -2464475.9    3.8779552e+08        3445965.5 
      0.091448588             -1.9       -0.4597431       -396526.67    3.8781803e+08          4206981 
        0.4597431             -1.7     -0.091448588         -4710329    4.1502708e+08        785449.61 
       0.38975138             -1.7      -0.26042355       -4111259.1    4.1504314e+08        2372496.4 
       0.26042355             -1.7      -0.38975138       -2735947.4    4.1509045e+08        3808578.5 
      0.091448588             -1.7       -0.4597431       -628909.04    4.1519276e+08        4621208.3 
        0.4597431             -1.5     -0.091448588       -4148413.8    4.4241378e+08        646338.18 
       0.38975138             -1.5      -0.26042355       -3664052.4    4.4247609e+08        1982221.4 
       0.26042355             -1.5      -0.38975138       -2497531.9    4.4258256e+08        3242847.2 
      0.091448588             -1.5       -0.4597431       -652013.73    4.4270795e+08        3991806.1 
        0.4597431             -1.3     -0.091448588       -1559676.1    4.5933628e+08        98633.876 
       0.38975138             -1.3      -0.26042355       -1499560.4    4.5937602e+08        432468.37 
       0.26042355             -1.3      -0.38975138       -1104164.9    4.5944658e+08        949352.65 
      0.091448588             -1.3       -0.4597431       -243331.28    4.5953432e+08        1324680.7 
        0.4597431             -1.1     -0.091448588       -181725.39      4.63586e+08       -182602.89 
       0.38975138             -1.1      -0.26042355       -345603.15    4.6357202e+08       -367642.29 
       0.26042355             -1.1      -0.38975138       -365397.17    4.6356415e+08       -242092.97 
      0.091448588             -1.1       -0.4597431       -42748.368    4.6358783e+08       -62590.705 
        0.4597431             -0.9     -0.091448588        249549.28    4.6250425e+08       -246482.71 
       0.38975138             -0.9      -0.26042355        33239.646    4.6245461e+08       -565844.27 
       0.26042355             -0.9      -0.38975138       -114614.09    4.6239396e+08       -569061.69 
      0.091448588             -0.9       -0.4597431        6018.6175    4.6237385e+08       -462924.41 
        0.4597431             -0.7     -0.091448588        340325.25    4.6001637e+08       -227665.08 
       0.38975138             -0.7      -0.26042355        140261.65     4.599506e+08       -538393.16 
       0.26042355             -0.7      -0.38975138       -26429.837    4.5986527e+08        -579817.4 
      0.091448588             -0.7       -0.4597431        10908.733    4.5982302e+08        -510355.3 
        0.4597431             -0.5     -0.091448588        293893.49    4.5757006e+08       -175786.27 
       0.38975138             -0.5      -0.26042355        138464.79    4.5749878e+08       -420670.38 
       0.26042355             -0.5      -0.38975138       -1605.0893    4.5740428e+08       -464313.79 
      0.091448588             -0.5       -0.4597431        1772.2587    4.5735226e+08       -417869.71 
        0.4597431             -0.3     -0.091448588        186081.54    4.5576268e+08       -110118.01 
       0.38975138             -0.3      -0.26042355        87347.162     4.556901e+08       -264673.08 
       0.26042355             -0.3      -0.38975138       -5576.8502    4.5559278e+08       -294112.87 
      0.091448588             -0.3       -0.4597431       -12344.008     4.555365e+08       -264187.28 
        0.4597431             -0.1     -0.091448588        51162.671     4.548583e+08       -38773.901 
       0.38975138             -0.1      -0.26042355        14195.609    4.5478525e+08       -92585.577 
       0.26042355             -0.1      -0.38975138       -22279.767    4.5468662e+08       -100312.53 
      0.091448588             -0.1       -0.4597431       -27597.558    4.5462786e+08       -83867.323 
        0.4597431              0.1     -0.091448588       -91202.152    4.5496012e+08          34403.7 
       0.38975138              0.1      -0.26042355       -64592.774    4.5488603e+08        84623.109 
       0.26042355              0.1      -0.38975138       -41387.159    4.5478556e+08         100744.5 
      0.091448588              0.1       -0.4597431       -41441.742    4.5472449e+08        104158.51 
        0.4597431              0.3     -0.091448588       -225017.74    4.5606687e+08        106716.29 
       0.38975138              0.3      -0.26042355       -135257.47    4.5599111e+08        258958.49 
       0.26042355              0.3      -0.38975138        -53820.04    4.5588812e+08        296551.76 
      0.091448588              0.3       -0.4597431       -51455.881    4.5582475e+08        284921.48 
        0.4597431              0.5     -0.091448588       -330432.78    4.5807238e+08        174365.16 
       0.38975138              0.5      -0.26042355        -181126.7    4.5799556e+08        419542.55 
       0.26042355              0.5      -0.38975138       -48869.608    4.5789113e+08        470809.16 
      0.091448588              0.5       -0.4597431       -54664.701    4.5782672e+08        439397.17 
        0.4597431              0.7     -0.091448588       -372678.05    4.6070805e+08        229318.17 
       0.38975138              0.7      -0.26042355       -174243.46    4.6063395e+08        544347.09 
       0.26042355              0.7      -0.38975138       -9590.3387    4.6053366e+08         592443.1 
      0.091448588              0.7       -0.4597431       -46283.666    4.6047269e+08        532741.26 
        0.4597431              0.9     -0.091448588       -274751.75    4.6336793e+08        252392.68 
       0.38975138              0.9      -0.26042355       -53670.169    4.6330641e+08        581483.51 
       0.26042355              0.9      -0.38975138        100289.58    4.6322444e+08         589667.9 
      0.091448588              0.9       -0.4597431       -15607.332    4.6317762e+08        485418.88 
        0.4597431              1.1     -0.091448588        169696.07    4.6458464e+08        193910.52 
       0.38975138              1.1      -0.26042355        346958.38     4.645539e+08        395167.45 
       0.26042355              1.1      -0.38975138        383475.09    4.6451602e+08        271209.54 
      0.091448588              1.1       -0.4597431        70028.552    4.6450239e+08        81953.021 
        0.4597431              1.3     -0.091448588        1575657.6    4.6038007e+08        -81477.24 
       0.38975138              1.3      -0.26042355        1539834.2     4.603955e+08       -393431.49 
       0.26042355              1.3      -0.38975138        1173306.3    4.6042304e+08       -916526.88 
      0.091448588              1.3       -0.4597431        323521.59     4.604586e+08       -1319637.1 
        0.4597431              1.5     -0.091448588        4214319.3    4.4330782e+08       -622004.16 
       0.38975138              1.5      -0.26042355        3769390.2     4.433323e+08       -1931018.2 
       0.26042355              1.5      -0.38975138        2646025.2    4.4337302e+08       -3213228.2 
      0.091448588              1.5       -0.4597431        806712.71    4.4342304e+08       -4018476.1 
        0.4597431              1.7     -0.091448588        4811835.9    4.1557297e+08        -740479.6 
       0.38975138              1.7      -0.26042355        4284152.2    4.1552575e+08       -2275877.5 
       0.26042355              1.7      -0.38975138        2986127.8    4.1545987e+08       -3748155.8 
      0.091448588              1.7       -0.4597431         882889.6    4.1543897e+08       -4659187.5 
        0.4597431              1.9     -0.091448588        4402989.7    3.8807875e+08       -598621.84 
       0.38975138              1.9      -0.26042355        4016922.1    3.8790235e+08       -1905297.7 
       0.26042355              1.9      -0.38975138        2886594.9    3.8758643e+08         -3300929 
      0.091448588              1.9       -0.4597431        809164.64    3.8735412e+08       -4239165.9 
        0.4597431              2.1     -0.091448588        4542723.2    3.6169344e+08       -514952.86 
       0.38975138              2.1      -0.26042355        4351193.1     3.614858e+08       -1613404.3 
       0.26042355              2.1      -0.38975138        3480190.9    3.6060962e+08       -3036518.1 
      0.091448588              2.1       -0.4597431        1061174.2     3.596203e+08       -4298211.1 
        0.4597431              2.3     -0.091448588        4204411.9    3.3434711e+08       -776197.76 
       0.38975138              2.3      -0.26042355          4346974    3.3575132e+08       -1129236.7 
       0.26042355              2.3      -0.38975138        5271080.9    3.3397536e+08       -1501237.5 
      0.091448588              2.3       -0.4597431        2478178.4    3.2880832e+08       -3702629.4 
        0.4597431              2.5     -0.091448588         27980320    2.6090431e+08       -1784820.5 
       0.38975138              2.5      -0.26042355         25504954    2.6278636e+08       -9290693.2 
       0.26042355              2.5      -0.38975138         17323362    2.5829061e+08        -19819939 
      0.091448588              2.5       -0.4597431        4582975.3    2.4835022e+08        -27211497 
        0.4597431              2.7     -0.091448588         38122927         66102124       -305032.13 
       0.38975138              2.7      -0.26042355         36574475         68597889       -8241130.5 
       0.26042355              2.7      -0.38975138         28971042         58834855        -22561319 
      0.091448588              2.7       -0.4597431         10195681         32059246        -37039905 
        0.4597431              2.9     -0.091448588        -13953412         53036651         10138268 
       0.38975138              2.9      -0.26042355       -4041569.7         52273050         23396752 
       0.26042355              2.9      -0.38975138        9330910.4         42911190         27542516 
      0.091448588              2.9       -0.4597431        8847236.4         23936423         30492239 
        0.4597431              3.1     -0.091448588         13665369         91364124         11124226 
       0.38975138              3.1      -0.26042355         20257266         89090250         18004422 
       0.26042355              3.1      -0.38975138         25056166         84314210         10608145 
      0.091448588              3.1       -0.4597431         12610814         79697223        3388612.4 
        0.4597431              3.3     -0.091448588         13599730         55361017         12727371 
       0.38975138              3.3      -0.26042355         21131949         54614127         20989753 
       0.26042355              3.3      -0.38975138         27043269         53636751         13274544 
      0.091448588              3.3       -0.4597431         13753582         52793015        4900124.6 
        0.4597431              3.5     -0.091448588         12186657         26413764         12714615 
       0.38975138              3.5      -0.26042355         20063437         26866714         21377189 
       0.26042355              3.5      -0.38975138         25513433         28125869         13318311 
      0.091448588              3.5       -0.4597431         12243912         28669907        4432293.6 
        0.4597431              3.7     -0.091448588         12447290        8870.8552         12123418 
       0.38975138              3.7      -0.26042355         19720605        1438204.9         20119894 
       0.26042355              3.7      -0.38975138         24492604        2791536.1         12030419 
      0.091448588              3.7       -0.4597431         11442675        4167999.1        3444060.6 
        0.4597431              3.9     -0.091448588         25215028        -66892273         10641952 
       0.38975138              3.9      -0.26042355         27883291        -63271275         12325500 
       0.26042355              3.9      -0.38975138         27743263        -54876372        1536597.3 
      0.091448588              3.9       -0.4597431         13082506        -51675069       -6315441.2 
        0.4597431              4.1     -0.091448588        1525946.5   -1.1871522e+08        4349684.1 
       0.38975138              4.1      -0.26042355        6949025.1   -1.1454461e+08        9716511.8 
       0.26042355              4.1      -0.38975138        9515722.9   -1.0462348e+08        6399911.7 
      0.091448588              4.1       -0.4597431        2771577.6   -1.0093514e+08        1015086.2 
        0.4597431              4.3     -0.091448588       -75855.322   -1.0921575e+08        2952394.1 
       0.38975138              4.3      -0.26042355        3056351.2   -1.0708602e+08        6357104.1 
       0.26042355              4.3      -0.38975138        4756380.5   -1.0399643e+08        5053462.8 
      0.091448588              4.3       -0.4597431        1418479.2   -1.0198817e+08        2359633.1 
        0.4597431              4.5     -0.091448588       -1045462.7        -96352056        2316938.5 
       0.38975138              4.5      -0.26042355        1245430.4        -95388943        5144515.3 
       0.26042355              4.5      -0.38975138        2638864.4        -93992712        4587534.8 
      0.091448588              4.5       -0.4597431        690849.27        -93076265          2930083 
        0.4597431              4.7     -0.091448588       -1848698.2        -78579857        2092544.8 
       0.38975138              4.7      -0.26042355        138306.34        -78181898        4752229.5 
       0.26042355              4.7      -0.38975138        1511281.1        -77607075        4572382.8 
      0.091448588              4.7       -0.4597431        333994.49        -77241425        3400400.4 
        0.4597431              4.9     -0.091448588       -2810649.1        -48435861        2226424.2 
       0.38975138              4.9      -0.26042355       -720391.06        -48584582        5145247.9 
       0.26042355              4.9      -0.38975138        903260.14        -48786703        5210364.1 
      0.091448588              4.9       -0.4597431        169912.71        -48936446        4200914.8 
       -0.4597431              4.9     -0.091448588        2707905.8        -48641187        2536250.2 
      -0.38975138              4.9      -0.26042355        183266.18        -48759158        5888579.6 
      -0.26042355              4.9      -0.38975138       -2051641.1        -48903867        5951271.4 
     -0.091448588              4.9       -0.4597431       -1748670.9        -48977713        4507210.6 
       -0.4597431              4.7     -0.091448588        1737274.2        -79358912        2441406.7 
      -0.38975138              4.7      -0.26042355       -739098.69        -78842811        5589551.4 
      -0.26042355              4.7      -0.38975138       -2801795.8        -78049345        5407780.6 
     -0.091448588              4.7       -0.4597431       -2110907.6        -77396886        3745990.7 
       -0.4597431              4.5     -0.091448588        912186.03        -97853273          2756938 
      -0.38975138              4.5      -0.26042355       -1996623.8        -96664128        6201225.5 
      -0.26042355              4.5      -0.38975138       -4263497.9        -94848111        5643764.3 
     -0.091448588              4.5       -0.4597431       -2933365.2        -93377354        3367596.5 
       -0.4597431              4.3     -0.091448588       -93693.918   -1.1172244e+08        3550631.4 
      -0.38975138              4.3      -0.26042355       -4068437.6   -1.0922062e+08        7795794.2 
      -0.26042355              4.3      -0.38975138       -6967513.8    -1.054378e+08        6497839.9 
     -0.091448588              4.3       -0.4597431       -4485166.1    -1.024975e+08        2959929.5 
       -0.4597431              4.1     -0.091448588       -1760361.1   -1.2266862e+08        5173226.1 
      -0.38975138              4.1      -0.26042355       -8397407.5   -1.1799424e+08         11774820 
      -0.26042355              4.1      -0.38975138        -12664413   -1.0684357e+08        8455212.4 
     -0.091448588              4.1       -0.4597431       -7212313.4   -1.0190767e+08        1883097.1 
       -0.4597431              3.9     -0.091448588        -26710171        -69585593         11864241 
      -0.38975138              3.9      -0.26042355        -30656712        -65605152         14841324 
      -0.26042355              3.9      -0.38975138        -32774028        -56399334          3987939 
     -0.091448588              3.9       -0.4597431        -19852935        -52328440       -5149234.6 
       -0.4597431              3.7     -0.091448588        -13396489       -247162.56         13404596 
      -0.38975138              3.7      -0.26042355        -22261727        1266420.2         22981172 
      -0.26042355              3.7      -0.38975138        -29554780        2615956.4         14866936 
     -0.091448588              3.7       -0.4597431        -18448256        4188135.9        4739024.2 
       -0.4597431              3.5     -0.091448588        -13090638         26892092         14013846 
      -0.38975138              3.5      -0.26042355        -22554028         27279261         24234097 
      -0.26042355              3.5      -0.38975138        -30504844         28422546         16149078 
     -0.091448588              3.5       -0.4597431        -19137732         28789538        5709384.4 
       -0.4597431              3.3     -0.091448588        -14523007         56578164         13945276 
      -0.38975138              3.3      -0.26042355        -23541953         55645728         23703264 
      -0.26042355              3.3      -0.38975138        -31800013         54356334         15951693 
     -0.091448588              3.3       -0.4597431        -20269288         53070254          6112910 
       -0.4597431              3.1     -0.091448588        -14489559         93388727         12171821 
      -0.38975138              3.1      -0.26042355        -22409146         90815543         20428323 
      -0.26042355              3.1      -0.38975138        -29285470         85471482         13000793 
     -0.091448588              3.1       -0.4597431        -18365593         80147278        4471553.4 
       -0.4597431              2.9     -0.091448588         13307684         55611222         11027304 
      -0.38975138              2.9      -0.26042355          2299566         54405693         25445862 
      -0.26042355              2.9      -0.38975138        -12789249         44338012         29547516 
     -0.091448588              2.9       -0.4597431        -13553042         24430249         31403019 
       -0.4597431              2.7     -0.091448588        -38448368         68617819         397074.8 
      -0.38975138              2.7      -0.26042355        -37873340         70665116       -6565394.2 
      -0.26042355              2.7      -0.38975138        -31671127         60200541        -20894701 
     -0.091448588              2.7       -0.4597431        -13903400         32509550        -36334722 
       -0.4597431              2.5     -0.091448588        -28253375    2.6289952e+08       -1306847.3 
      -0.38975138              2.5      -0.26042355        -26437523    2.6450825e+08       -8151971.1 
      -0.26042355              2.5      -0.38975138        -19216315    2.5938087e+08        -18678813 
     -0.091448588              2.5       -0.4597431       -7172047.1    2.4877662e+08        -26726581 
       -0.4597431              2.3     -0.091448588       -4299933.7    3.3581182e+08       -458425.34 
      -0.38975138              2.3      -0.26042355       -4905110.3    3.3700751e+08       -342379.06 
      -0.26042355              2.3      -0.38975138       -6473163.7    3.3478196e+08       -719581.71 
     -0.091448588              2.3       -0.4597431         -4134098    3.2911461e+08       -3379773.4 
       -0.4597431              2.1     -0.091448588       -4616712.3    3.6265338e+08       -288081.59 
      -0.38975138              2.1      -0.26042355       -4746575.2    3.6229901e+08       -1064787.2 
      -0.26042355              2.1      -0.38975138       -4329311.8    3.6115196e+08       -2488353.9 
     -0.091448588              2.1       -0.4597431       -2229740.4    3.5980968e+08       -4071474.6 
       -0.4597431              1.9     -0.091448588       -4460610.5    3.8870522e+08       -435008.97 
      -0.38975138              1.9      -0.26042355       -4305917.6     3.884334e+08       -1510214.1 
      -0.26042355              1.9      -0.38975138       -3502427.9    3.8794106e+08       -2906093.6 
     -0.091448588              1.9       -0.4597431       -1655747.9    3.8747857e+08       -4075714.7 
       -0.4597431              1.7     -0.091448588       -4860110.3    4.1598325e+08       -618427.27 
      -0.38975138              1.7      -0.26042355       -4504831.8    4.1587368e+08       -1981394.3 
      -0.26042355              1.7      -0.38975138       -3450270.1    4.1569242e+08       -3453928.3 
     -0.091448588              1.7       -0.4597431       -1518926.5    4.1552064e+08       -4537390.5 
       -0.4597431              1.5     -0.091448588         -4256812    4.4358419e+08       -527454.52 
      -0.38975138              1.5      -0.26042355       -3945210.5     4.435668e+08       -1703105.5 
      -0.26042355              1.5      -0.38975138       -3009882.7     4.435299e+08       -2985694.3 
     -0.091448588              1.5       -0.4597431       -1303176.6    4.4347817e+08       -3924335.6 
       -0.4597431              1.3     -0.091448588         -1613552    4.6057685e+08       -5751.1572 
      -0.38975138              1.3      -0.26042355       -1684252.9    4.6056247e+08       -211081.31 
      -0.26042355              1.3      -0.38975138       -1467693.1    4.6053475e+08       -734676.37 
     -0.091448588              1.3       -0.4597431       -723486.07    4.6049787e+08       -1244452.9 
       -0.4597431              1.1     -0.091448588       -203271.87    4.6473536e+08        255888.83 
      -0.38975138              1.1      -0.26042355       -467563.67    4.6468168e+08        544276.29 
      -0.26042355              1.1      -0.38975138       -626384.47    4.6460141e+08         419752.1 
     -0.091448588              1.1       -0.4597431       -398889.22    4.6453237e+08         143321.4 
       -0.4597431              0.9     -0.091448588        245399.87    4.6349276e+08        303497.46 
      -0.38975138              0.9      -0.26042355       -47376.109    4.6341217e+08        704368.98 
      -0.26042355              0.9      -0.38975138       -301981.27    4.6329503e+08        712009.47 
     -0.091448588              0.9       -0.4597431       -256739.46    4.6320239e+08        535940.46 
       -0.4597431              0.7     -0.091448588        347499.87    4.6081956e+08        271126.11 
      -0.38975138              0.7      -0.26042355        90441.734    4.6072838e+08        644850.59 
      -0.26042355              0.7      -0.38975138       -156461.51    4.6059666e+08        692468.76 
     -0.091448588              0.7       -0.4597431        -177477.2    4.6049479e+08        574037.86 
       -0.4597431              0.5     -0.091448588        309475.73    4.5817899e+08        207620.72 
      -0.38975138              0.5      -0.26042355        113552.27    4.5808583e+08        499472.86 
      -0.26042355              0.5      -0.38975138       -84092.475    4.5795133e+08        550346.55 
     -0.091448588              0.5       -0.4597431       -124163.32    4.5784783e+08         472231.4 
       -0.4597431              0.3     -0.091448588        208439.66    4.5617482e+08        131579.22 
      -0.38975138              0.3      -0.26042355        83836.235     4.560825e+08        318705.06 
      -0.26042355              0.3      -0.38975138       -46470.542    4.5594906e+08         356001.3 
     -0.091448588              0.3       -0.4597431       -83112.601    4.5584612e+08        309462.56 
       -0.4597431              0.1     -0.091448588        79271.456    4.5507471e+08        50571.693 
      -0.38975138              0.1      -0.26042355        30014.218    4.5498303e+08        123459.05 
      -0.26042355              0.1      -0.38975138       -24962.296    4.5485023e+08        139389.75 
     -0.091448588              0.1       -0.4597431       -47198.524    4.5474717e+08         120112.9 
       -0.4597431             -0.1     -0.091448588       -58062.272    4.5498484e+08       -32029.363 
      -0.38975138             -0.1      -0.26042355       -30526.454    4.5489236e+08       -76414.566 
      -0.26042355             -0.1      -0.38975138       -7297.5225    4.5475804e+08       -84213.235 
     -0.091448588             -0.1       -0.4597431       -11288.336     4.546529e+08       -77217.213 
       -0.4597431             -0.3     -0.091448588       -187434.62    4.5590744e+08       -113989.64 
      -0.38975138             -0.3      -0.26042355       -83240.148    4.5581263e+08       -274039.85 
      -0.26042355             -0.3      -0.38975138        17308.047    4.5567448e+08       -303416.91 
     -0.091448588             -0.3       -0.4597431        29391.923    4.5556514e+08       -268020.36 
       -0.4597431             -0.5     -0.091448588       -289018.89    4.5774124e+08       -192045.84 
      -0.38975138             -0.5      -0.26042355       -110747.76    4.5764369e+08       -459844.19 
      -0.26042355             -0.5      -0.38975138        61314.974     4.575009e+08       -503273.09 
     -0.091448588             -0.5       -0.4597431        80335.635    4.5738614e+08       -433942.01 
       -0.4597431             -0.7     -0.091448588       -328313.59    4.6022552e+08       -258871.09 
      -0.38975138             -0.7      -0.26042355       -84421.973    4.6012769e+08       -613543.45 
      -0.26042355             -0.7      -0.38975138        143705.48    4.5998338e+08       -654586.35 
     -0.091448588             -0.7       -0.4597431        149419.48    4.5986444e+08       -541211.61 
       -0.4597431             -0.9     -0.091448588       -229144.93    4.6276804e+08       -296305.56 
      -0.38975138             -0.9      -0.26042355        57161.222    4.6267803e+08       -685832.85 
      -0.26042355             -0.9      -0.38975138         303223.6    4.6254304e+08       -688501.76 
     -0.091448588             -0.9       -0.4597431        251481.21    4.6242615e+08       -512235.23 
       -0.4597431             -1.1     -0.091448588        212386.88    4.6392839e+08       -256282.28 
      -0.38975138             -1.1      -0.26042355        479862.37    4.6386217e+08       -545145.62 
      -0.26042355             -1.1      -0.38975138        645213.51    4.6375791e+08       -418925.53 
     -0.091448588             -1.1       -0.4597431         424817.2    4.6365585e+08       -135638.78 
       -0.4597431             -1.3     -0.091448588        1603782.3    4.5978984e+08       -6236.5352 
      -0.38975138             -1.3      -0.26042355        1691352.5    4.5976064e+08        179664.49 
      -0.26042355             -1.3      -0.38975138        1503882.1    4.5970369e+08        697208.51 
     -0.091448588             -1.3       -0.4597431        789416.13    4.5962463e+08        1220433.9 
       -0.4597431             -1.5     -0.091448588        4209952.9    4.4302156e+08         500087.5 
      -0.38975138             -1.5      -0.26042355        3931958.9    4.4299157e+08          1629470 
      -0.26042355             -1.5      -0.38975138        3056513.2    4.4292723e+08        2890640.8 
     -0.091448588             -1.5       -0.4597431        1416274.5    4.4282904e+08        3846077.3 
       -0.4597431             -1.7     -0.091448588        4788491.7    4.1587058e+08        581383.34 
      -0.38975138             -1.7      -0.26042355        4477673.8    4.1575835e+08        1880128.4 
      -0.26042355             -1.7      -0.38975138        3509455.7    4.1556847e+08        3316606.5 
     -0.091448588             -1.7       -0.4597431        1689886.4    4.1536065e+08        4417542.1 
       -0.4597431             -1.9     -0.091448588        4368377.9    3.8920139e+08        393497.03 
      -0.38975138             -1.9      -0.26042355        4255035.7    3.8893195e+08        1405099.5 
      -0.26042355             -1.9      -0.38975138        3542292.1    3.8849102e+08        2753754.3 
     -0.091448588             -1.9       -0.4597431          1879195    3.8806221e+08        3920360.2 
       -0.4597431             -2.1     -0.091448588          4490581    3.6403874e+08        201080.84 
      -0.38975138             -2.1      -0.26042355        4643005.8    3.6353027e+08        960359.19 
      -0.26042355             -2.1      -0.38975138        4186455.6    3.6259547e+08        2402093.7 
     -0.091448588             -2.1       -0.4597431        2402831.5    3.6169798e+08          3874952 
       -0.4597431             -2.3     -0.091448588        4292357.7    3.3891898e+08         21483.18 
      -0.38975138             -2.3      -0.26042355        5062095.9    3.3889477e+08       -77315.363 
      -0.26042355             -2.3      -0.38975138        5443669.7    3.3619279e+08        1272566.2 
     -0.091448588             -2.3       -0.4597431        3307973.2    3.3441226e+08        3437331.1 
       -0.4597431             -2.5     -0.091448588         22022109    2.8146726e+08        339102.08 
      -0.38975138             -2.5      -0.26042355         21775216    2.8111193e+08        4515759.6 
      -0.26042355             -2.5      -0.38975138         18086295    2.7578628e+08         12165580 
     -0.091448588             -2.5       -0.4597431        8771354.1    2.7261888e+08         18523846 
       -0.4597431             -2.7     -0.091448588         25507111    1.5225379e+08         -2887449 
      -0.38975138             -2.7      -0.26042355         27827812    1.5011018e+08       -684052.32 
      -0.26042355             -2.7      -0.38975138         25965410    1.4245326e+08        9380358.3 
     -0.091448588             -2.7       -0.4597431         13747384    1.3459952e+08         19528329 
       -0.4597431             -2.9     -0.091448588        4435956.4    1.0673692e+08       -8889863.3 
      -0.38975138             -2.9      -0.26042355         11829497    1.0275778e+08        -17006241 
      -0.26042355             -2.9      -0.38975138         18444453         93911968        -13553132 
     -0.091448588             -2.9       -0.4597431         13272581         86405307       -7522627.2 
       -0.4597431             -3.1     -0.091448588         13403910         92405353        -11267825 
      -0.38975138             -3.1      -0.26042355         21308269         89244285        -19424413 
      -0.26042355             -3.1      -0.38975138         28296496         83045656        -13435520 
     -0.091448588             -3.1       -0.4597431         19321107         79110689       -4646789.4 
       -0.4597431             -3.3     -0.091448588         13929382         56983946        -12685745 
      -0.38975138             -3.3      -0.26042355         23167803         55911300        -22302870 
      -0.26042355             -3.3      -0.38975138         31138732         54569553        -15486290 
     -0.091448588             -3.3       -0.4597431         21162103         53335558       -5228206.3 
       -0.4597431             -3.5     -0.091448588         12475270         27053658        -12867608 
      -0.38975138             -3.5      -0.26042355         22284527         27345785        -23125893 
      -0.26042355             -3.5      -0.38975138         30444989         28209320        -16143002 
     -0.091448588             -3.5       -0.4597431         20712853         28550917       -5409403.2 
       -0.4597431             -3.7     -0.091448588         12913055       -244219.73        -12350976 
      -0.38975138             -3.7      -0.26042355         22179785        1167030.9        -22018767 
      -0.26042355             -3.7      -0.38975138         29882274        2451347.7        -15006694 
     -0.091448588             -3.7       -0.4597431         20352928        4149774.1       -4600919.1 
       -0.4597431             -3.9     -0.091448588         25963487        -70342822        -10257022 
      -0.38975138             -3.9      -0.26042355         30247881        -66021977        -13191295 
      -0.26042355             -3.9      -0.38975138         33007992        -56735165       -3988846.5 
     -0.091448588             -3.9       -0.4597431         21635453        -52200936        5247391.9 
       -0.4597431             -4.1     -0.091448588        1781195.1   -1.2291151e+08       -5411603.5 
      -0.38975138             -4.1      -0.26042355        8766779.1   -1.1792283e+08        -12335088 
      -0.26042355             -4.1      -0.38975138         13688885   -1.0671092e+08       -9125321.1 
     -0.091448588             -4.1       -0.4597431        9077600.2   -1.0127472e+08         -2248498 
       -0.4597431             -4.3     -0.091448588        163050.47   -1.1142083e+08       -3743357.8 
      -0.38975138             -4.3      -0.26042355          4434544   -1.0879763e+08       -8289241.3 
      -0.26042355             -4.3      -0.38975138        7806323.6    -1.047963e+08       -7020002.2 
     -0.091448588             -4.3       -0.4597431        5762626.3   -1.0150758e+08       -3181774.3 
       -0.4597431             -4.5     -0.091448588       -847707.83        -97302533       -2898765.9 
      -0.38975138             -4.5      -0.26042355        2281207.7        -96036625       -6560911.9 
      -0.26042355             -4.5      -0.38975138        4892444.8        -94066307       -6017702.2 
     -0.091448588             -4.5       -0.4597431        3858152.7        -92368155       -3513249.6 
       -0.4597431             -4.7     -0.091448588       -1673077.7        -78728567       -2550879.5 
      -0.38975138             -4.7      -0.26042355        973851.29        -78167303       -5863598.7 
      -0.26042355             -4.7      -0.38975138          3299821        -77284611       -5687312.1 
     -0.091448588             -4.7       -0.4597431        2828004.7        -76505399       -3844577.2 
       -0.4597431             -4.9     -0.091448588       -2637121.9        -48140568       -2627200.7 
      -0.38975138             -4.9      -0.26042355         31618.83        -48240775       -6114814.6 
      -0.26042355             -4.9      -0.38975138        2488881.8        -48352423       -6178273.5 
     -0.091448588             -4.9       -0.4597431        2369933.4        -48383053       -4576514.2 

