%          X (in)           Y (in)           Z (in)         RealPolX         RealPolY         RealPolZ
      0.091448588              4.9        0.4597431       -1593044.8        -32539209       -2316927.9 
      0.091448588              4.7        0.4597431       -2586851.4        -53748841       -1529945.5 
      0.091448588              4.5        0.4597431       -4917927.5        -69855392       -656364.28 
      0.091448588              4.3        0.4597431        -10950453        -89954425        1033538.2 
      0.091448588              4.1        0.4597431        -57995892   -1.6018604e+08         11240949 
      0.091448588              3.9        0.4597431    1.4533161e+08        -41858658        -28071826 
      0.091448588              3.7        0.4597431    1.3738108e+08    2.9523479e+08        -29645925 
      0.091448588              3.5        0.4597431     1.794597e+08    6.7141719e+08        -35937777 
      0.091448588              3.3        0.4597431    2.7815418e+08    1.2438788e+09        -44927421 
      0.091448588              3.1        0.4597431    5.6719525e+08     2.367989e+09        -73951058 
      0.091448588              2.9        0.4597431    -3.799394e+08    3.2712665e+09     2.561835e+08 
      0.091448588              2.7        0.4597431        -85162573    3.4074802e+09        9459952.2 
      0.091448588              2.5        0.4597431         16524834    3.3173486e+09        7169979.6 
      0.091448588              2.3        0.4597431   -4.9781216e+08    2.7974487e+09    1.0385662e+08 
      0.091448588              2.1        0.4597431        -90812198    2.1511945e+09         22497807 
      0.091448588              1.9        0.4597431        -23438611    2.0385055e+09        8686778.2 
      0.091448588              1.7        0.4597431       -6744574.5     2.022504e+09          5389894 
      0.091448588              1.5        0.4597431       -1701068.3    2.0316566e+09        3763545.8 
      0.091448588              1.3        0.4597431       -294004.04    2.0418515e+09        1648249.9 
      0.091448588              1.1        0.4597431        107105.59    2.0465062e+09        563978.82 
      0.091448588              0.9        0.4597431        188390.19    2.0483186e+09        164457.45 
      0.091448588              0.7        0.4597431        161497.82    2.0489938e+09        14534.158 
      0.091448588              0.5        0.4597431         109507.6    2.0491678e+09       -34948.266 
      0.091448588              0.3        0.4597431        61634.361    2.0491287e+09       -40574.213 
      0.091448588              0.1        0.4597431        25752.598    2.0490209e+09       -27835.696 
      0.091448588             -0.1        0.4597431        2244.1228    2.0489049e+09       -11186.091 
      0.091448588             -0.3        0.4597431       -10396.708    2.0487727e+09       -2216.0379 
      0.091448588             -0.5        0.4597431       -13353.763    2.0485406e+09       -14918.098 
      0.091448588             -0.7        0.4597431       -6699.6984    2.0480112e+09       -72816.597 
      0.091448588             -0.9        0.4597431        10047.592    2.0467683e+09       -225874.71 
      0.091448588             -1.1        0.4597431        32320.293    2.0438629e+09       -603492.51 
      0.091448588             -1.3        0.4597431        23927.688    2.0368233e+09       -1584967.6 
      0.091448588             -1.5        0.4597431       -41704.436    2.0209815e+09       -3370808.1 
      0.091448588             -1.7        0.4597431        296642.32    1.9973595e+09       -4042645.4 
      0.091448588             -1.9        0.4597431        917276.15    1.9723512e+09       -4142278.7 
      0.091448588             -2.1        0.4597431        1071492.9    1.9451159e+09       -4622492.4 
      0.091448588             -2.3        0.4597431       -888432.47    1.9090963e+09       -4401746.7 
      0.091448588             -2.5        0.4597431        -11483328    1.7843846e+09        -36188885 
      0.091448588             -2.7        0.4597431        -59966370    1.4069429e+09        -40324170 
      0.091448588             -2.9        0.4597431        -10115540    1.1737753e+09       -2071666.6 
      0.091448588             -3.1        0.4597431        -55737471    1.0322754e+09        976173.22 
      0.091448588             -3.3        0.4597431        -75358175    7.9183463e+08        5127137.1 
      0.091448588             -3.5        0.4597431        -72679406    5.3387118e+08        6983883.2 
      0.091448588             -3.7        0.4597431        -76126065    2.8462507e+08        9567730.4 
      0.091448588             -3.9        0.4597431   -1.0823281e+08        3736609.4         15601737 
      0.091448588             -4.1        0.4597431         46201559   -1.1414724e+08       -8896731.8 
      0.091448588             -4.3        0.4597431        7751805.3        -69587902       -424380.03 
      0.091448588             -4.5        0.4597431        3993120.7        -59931931        799432.93 
      0.091448588             -4.7        0.4597431        2734200.5        -49044807        1448742.7 
      0.091448588             -4.9        0.4597431        2132631.6        -30809231        2142419.5 
       0.26042355              4.9       0.38975138       -1449351.9        -31703393       -1910816.1 
       0.26042355              4.7       0.38975138       -3128368.5        -51335833       -49256.775 
       0.26042355              4.5       0.38975138       -7265063.5        -63917052        3273120.7 
       0.26042355              4.3       0.38975138        -17319699        -74279874         10658196 
       0.26042355              4.1       0.38975138        -27842958        5703718.9         18813067 
       0.26042355              3.9       0.38975138    2.1292641e+08    1.3185512e+08   -1.0464808e+08 
       0.26042355              3.7       0.38975138    2.5314047e+08    2.8022035e+08   -1.3154801e+08 
       0.26042355              3.5       0.38975138    3.0516416e+08     4.722253e+08   -1.6522431e+08 
       0.26042355              3.3       0.38975138    4.0499887e+08    5.4179396e+08   -2.3471056e+08 
       0.26042355              3.1       0.38975138    6.2131027e+08         87662906    -4.015901e+08 
       0.26042355              2.9       0.38975138   -2.1595116e+08        -94339162         52472017 
       0.26042355              2.7       0.38975138        -69379103    4.0984628e+08    1.5188286e+08 
       0.26042355              2.5       0.38975138        -13793336      9.13567e+08         74926922 
       0.26042355              2.3       0.38975138   -5.1958782e+08    1.4392784e+09    3.5261855e+08 
       0.26042355              2.1       0.38975138   -1.3636116e+08    1.9348084e+09         96501183 
       0.26042355              1.9       0.38975138        -43762576    1.9872855e+09         34055509 
       0.26042355              1.7       0.38975138        -14583122    2.0068308e+09         14567365 
       0.26042355              1.5       0.38975138       -4309324.6    2.0260752e+09        6967217.1 
       0.26042355              1.3       0.38975138       -1233955.1    2.0397682e+09        2753096.4 
       0.26042355              1.1       0.38975138        -207192.4    2.0457648e+09        877534.43 
       0.26042355              0.9       0.38975138        129719.38    2.0480961e+09        190654.63 
       0.26042355              0.7       0.38975138        189710.91    2.0489639e+09       -42677.934 
       0.26042355              0.5       0.38975138        152683.97    2.0492022e+09       -98014.389 
       0.26042355              0.3       0.38975138        90172.488    2.0491789e+09        -82940.38 
       0.26042355              0.1       0.38975138          26577.7    2.0490696e+09       -42172.774 
       0.26042355             -0.1       0.38975138       -32826.963    2.0489466e+09        3530.6813 
       0.26042355             -0.3       0.38975138       -90151.249    2.0488049e+09        41263.915 
       0.26042355             -0.5       0.38975138       -150504.56    2.0485599e+09        57392.633 
       0.26042355             -0.7       0.38975138       -221472.73    2.0480097e+09        29058.444 
       0.26042355             -0.9       0.38975138       -317473.06    2.0467291e+09       -92740.066 
       0.26042355             -1.1       0.38975138       -480588.43    2.0437534e+09       -432209.04 
       0.26042355             -1.3       0.38975138       -862274.14    2.0365918e+09       -1338627.1 
       0.26042355             -1.5       0.38975138       -1576112.7    2.0205897e+09       -2971640.6 
       0.26042355             -1.7       0.38975138       -1414562.1    1.9967697e+09       -3784397.4 
       0.26042355             -1.9       0.38975138       -652435.19    1.9717064e+09       -4265537.3 
       0.26042355             -2.1       0.38975138       -173803.52    1.9466422e+09       -5121256.6 
       0.26042355             -2.3       0.38975138       -5442898.4    1.9178203e+09         -1811580 
       0.26042355             -2.5       0.38975138        -47161708    1.7940697e+09        -13933392 
       0.26042355             -2.7       0.38975138   -1.4165603e+08    1.4617079e+09         32711441 
       0.26042355             -2.9       0.38975138        -39998190    1.2121008e+09        95392.927 
       0.26042355             -3.1       0.38975138   -1.1149393e+08     1.015853e+09         33381766 
       0.26042355             -3.3       0.38975138   -1.5093823e+08    7.8248323e+08         56537262 
       0.26042355             -3.5       0.38975138   -1.5615901e+08    5.3387074e+08         63278799 
       0.26042355             -3.7       0.38975138   -1.5941978e+08    2.9336748e+08         68091430 
       0.26042355             -3.9       0.38975138   -1.5558979e+08    1.3732139e+08         66054346 
       0.26042355             -4.1       0.38975138        9003916.1         17673952       -6208475.1 
       0.26042355             -4.3       0.38975138        5483963.3        -60575835       -2772107.3 
       0.26042355             -4.5       0.38975138        2441016.6        -57551691       -89397.738 
       0.26042355             -4.7       0.38975138        1405149.1        -48121283        1147165.3 
       0.26042355             -4.9       0.38975138        842658.06        -30372191          2244378 
       0.38975138              4.9       0.26042355       -1580223.2        -30565504       -1442942.2 
       0.38975138              4.7       0.26042355       -2374574.2        -48058484        941565.23 
       0.38975138              4.5       0.26042355       -4944321.4        -55388302        5757522.7 
       0.38975138              4.3       0.26042355        -12255558        -57773777         17816111 
       0.38975138              4.1       0.26042355        -26089366   -1.5674713e+08         40153190 
       0.38975138              3.9       0.26042355    1.7066317e+08        -57076369    -1.871044e+08 
       0.38975138              3.7       0.26042355    1.8607722e+08    2.4632441e+08   -2.1084055e+08 
       0.38975138              3.5       0.26042355    1.9203966e+08     4.308964e+08   -2.1762958e+08 
       0.38975138              3.3       0.26042355    1.8046154e+08    5.1855188e+08   -2.0452089e+08 
       0.38975138              3.1       0.26042355         31988073    2.7717566e+08        -17807776 
       0.38975138              2.9       0.26042355    1.5490007e+08        -84467246   -3.7500454e+08 
       0.38975138              2.7       0.26042355    1.4469101e+08    1.8557371e+08        -44907368 
       0.38975138              2.5       0.26042355       -4774022.8    9.1838347e+08    1.1307364e+08 
       0.38975138              2.3       0.26042355         34811938    1.4065642e+09        -43594169 
       0.38975138              2.1       0.26042355        -38273443    1.8247776e+09         65583516 
       0.38975138              1.9       0.26042355        -20558227    1.9410004e+09         38103769 
       0.38975138              1.7       0.26042355       -7133009.8     1.987938e+09         17994725 
       0.38975138              1.5       0.26042355       -1307469.5    2.0183871e+09        8179209.5 
       0.38975138              1.3       0.26042355       -121034.33    2.0366902e+09        3187204.8 
       0.38975138              1.1       0.26042355        134606.52    2.0445976e+09        1014648.3 
       0.38975138              0.9       0.26042355         198852.7    2.0477026e+09        206242.17 
       0.38975138              0.7       0.26042355        171199.75    2.0488737e+09       -63963.683 
       0.38975138              0.5       0.26042355         115670.7    2.0492244e+09       -121786.79 
       0.38975138              0.3       0.26042355        59394.709    2.0492382e+09       -97096.261 
       0.38975138              0.1       0.26042355        8997.7148    2.0491377e+09        -42767.92 
       0.38975138             -0.1       0.26042355       -38083.937    2.0490134e+09        18622.566 
       0.38975138             -0.3       0.26042355       -88710.774    2.0488666e+09        75264.788 
       0.38975138             -0.5       0.26042355       -153169.25    2.0486123e+09           116438 
       0.38975138             -0.7       0.26042355       -247873.04    2.0480442e+09        124529.28 
       0.38975138             -0.9       0.26042355       -405700.22    2.0467265e+09        61360.041 
       0.38975138             -1.1       0.26042355       -713231.85    2.0436751e+09       -168468.49 
       0.38975138             -1.3       0.26042355       -1439884.9    2.0363742e+09       -823913.23 
       0.38975138             -1.5       0.26042355       -2745643.9    2.0201851e+09       -2001606.6 
       0.38975138             -1.7       0.26042355       -2927323.2    1.9960686e+09       -2766289.4 
       0.38975138             -1.9       0.26042355       -2299020.8    1.9703386e+09       -3664676.2 
       0.38975138             -2.1       0.26042355       -951258.98    1.9440031e+09       -6497112.7 
       0.38975138             -2.3       0.26042355        5742615.5    1.9354629e+09        -16853227 
       0.38975138             -2.5       0.26042355        -52207617    1.8599811e+09        9795960.4 
       0.38975138             -2.7       0.26042355   -1.3129535e+08    1.5731969e+09    1.0368147e+08 
       0.38975138             -2.9       0.26042355        -49486928    1.3358127e+09         23098706 
       0.38975138             -3.1       0.26042355   -1.0186813e+08    1.1025398e+09         74275475 
       0.38975138             -3.3       0.26042355   -1.2891985e+08    8.0793266e+08    1.0858486e+08 
       0.38975138             -3.5       0.26042355   -1.3112319e+08    5.2946993e+08    1.1773534e+08 
       0.38975138             -3.7       0.26042355   -1.2846245e+08    2.8372805e+08    1.1886072e+08 
       0.38975138             -3.9       0.26042355    -1.198281e+08       -9836295.9    1.0668801e+08 
       0.38975138             -4.1       0.26042355       -501468.44   -1.2342656e+08       -343192.36 
       0.38975138             -4.3       0.26042355        1850720.8        -58761414       -2266504.8 
       0.38975138             -4.5       0.26042355        1100398.1        -55474821       -50847.366 
       0.38975138             -4.7       0.26042355        925248.56        -47299836        1160382.5 
       0.38975138             -4.9       0.26042355        940405.54        -29876234        2305933.2 
        0.4597431              4.9      0.091448588       -1840764.5        -29767026       -558602.02 
        0.4597431              4.7      0.091448588       -1357349.7        -45731750        575446.42 
        0.4597431              4.5      0.091448588       -1244341.4        -48968034        2982056.8 
        0.4597431              4.3      0.091448588       -2057249.2        -36610972         10363273 
        0.4597431              4.1      0.091448588        -12618041         54116677         68453377 
        0.4597431              3.9      0.091448588    1.0629902e+08    1.8717554e+08   -1.5346307e+08 
        0.4597431              3.7      0.091448588    1.0653005e+08     3.365334e+08   -1.2797561e+08 
        0.4597431              3.5      0.091448588    1.1052441e+08    5.5864091e+08   -1.1843134e+08 
        0.4597431              3.3      0.091448588    1.0972682e+08     8.658861e+08        -83649213 
        0.4597431              3.1      0.091448588         68511662    1.4483682e+09    1.1486037e+08 
        0.4597431              2.9      0.091448588    1.6113109e+08    1.8272906e+09   -2.9590362e+08 
        0.4597431              2.7      0.091448588         79002365    1.8462458e+09   -1.2689771e+08 
        0.4597431              2.5      0.091448588         30936356    2.0465555e+09         54729427 
        0.4597431              2.3      0.091448588         38134311    2.0249697e+09    -1.661853e+08 
        0.4597431              2.1      0.091448588        3568007.8    1.8775503e+09        6005881.6 
        0.4597431              1.9      0.091448588        1280412.8    1.9272231e+09         14689510 
        0.4597431              1.7      0.091448588        2585908.9    1.9771686e+09        8039432.5 
        0.4597431              1.5      0.091448588        2828641.1     2.013264e+09        3711856.5 
        0.4597431              1.3      0.091448588          1462901    2.0345257e+09        1454782.5 
        0.4597431              1.1      0.091448588        641888.44    2.0437543e+09        465679.99 
        0.4597431              0.9      0.091448588        303608.57    2.0474095e+09        93917.557 
        0.4597431              0.7      0.091448588        142544.01    2.0488004e+09       -30286.928 
        0.4597431              0.5      0.091448588        59176.094    2.0492348e+09       -56305.305 
        0.4597431              0.3      0.091448588        14977.296    2.0492777e+09       -44247.709 
        0.4597431              0.1      0.091448588       -9728.6285    2.0491856e+09        -18483.38 
        0.4597431             -0.1      0.091448588       -28149.675    2.0490621e+09        10848.452 
        0.4597431             -0.3      0.091448588       -52082.739    2.0489132e+09        38791.248 
        0.4597431             -0.5      0.091448588       -95750.851    2.0486542e+09        61188.735 
        0.4597431             -0.7      0.091448588       -181876.33    2.0480757e+09        71310.334 
        0.4597431             -0.9      0.091448588       -356899.96    2.0467349e+09        54466.995 
        0.4597431             -1.1      0.091448588       -739775.09    2.0436348e+09       -25841.663 
        0.4597431             -1.3      0.091448588       -1681161.1    2.0362407e+09       -267131.22 
        0.4597431             -1.5      0.091448588       -3358039.4    2.0199199e+09       -701367.74 
        0.4597431             -1.7      0.091448588       -3871915.4    1.9955388e+09       -1031290.2 
        0.4597431             -1.9      0.091448588       -3744395.2    1.9688536e+09       -1552810.5 
        0.4597431             -2.1      0.091448588       -3796711.3    1.9376838e+09       -3640387.4 
        0.4597431             -2.3      0.091448588       -863693.12    1.8825007e+09        -19219929 
        0.4597431             -2.5      0.091448588        -42564086    1.7633817e+09        6243467.8 
        0.4597431             -2.7      0.091448588        -71324241    1.5520463e+09         70614858 
        0.4597431             -2.9      0.091448588        -51825959    1.3528198e+09         19221222 
        0.4597431             -3.1      0.091448588        -80677174    1.0923106e+09         55776699 
        0.4597431             -3.3      0.091448588        -90311917    8.1139788e+08         73648950 
        0.4597431             -3.5      0.091448588        -86152766    5.4590637e+08         73478817 
        0.4597431             -3.7      0.091448588        -81470437    3.0509008e+08         71925022 
        0.4597431             -3.9      0.091448588        -83491668    1.0396863e+08         91972336 
        0.4597431             -4.1      0.091448588        4992664.4        -18932422        -29952241 
        0.4597431             -4.3      0.091448588        228051.96        -55403322       -1231214.6 
        0.4597431             -4.5      0.091448588        614390.76        -54457623        73744.997 
        0.4597431             -4.7      0.091448588        1100238.1        -46862064        549946.98 
        0.4597431             -4.9      0.091448588        1695478.3        -29558785          1044720 
     -0.091448588             -4.9        0.4597431        3588564.7        -30999661        3269910.3 
     -0.091448588             -4.7        0.4597431        3809948.6        -49719448        2739899.8 
     -0.091448588             -4.5        0.4597431        4561274.1        -61241374        2489443.2 
     -0.091448588             -4.3        0.4597431        4402085.2        -71802762        1979830.9 
     -0.091448588             -4.1        0.4597431        -27837151   -1.2341814e+08       -5266546.4 
     -0.091448588             -3.9        0.4597431    1.4995223e+08       -4573470.8         23268676 
     -0.091448588             -3.7        0.4597431    1.2002702e+08    2.8447858e+08         17742371 
     -0.091448588             -3.5        0.4597431    1.1544118e+08    5.3499873e+08         14911938 
     -0.091448588             -3.3        0.4597431     1.144588e+08    7.9450687e+08         12329837 
     -0.091448588             -3.1        0.4597431         87915171    1.0369247e+09        6870620.7 
     -0.091448588             -2.9        0.4597431         33280569    1.1805155e+09        2126983.6 
     -0.091448588             -2.7        0.4597431         87557632    1.4129051e+09        -34880309 
     -0.091448588             -2.5        0.4597431         26097913      1.78764e+09        -33313008 
     -0.091448588             -2.3        0.4597431        8275384.8    1.9110158e+09       -2937392.9 
     -0.091448588             -2.1        0.4597431        3820066.4    1.9460879e+09       -3653831.3 
     -0.091448588             -1.9        0.4597431        2315388.4    1.9729909e+09       -3502900.3 
     -0.091448588             -1.7        0.4597431        1857060.5     1.997777e+09       -3617613.4 
     -0.091448588             -1.5        0.4597431        1485174.4    2.0212581e+09       -3086723.6 
     -0.091448588             -1.3        0.4597431        946871.97    2.0370095e+09       -1394217.4 
     -0.091448588             -1.1        0.4597431        616569.12    2.0439902e+09       -476059.75 
     -0.091448588             -0.9        0.4597431        417065.24    2.0468566e+09       -141870.83 
     -0.091448588             -0.7        0.4597431        279191.76    2.0480728e+09       -18913.449 
     -0.091448588             -0.5        0.4597431        178144.77     2.048583e+09        18181.255 
     -0.091448588             -0.3        0.4597431        102662.26       2.0488e+09          17037.4 
     -0.091448588             -0.1        0.4597431        47073.729    2.0489184e+09        65.256475 
     -0.091448588              0.1        0.4597431        9661.3641    2.0490198e+09       -18848.158 
     -0.091448588              0.3        0.4597431       -6633.4386    2.0491095e+09        -27226.57 
     -0.091448588              0.5        0.4597431        8883.8165    2.0491239e+09       -8564.6185 
     -0.091448588              0.7        0.4597431         82290.19     2.048914e+09        66249.531 
     -0.091448588              0.9        0.4597431        272480.11    2.0481849e+09        259698.77 
     -0.091448588              1.1        0.4597431        709668.93    2.0462902e+09        730299.61 
     -0.091448588              1.3        0.4597431        1680005.1    2.0415078e+09        1927980.8 
     -0.091448588              1.5        0.4597431        3988430.3     2.031109e+09        4222688.1 
     -0.091448588              1.7        0.4597431         10474903    2.0216114e+09        6136405.4 
     -0.091448588              1.9        0.4597431         29553616    2.0369637e+09        9908506.2 
     -0.091448588              2.1        0.4597431    1.0116015e+08    2.1482377e+09         24564158 
     -0.091448588              2.3        0.4597431    5.1682229e+08    2.7936327e+09    1.0764794e+08 
     -0.091448588              2.5        0.4597431        -15214096    3.3118564e+09          7723093 
     -0.091448588              2.7        0.4597431         79269582    3.3905505e+09        8854339.8 
     -0.091448588              2.9        0.4597431    3.5408269e+08    3.2618222e+09    2.5049439e+08 
     -0.091448588              3.1        0.4597431   -5.9901114e+08    2.3718765e+09        -80176966 
     -0.091448588              3.3        0.4597431   -3.1057607e+08    1.2447163e+09        -51300623 
     -0.091448588              3.5        0.4597431   -2.1152403e+08    6.7145819e+08        -42237419 
     -0.091448588              3.7        0.4597431   -1.6841385e+08    2.9468295e+08        -35742757 
     -0.091448588              3.9        0.4597431   -1.7388131e+08        -48179747        -33579251 
     -0.091448588              4.1        0.4597431         48155749   -1.6680657e+08        9297337.8 
     -0.091448588              4.3        0.4597431        4468445.8        -91120207       -247497.33 
     -0.091448588              4.5        0.4597431         304582.9        -70533269       -1566614.2 
     -0.091448588              4.7        0.4597431       -987913.41        -54095749       -2234058.9 
     -0.091448588              4.9        0.4597431         -1575034        -32632836       -2939922.1 
      -0.26042355             -4.9       0.38975138        3282546.9        -30910977        4964365.8 
      -0.26042355             -4.7       0.38975138        3299160.6        -50028203        4253828.7 
      -0.26042355             -4.5       0.38975138        3667805.7        -61232951          3952033 
      -0.26042355             -4.3       0.38975138        3066483.5        -66940940        2894470.5 
      -0.26042355             -4.1       0.38975138        3341034.8         12110315        1962984.5 
      -0.26042355             -3.9       0.38975138    1.8802652e+08    1.3257891e+08         84658982 
      -0.26042355             -3.7       0.38975138     1.925129e+08    2.8946775e+08         87413068 
      -0.26042355             -3.5       0.38975138    1.8796178e+08    5.3455877e+08         81855990 
      -0.26042355             -3.3       0.38975138    1.7978204e+08    7.8680269e+08         73226507 
      -0.26042355             -3.1       0.38975138    1.3496528e+08    1.0230439e+09         46785574 
      -0.26042355             -2.9       0.38975138         57212638     1.221852e+09        9881058.3 
      -0.26042355             -2.7       0.38975138    1.6088111e+08    1.4711033e+09         45301677 
      -0.26042355             -2.5       0.38975138         57838415    1.7996689e+09       -6961315.3 
      -0.26042355             -2.3       0.38975138         10790190    1.9216635e+09        1745307.2 
      -0.26042355             -2.1       0.38975138        3676932.4    1.9494583e+09       -2795196.4 
      -0.26042355             -1.9       0.38975138        2973532.8    1.9735231e+09         -2726940 
      -0.26042355             -1.7       0.38975138        2965377.9    1.9979569e+09       -2759575.5 
      -0.26042355             -1.5       0.38975138        2618001.7    2.0213766e+09       -2285831.8 
      -0.26042355             -1.3       0.38975138        1564092.3     2.037122e+09       -877819.82 
      -0.26042355             -1.1       0.38975138        950267.54    2.0441161e+09       -124098.28 
      -0.26042355             -0.9       0.38975138        626612.44    2.0469806e+09        110454.49 
      -0.26042355             -0.7       0.38975138        418298.78    2.0481852e+09        159463.07 
      -0.26042355             -0.5       0.38975138        268796.26    2.0486807e+09        137451.85 
      -0.26042355             -0.3       0.38975138        155270.84    2.0488826e+09        87787.045 
      -0.26042355             -0.1       0.38975138        66115.086    2.0489851e+09        30638.408 
      -0.26042355              0.1       0.38975138       -4171.0295    2.0490665e+09       -20617.654 
      -0.26042355              0.3       0.38975138       -54514.158    2.0491243e+09       -50943.754 
      -0.26042355              0.5       0.38975138        -72254.19    2.0490772e+09        -34643.55 
      -0.26042355              0.7       0.38975138       -19968.446    2.0487367e+09         81697.77 
      -0.26042355              0.9       0.38975138        195029.89    2.0477158e+09        419781.56 
      -0.26042355              1.1       0.38975138        785938.96    2.0451512e+09        1277345.3 
      -0.26042355              1.3       0.38975138        2217188.8    2.0387947e+09        3423770.6 
      -0.26042355              1.5       0.38975138        5924389.9    2.0245354e+09        8060379.8 
      -0.26042355              1.7       0.38975138         17177016    2.0043616e+09         16315634 
      -0.26042355              1.9       0.38975138         47855014     1.983161e+09         36807885 
      -0.26042355              2.1       0.38975138    1.4272765e+08    1.9273264e+09    1.0078141e+08 
      -0.26042355              2.3       0.38975138    5.3005392e+08    1.4217694e+09    3.5964097e+08 
      -0.26042355              2.5       0.38975138         13365413     8.854553e+08         75730426 
      -0.26042355              2.7       0.38975138         60081010    3.7436447e+08    1.4771852e+08 
      -0.26042355              2.9       0.38975138     2.048299e+08   -1.2405435e+08         42549013 
      -0.26042355              3.1       0.38975138   -6.4365092e+08         71055983   -4.1588224e+08 
      -0.26042355              3.3       0.38975138   -4.2820583e+08     5.343273e+08   -2.4880544e+08 
      -0.26042355              3.5       0.38975138   -3.2849043e+08     4.677495e+08   -1.7903892e+08 
      -0.26042355              3.7       0.38975138   -2.7597066e+08    2.7606528e+08   -1.4484414e+08 
      -0.26042355              3.9       0.38975138   -2.3467298e+08    1.3002973e+08   -1.1699753e+08 
      -0.26042355              4.1       0.38975138         21643149        4006354.1         14717083 
      -0.26042355              4.3       0.38975138         12751967        -77574478        7634377.8 
      -0.26042355              4.5       0.38975138        3959766.6        -65823720        1089834.8 
      -0.26042355              4.7       0.38975138        549353.84        -52316915         -1748807 
      -0.26042355              4.9       0.38975138       -841915.57        -31968840       -3417371.5 
      -0.38975138             -4.9       0.26042355        929189.73        -30674412        5019191.1 
      -0.38975138             -4.7       0.26042355          1193793        -50122069        4245875.1 
      -0.38975138             -4.5       0.26042355          1619711        -60861483        3925152.7 
      -0.38975138             -4.3       0.26042355        1849936.3        -67718183        3161851.1 
      -0.38975138             -4.1       0.26042355        5644933.9   -1.4275395e+08        7183713.3 
      -0.38975138             -3.9       0.26042355    1.3848256e+08        -27084623    1.2923106e+08 
      -0.38975138             -3.7       0.26042355    1.4676034e+08     2.798361e+08    1.4132446e+08 
      -0.38975138             -3.5       0.26042355    1.4830232e+08    5.3139535e+08    1.3862993e+08 
      -0.38975138             -3.3       0.26042355    1.4428225e+08    8.1571038e+08    1.2680777e+08 
      -0.38975138             -3.1       0.26042355    1.1403663e+08    1.1163977e+09         88186701 
      -0.38975138             -2.9       0.26042355         58099875     1.353938e+09         32817047 
      -0.38975138             -2.7       0.26042355    1.4073136e+08     1.590734e+09    1.1738726e+08 
      -0.38975138             -2.5       0.26042355         57007713    1.8718354e+09         16688995 
      -0.38975138             -2.3       0.26042355       -3445088.8     1.942529e+09        -13451959 
      -0.38975138             -2.1       0.26042355        2500188.5    1.9481574e+09       -4212096.6 
      -0.38975138             -1.9       0.26042355        3339578.8    1.9730416e+09       -2135211.7 
      -0.38975138             -1.7       0.26042355        3627803.6    1.9978407e+09       -1743773.2 
      -0.38975138             -1.5       0.26042355        3219563.6    2.0213611e+09       -1316019.1 
      -0.38975138             -1.3       0.26042355        1760681.2    2.0371671e+09       -362758.84 
      -0.38975138             -1.1       0.26042355         928545.3    2.0442178e+09        140271.36 
      -0.38975138             -0.9       0.26042355        547222.28     2.047103e+09        265101.19 
      -0.38975138             -0.7       0.26042355        337154.84    2.0483071e+09        255316.12 
      -0.38975138             -0.5       0.26042355        205404.21    2.0487933e+09        196710.43 
      -0.38975138             -0.3       0.26042355        115359.23    2.0489829e+09        121846.47 
      -0.38975138             -0.1       0.26042355         48812.06    2.0490713e+09         45650.34 
      -0.38975138              0.1       0.26042355       -4706.2813    2.0491332e+09       -21420.484 
      -0.38975138              0.3       0.26042355       -50649.477    2.0491566e+09        -65437.23 
      -0.38975138              0.5       0.26042355       -88307.584    2.0490375e+09       -58915.866 
      -0.38975138              0.7       0.26042355        -105292.3     2.048534e+09        59638.426 
      -0.38975138              0.9       0.26042355       -65164.976    2.0471346e+09        433983.63 
      -0.38975138              1.1       0.26042355        110556.84     2.043683e+09        1411421.6 
      -0.38975138              1.3       0.26042355        542996.23    2.0352455e+09        3849829.2 
      -0.38975138              1.5       0.26042355        1999954.2    2.0161266e+09        9247108.2 
      -0.38975138              1.7       0.26042355        8221408.2    1.9844035e+09         19657280 
      -0.38975138              1.9       0.26042355         22164707    1.9354247e+09         40547575 
      -0.38975138              2.1       0.26042355         40317190    1.8156993e+09         68698871 
      -0.38975138              2.3       0.26042355        -33718375    1.3910568e+09        -41891001 
      -0.38975138              2.5       0.26042355          3575324    8.9605734e+08    1.1307152e+08 
      -0.38975138              2.7       0.26042355   -1.5070635e+08    1.5329041e+08        -50633678 
      -0.38975138              2.9       0.26042355   -1.6029244e+08   -1.1076425e+08    -3.867713e+08 
      -0.38975138              3.1       0.26042355        -39482921    2.6506599e+08        -27898409 
      -0.38975138              3.3       0.26042355   -1.9070353e+08    5.1276253e+08   -2.1747184e+08 
      -0.38975138              3.5       0.26042355   -2.0299831e+08    4.2665002e+08   -2.3106215e+08 
      -0.38975138              3.7       0.26042355   -1.9714109e+08    2.4158458e+08   -2.2413651e+08 
      -0.38975138              3.9       0.26042355   -1.8103198e+08        -67211144   -1.9896422e+08 
      -0.38975138              4.1       0.26042355         23117779   -1.6710034e+08         35797743 
      -0.38975138              4.3       0.26042355         10266259        -62436544         14902641 
      -0.38975138              4.5       0.26042355          3452359        -58177359        3582128.2 
      -0.38975138              4.7       0.26042355        1198414.1        -49515989       -764604.46 
      -0.38975138              4.9       0.26042355        531384.03        -30961293       -2956956.9 
       -0.4597431             -4.9      0.091448588       -1416419.1        -30491240        2155072.7 
       -0.4597431             -4.7      0.091448588        -792210.6        -50157852        1801560.2 
       -0.4597431             -4.5      0.091448588       -233144.87        -60709860        1662577.5 
       -0.4597431             -4.3      0.091448588        272942.57        -65637385        911571.32 
       -0.4597431             -4.1      0.091448588       -4589926.1        -30969040        -28476872 
       -0.4597431             -3.9      0.091448588         91787038         93601332    1.0818633e+08 
       -0.4597431             -3.7      0.091448588         88820246    2.9928245e+08         85615107 
       -0.4597431             -3.5      0.091448588         92921468    5.4674552e+08         85333118 
       -0.4597431             -3.3      0.091448588         96466751    8.1861525e+08         83291005 
       -0.4597431             -3.1      0.091448588         85719522    1.1063548e+09         62443633 
       -0.4597431             -2.9      0.091448588         55467595    1.3740987e+09         23524646 
       -0.4597431             -2.7      0.091448588         72871514    1.5718566e+09         76508950 
       -0.4597431             -2.5      0.091448588         43334021     1.773979e+09        8887606.8 
       -0.4597431             -2.3      0.091448588        1106065.1    1.8894156e+09        -18123344 
       -0.4597431             -2.1      0.091448588        4003365.2     1.942503e+09       -2713256.5 
       -0.4597431             -1.9      0.091448588        3888021.2    1.9720247e+09       -924838.37 
       -0.4597431             -1.7      0.091448588        3973174.4    1.9976245e+09       -609651.96 
       -0.4597431             -1.5      0.091448588          3430462    2.0213055e+09       -417980.98 
       -0.4597431             -1.3      0.091448588        1732150.7    2.0371755e+09       -76240.154 
       -0.4597431             -1.1      0.091448588        774586.72     2.044275e+09        102136.02 
       -0.4597431             -0.9      0.091448588        379351.98    2.0471792e+09        138984.77 
       -0.4597431             -0.7      0.091448588        194732.86     2.048386e+09         125584.3 
       -0.4597431             -0.5      0.091448588        101065.57    2.0488678e+09        94498.373 
       -0.4597431             -0.3      0.091448588        51470.566    2.0490506e+09        58102.727 
       -0.4597431             -0.1      0.091448588        23004.893    2.0491305e+09        22017.312 
       -0.4597431              0.1      0.091448588         1414.934    2.0491804e+09       -9714.8953 
       -0.4597431              0.3      0.091448588       -24934.352    2.0491816e+09       -31273.165 
       -0.4597431              0.5      0.091448588       -68860.386    2.0490146e+09       -30518.278 
       -0.4597431              0.7      0.091448588       -149342.91    2.0484004e+09         20406.48 
       -0.4597431              0.9      0.091448588       -303776.41    2.0467409e+09        187153.03 
       -0.4597431              1.1      0.091448588       -629907.65    2.0426795e+09        627435.31 
       -0.4597431              1.3      0.091448588       -1430597.7    2.0328341e+09        1722725.9 
       -0.4597431              1.5      0.091448588       -2765278.5    2.0106401e+09        4136601.7 
       -0.4597431              1.7      0.091448588       -2481334.5    1.9731501e+09        8677826.7 
       -0.4597431              1.9      0.091448588       -1136087.5    1.9212049e+09         15546486 
       -0.4597431              2.1      0.091448588       -3456406.4     1.869095e+09        6751721.1 
       -0.4597431              2.3      0.091448588        -38439473    2.0153255e+09   -1.6749598e+08 
       -0.4597431              2.5      0.091448588        -31937228    2.0350135e+09         54274247 
       -0.4597431              2.7      0.091448588        -81566637    1.8295806e+09   -1.3200032e+08 
       -0.4597431              2.9      0.091448588   -1.6175797e+08    1.8185304e+09    -2.999124e+08 
       -0.4597431              3.1      0.091448588        -70746593    1.4471568e+09    1.1220472e+08 
       -0.4597431              3.3      0.091448588   -1.1304644e+08    8.6324219e+08        -88669825 
       -0.4597431              3.5      0.091448588   -1.1417314e+08    5.5522236e+08   -1.2364375e+08 
       -0.4597431              3.7      0.091448588   -1.1033238e+08    3.3187758e+08   -1.3317544e+08 
       -0.4597431              3.9      0.091448588   -1.1050719e+08    1.8084112e+08   -1.5962695e+08 
       -0.4597431              4.1      0.091448588         12489366         47299698         68117152 
       -0.4597431              4.3      0.091448588        1761903.9        -41821291        9094596.4 
       -0.4597431              4.5      0.091448588        1017110.2        -52220349          2035034 
       -0.4597431              4.7      0.091448588        1175613.2        -47451521       -154255.77 
       -0.4597431              4.9      0.091448588        1675713.7        -30235418       -1199058.5 
        0.4597431             -4.9     -0.091448588        1697622.3        -29561637       -1033869.6 
       0.38975138             -4.9      -0.26042355        941525.16        -29883239       -2304224.9 
       0.26042355             -4.9      -0.38975138        833751.15        -30379240       -2250330.9 
      0.091448588             -4.9       -0.4597431          2114011        -30811363       -2146132.2 
        0.4597431             -4.7     -0.091448588        1104815.3        -46872365       -526715.75 
       0.38975138             -4.7      -0.26042355        929618.99        -47326073       -1153712.7 
       0.26042355             -4.7      -0.38975138        1391372.1        -48149699       -1156341.4 
      0.091448588             -4.7       -0.4597431          2700053        -49054674       -1455539.3 
        0.4597431             -4.5     -0.091448588        625191.91        -54478269        -18829.92 
       0.38975138             -4.5      -0.26042355        1116395.6        -55535831        75254.383 
       0.26042355             -4.5      -0.38975138        2417346.8        -57633984        73735.538 
      0.091448588             -4.5       -0.4597431          3911549        -59967565       -815635.38 
        0.4597431             -4.3     -0.091448588        248198.27        -55400946        1334005.6 
       0.38975138             -4.3      -0.26042355        1916204.5        -58853880        2366259.1 
       0.26042355             -4.3      -0.38975138        5455981.2        -60851169        2754065.3 
      0.091448588             -4.3       -0.4597431        7527983.5        -69701828        380007.75 
        0.4597431             -4.1     -0.091448588        4984776.6        -17097454         29921647 
       0.38975138             -4.1      -0.26042355        -28136.21   -1.2432647e+08        1064096.6 
       0.26042355             -4.1      -0.38975138        8568373.8         16554672        5920605.2 
      0.091448588             -4.1       -0.4597431         45613260    -1.137043e+08        8780148.6 
        0.4597431             -3.9     -0.091448588        -84707367    1.0532333e+08        -97914246 
       0.38975138             -3.9      -0.26042355   -1.2264625e+08        -10535244   -1.1172463e+08 
       0.26042355             -3.9      -0.38975138    -1.567142e+08     1.365115e+08        -67181801 
      0.091448588             -3.9       -0.4597431   -1.0836464e+08        4109144.3        -15639594 
        0.4597431             -3.7     -0.091448588        -82427371    3.0410841e+08        -76607208 
       0.38975138             -3.7      -0.26042355   -1.3018322e+08    2.8409577e+08   -1.2204596e+08 
       0.26042355             -3.7      -0.38975138    -1.605678e+08    2.9376117e+08        -69137997 
      0.091448588             -3.7       -0.4597431        -76524799    2.8440482e+08       -9652280.6 
        0.4597431             -3.5     -0.091448588        -86754951       5.4494e+08        -76504210 
       0.38975138             -3.5      -0.26042355   -1.3219358e+08    5.2984917e+08   -1.1976724e+08 
       0.26042355             -3.5      -0.38975138   -1.5691001e+08    5.3454435e+08        -63986803 
      0.091448588             -3.5       -0.4597431        -73010958      5.33728e+08       -7058119.6 
        0.4597431             -3.3     -0.091448588        -90620087    8.1057047e+08        -75053641 
       0.38975138             -3.3      -0.26042355   -1.2943801e+08    8.0817529e+08    -1.095591e+08 
       0.26042355             -3.3      -0.38975138   -1.5131642e+08    7.8319199e+08        -56904107 
      0.091448588             -3.3       -0.4597431        -75571976    7.9162618e+08       -5182088.7 
        0.4597431             -3.1     -0.091448588        -80777080    1.0919307e+09        -55842747 
       0.38975138             -3.1      -0.26042355   -1.0188397e+08    1.1028228e+09        -74242614 
       0.26042355             -3.1      -0.38975138   -1.1161139e+08    1.0163364e+09        -33463020 
      0.091448588             -3.1       -0.4597431        -55928264    1.0321218e+09       -1023966.7 
        0.4597431             -2.9     -0.091448588        -51882515     1.353302e+09        -19191199 
       0.38975138             -2.9      -0.26042355        -49392494    1.3362687e+09        -22873980 
       0.26042355             -2.9      -0.38975138        -39995003     1.212281e+09       -67685.348 
      0.091448588             -2.9       -0.4597431        -10261067    1.1737196e+09        2037658.2 
        0.4597431             -2.7     -0.091448588        -71213204    1.5524869e+09        -70014692 
       0.38975138             -2.7      -0.26042355   -1.3136464e+08    1.5735777e+09    -1.037784e+08 
       0.26042355             -2.7      -0.38975138   -1.4190473e+08    1.4618005e+09        -32876249 
      0.091448588             -2.7       -0.4597431        -60181428    1.4069621e+09         40279167 
        0.4597431             -2.5     -0.091448588        -42549051    1.7632588e+09       -6145971.9 
       0.38975138             -2.5      -0.26042355        -52194022     1.860105e+09       -9771565.1 
       0.26042355             -2.5      -0.38975138        -47219023    1.7941406e+09         13896048 
      0.091448588             -2.5       -0.4597431        -11585647    1.7844695e+09         36167371 
        0.4597431             -2.3     -0.091448588       -863768.47    1.8824451e+09         19219542 
       0.38975138             -2.3      -0.26042355        5759913.6    1.9354914e+09         16879257 
       0.26042355             -2.3      -0.38975138       -5443398.2    1.9178537e+09        1811317.8 
      0.091448588             -2.3       -0.4597431       -928466.66     1.909135e+09        4393811.5 
        0.4597431             -2.1     -0.091448588       -3795656.2    1.9376851e+09        3645829.4 
       0.38975138             -2.1      -0.26042355       -948834.18    1.9440089e+09        6500841.4 
       0.26042355             -2.1      -0.38975138       -176883.98    1.9466552e+09        5119249.2 
      0.091448588             -2.1       -0.4597431        1058334.4    1.9451205e+09        4619884.4 
        0.4597431             -1.9     -0.091448588         -3743948    1.9688547e+09        1555123.2 
       0.38975138             -1.9      -0.26042355       -2298674.4    1.9703418e+09        3665244.6 
       0.26042355             -1.9      -0.38975138       -654552.12    1.9717101e+09        4264150.7 
      0.091448588             -1.9       -0.4597431        912239.18    1.9723519e+09        4141281.4 
        0.4597431             -1.7     -0.091448588       -3871789.5    1.9955393e+09        1031958.9 
       0.38975138             -1.7      -0.26042355       -2927425.8    1.9960699e+09          2766164 
       0.26042355             -1.7      -0.38975138       -1415735.7    1.9967708e+09        3783629.1 
      0.091448588             -1.7       -0.4597431        294512.63    1.9973592e+09        4042223.5 
        0.4597431             -1.5     -0.091448588       -3358037.6    2.0199201e+09        701395.45 
       0.38975138             -1.5      -0.26042355       -2745825.6    2.0201855e+09        2001349.3 
       0.26042355             -1.5      -0.38975138       -1576752.2    2.0205899e+09        2971221.1 
      0.091448588             -1.5       -0.4597431       -42649.928    2.0209811e+09        3370619.7 
        0.4597431             -1.3     -0.091448588       -1681194.8    2.0362408e+09        266966.39 
       0.38975138             -1.3      -0.26042355       -1440048.2    2.0363742e+09        823671.82 
       0.26042355             -1.3      -0.38975138       -862634.11    2.0365918e+09        1338387.1 
      0.091448588             -1.3       -0.4597431        23489.868    2.0368229e+09        1584878.8 
        0.4597431             -1.1     -0.091448588       -739814.35    2.0436348e+09         25643.25 
       0.38975138             -1.1      -0.26042355       -713360.34    2.0436751e+09        168274.63 
       0.26042355             -1.1      -0.38975138        -480796.9    2.0437533e+09        432067.76 
      0.091448588             -1.1       -0.4597431        32117.546    2.0438626e+09        603450.22 
        0.4597431             -0.9     -0.091448588       -356934.21    2.0467349e+09       -54641.648 
       0.38975138             -0.9      -0.26042355       -405796.11    2.0467264e+09       -61506.092 
       0.26042355             -0.9      -0.38975138       -317600.05     2.046729e+09        92652.865 
      0.091448588             -0.9       -0.4597431        9950.0509    2.0467682e+09        225853.57 
        0.4597431             -0.7     -0.091448588       -181903.91    2.0480757e+09       -71451.795 
       0.38975138             -0.7      -0.26042355       -247944.34    2.0480442e+09       -124638.62 
       0.26042355             -0.7      -0.38975138       -221554.92    2.0480096e+09       -29115.598 
      0.091448588             -0.7       -0.4597431       -6749.2685    2.0480111e+09        72805.254 
        0.4597431             -0.5     -0.091448588       -95773.167    2.0486541e+09       -61303.771 
       0.38975138             -0.5      -0.26042355       -153224.43    2.0486122e+09       -116523.21 
       0.26042355             -0.5      -0.38975138       -150562.66    2.0485598e+09       -57433.549 
      0.091448588             -0.5       -0.4597431       -13381.724    2.0485405e+09        14911.251 
        0.4597431             -0.3     -0.091448588       -52101.916    2.0489132e+09       -38890.641 
       0.38975138             -0.3      -0.26042355       -88757.429    2.0488665e+09       -75337.295 
       0.26042355             -0.3      -0.38975138       -90198.573    2.0488049e+09       -41297.597 
      0.091448588             -0.3       -0.4597431       -10416.933    2.0487727e+09        2210.8526 
        0.4597431             -0.1     -0.091448588       -28167.689    2.0490621e+09       -10942.312 
       0.38975138             -0.1      -0.26042355       -38128.619    2.0490134e+09       -18692.357 
       0.26042355             -0.1      -0.38975138       -32874.303    2.0489466e+09       -3564.4804 
      0.091448588             -0.1       -0.4597431        2221.0252    2.0489049e+09        11180.383 
        0.4597431              0.1     -0.091448588        -9746.652    2.0491856e+09        18388.905 
       0.38975138              0.1      -0.26042355         8949.431    2.0491377e+09        42692.274 
       0.26042355              0.1      -0.38975138        26518.241    2.0490697e+09        42130.604 
      0.091448588              0.1       -0.4597431        25712.137    2.0490209e+09        27826.511 
        0.4597431              0.3     -0.091448588        14960.227    2.0492777e+09        44157.138 
       0.38975138              0.3      -0.26042355        59339.002    2.0492381e+09        97008.754 
       0.26042355              0.3      -0.38975138        90082.459    2.0491789e+09        82877.306 
      0.091448588              0.3       -0.4597431          61547.6    2.0491288e+09        40555.714 
        0.4597431              0.5     -0.091448588        59166.623    2.0492348e+09        56251.606 
       0.38975138              0.5      -0.26042355        115608.74    2.0492243e+09        121688.79 
       0.26042355              0.5      -0.38975138        152529.12    2.0492022e+09        97907.256 
      0.091448588              0.5       -0.4597431        109308.72    2.0491679e+09        34907.272 
        0.4597431              0.7     -0.091448588        142563.68    2.0488003e+09        30377.804 
       0.38975138              0.7      -0.26042355        171147.31    2.0488734e+09        63878.265 
       0.26042355              0.7      -0.38975138         189420.6    2.0489637e+09        42479.181 
      0.091448588              0.7       -0.4597431        161031.59    2.0489939e+09        -14628.64 
        0.4597431              0.9     -0.091448588        303717.08    2.0474091e+09       -93382.861 
       0.38975138              0.9      -0.26042355         198865.7    2.0477017e+09       -206232.09 
       0.26042355              0.9      -0.38975138         129139.3    2.0480954e+09       -191048.63 
      0.091448588              0.9       -0.4597431        187286.05    2.0483186e+09       -164679.27 
        0.4597431              1.1     -0.091448588        642241.36    2.0437533e+09        -463920.9 
       0.38975138              1.1      -0.26042355        134846.16    2.0445952e+09       -1014302.8 
       0.26042355              1.1      -0.38975138       -208411.36    2.0457626e+09       -878357.78 
      0.091448588              1.1       -0.4597431        104474.81    2.0465058e+09       -564504.92 
        0.4597431              1.3     -0.091448588        1463891.7     2.034523e+09       -1449824.7 
       0.38975138              1.3      -0.26042355       -120140.03     2.036684e+09       -3185885.9 
       0.26042355              1.3      -0.38975138       -1236621.7    2.0397624e+09         -2754891 
      0.091448588              1.3       -0.4597431       -300296.69    2.0418498e+09       -1649505.2 
        0.4597431              1.5     -0.091448588        2831252.1    2.0132574e+09       -3698767.8 
       0.38975138              1.5      -0.26042355         -1304835    2.0183715e+09       -8175298.5 
       0.26042355              1.5      -0.38975138       -4315357.3    2.0260601e+09       -6971268.3 
      0.091448588              1.5       -0.4597431       -1716157.1    2.0316516e+09         -3766552 
        0.4597431              1.7     -0.091448588        2592579.9    1.9771521e+09       -8005958.4 
       0.38975138              1.7      -0.26042355       -7126005.2    1.9878989e+09        -17984294 
       0.26042355              1.7      -0.38975138        -14597176    2.0067933e+09        -14576789 
      0.091448588              1.7       -0.4597431       -6780663.3    2.0224905e+09       -5397080.7 
        0.4597431              1.9     -0.091448588        1297316.7    1.9271804e+09        -14604651 
       0.38975138              1.9      -0.26042355        -20540950    1.9409024e+09        -38078016 
       0.26042355              1.9      -0.38975138        -43796634    1.9871949e+09        -34078334 
      0.091448588              1.9       -0.4597431        -23524025    2.0384722e+09       -8703786.8 
        0.4597431              2.1     -0.091448588        3611640.2    1.8774345e+09       -5786879.8 
       0.38975138              2.1      -0.26042355        -38235828    1.8245197e+09        -65527507 
       0.26042355              2.1      -0.38975138   -1.3645007e+08    1.9346056e+09        -96560775 
      0.091448588              2.1       -0.4597431        -91007190    2.1511209e+09        -22536648 
        0.4597431              2.3     -0.091448588         38259298    2.0243525e+09    1.6681429e+08 
       0.38975138              2.3      -0.26042355         34850086    1.4060054e+09         43651048 
       0.26042355              2.3      -0.38975138    -5.198467e+08    1.4387632e+09   -3.5279171e+08 
      0.091448588              2.3       -0.4597431   -4.9821892e+08    2.7974702e+09   -1.0393768e+08 
        0.4597431              2.5     -0.091448588         31043959    2.0453712e+09        -54304545 
       0.38975138              2.5      -0.26042355       -4677754.7    9.1732949e+08   -1.1296737e+08 
       0.26042355              2.5      -0.38975138        -13875597    9.1275322e+08        -75003784 
      0.091448588              2.5       -0.4597431         16387088    3.3174657e+09       -7197905.1 
        0.4597431              2.7     -0.091448588         79314645     1.843029e+09    1.2818491e+08 
       0.38975138              2.7      -0.26042355    1.4449853e+08    1.8384614e+08         44542140 
       0.26042355              2.7      -0.38975138        -69680218    4.0904705e+08    -1.521264e+08 
      0.091448588              2.7       -0.4597431        -85044597    3.4078924e+09       -9434714.8 
        0.4597431              2.9     -0.091448588     1.605813e+08    1.8245513e+09    2.9405041e+08 
       0.38975138              2.9      -0.26042355    1.5478169e+08        -85950740    3.7494763e+08 
       0.26042355              2.9      -0.38975138   -2.1604234e+08        -95148335        -52494716 
      0.091448588              2.9       -0.4597431   -3.8030298e+08    3.2718529e+09   -2.5629265e+08 
        0.4597431              3.1     -0.091448588         68288000    1.4482589e+09   -1.1551603e+08 
       0.38975138              3.1      -0.26042355         31813749    2.7630322e+08         17513264 
       0.26042355              3.1      -0.38975138    6.2138438e+08         86791573    4.0157927e+08 
      0.091448588              3.1       -0.4597431    5.6749715e+08     2.368369e+09         73986348 
        0.4597431              3.3     -0.091448588    1.0944192e+08    8.6618681e+08         82619275 
       0.38975138              3.3      -0.26042355    1.8013064e+08    5.1796295e+08    2.0383917e+08 
       0.26042355              3.3      -0.38975138    4.0522145e+08     5.411355e+08    2.3471341e+08 
      0.091448588              3.3       -0.4597431    2.7886184e+08    1.2441398e+09         45051898 
        0.4597431              3.5     -0.091448588      1.10181e+08    5.5884127e+08    1.1700659e+08 
       0.38975138              3.5      -0.26042355    1.9163483e+08    4.3059544e+08    2.1672032e+08 
       0.26042355              3.5      -0.38975138     3.055102e+08    4.7187104e+08    1.6525188e+08 
      0.091448588              3.5       -0.4597431    1.8046766e+08    6.7158494e+08         36134092 
        0.4597431              3.7     -0.091448588     1.061308e+08    3.3658391e+08    1.2634304e+08 
       0.38975138              3.7      -0.26042355    1.8562518e+08    2.4635534e+08     2.098375e+08 
       0.26042355              3.7      -0.38975138    2.5358076e+08    2.8027311e+08    1.3162037e+08 
      0.091448588              3.7       -0.4597431    1.3856306e+08    2.9530631e+08         29883838 
        0.4597431              3.9     -0.091448588    1.0589705e+08     1.865267e+08    1.5185937e+08 
       0.38975138              3.9      -0.26042355    1.7010457e+08        -56198013    1.8596678e+08 
       0.26042355              3.9      -0.38975138    2.1364152e+08    1.3253561e+08    1.0490768e+08 
      0.091448588              3.9       -0.4597431    1.4657254e+08        -42358856         28316903 
        0.4597431              4.1     -0.091448588        -12546905         53518694        -68097144 
       0.38975138              4.1      -0.26042355        -25849654   -1.5585236e+08        -39796518 
       0.26042355              4.1      -0.38975138        -28232805        6399646.2        -19077214 
      0.091448588              4.1       -0.4597431        -58298921   -1.6066377e+08        -11302114 
        0.4597431              4.3     -0.091448588       -2023051.2        -36547682        -10192589 
       0.38975138              4.3      -0.26042355        -12209155        -57574958        -17747369 
       0.26042355              4.3      -0.38975138        -17384784        -74069222        -10702576 
      0.091448588              4.3       -0.4597431        -11122001        -89891089       -1067982.4 
        0.4597431              4.5     -0.091448588       -1229967.5        -48934521       -2910227.1 
       0.38975138              4.5      -0.26042355       -4927024.7        -55309582       -5732089.9 
       0.26042355              4.5      -0.38975138       -7289448.1        -63835806       -3289862.2 
      0.091448588              4.5       -0.4597431       -4989610.3        -69821422        641938.77 
        0.4597431              4.7     -0.091448588       -1351126.6        -45718905       -544412.11 
       0.38975138              4.7      -0.26042355       -2367103.8        -48027743        -930665.8 
       0.26042355              4.7      -0.38975138       -3138875.4        -51304633        41993.454 
      0.091448588              4.7       -0.4597431       -2617549.3        -53735733        1523748.7 
        0.4597431              4.9     -0.091448588       -1837452.6        -29763661        575070.61 
       0.38975138              4.9      -0.26042355       -1576227.5        -30557378        1448737.4 
       0.26042355              4.9      -0.38975138       -1454880.9        -31695181        1906975.9 
      0.091448588              4.9       -0.4597431       -1609220.4        -32535763        2313656.5 
       -0.4597431              4.9     -0.091448588        1678951.4        -30238792        1182963.4 
      -0.38975138              4.9      -0.26042355        535166.67        -30969415        2951481.5 
      -0.26042355              4.9      -0.38975138       -847706.13        -31976984        3421387.7 
     -0.091448588              4.9       -0.4597431       -1591332.4        -32636148        2943219.3 
       -0.4597431              4.7     -0.091448588        1181770.6        -47464447        123552.19 
      -0.38975138              4.7      -0.26042355        1205619.2        -49546814           754103 
      -0.26042355              4.7      -0.38975138        538424.57        -52347925        1756354.3 
     -0.091448588              4.7       -0.4597431       -1018834.3        -54108346        2240302.3 
       -0.4597431              4.5     -0.091448588        1031481.6        -52254261       -2106852.7 
      -0.38975138              4.5      -0.26042355        3469265.2        -58256757       -3606976.2 
      -0.26042355              4.5      -0.38975138        3934355.4        -65904812       -1072404.2 
     -0.091448588              4.5       -0.4597431        232257.05        -70565773        1581171.5 
       -0.4597431              4.3     -0.091448588          1796372        -41885473       -9266646.5 
      -0.38975138              4.3      -0.26042355         10312257        -62638610        -14970781 
      -0.26042355              4.3      -0.38975138         12683530        -77786630       -7587751.9 
     -0.091448588              4.3       -0.4597431        4294227.6        -91178405         282480.3 
       -0.4597431              4.1     -0.091448588         12561373         47916304        -68477875 
      -0.38975138              4.1      -0.26042355         23361323   -1.6801762e+08        -36160129 
      -0.26042355              4.1      -0.38975138         21238163        3296850.9        -14442754 
     -0.091448588              4.1       -0.4597431         47839143   -1.6630558e+08       -9233450.5 
       -0.4597431              3.9     -0.091448588   -1.1092332e+08    1.8150606e+08     1.612863e+08 
      -0.38975138              3.9      -0.26042355   -1.8161472e+08        -68106741    2.0014545e+08 
      -0.26042355              3.9      -0.38975138   -2.3394874e+08    1.2933804e+08    1.1673694e+08 
     -0.091448588              3.9       -0.4597431   -1.7262313e+08        -47658306         33330128 
       -0.4597431              3.7     -0.091448588   -1.1074316e+08    3.3182034e+08    1.3485496e+08 
      -0.38975138              3.7      -0.26042355   -1.9760978e+08    2.4156469e+08    2.2517125e+08 
      -0.26042355              3.7      -0.38975138   -2.7553049e+08    2.7602065e+08    1.4477622e+08 
     -0.091448588              3.7       -0.4597431   -1.6722392e+08    2.9460968e+08         35502349 
       -0.4597431              3.5     -0.091448588   -1.1452512e+08    5.5501498e+08     1.251048e+08 
      -0.38975138              3.5      -0.26042355   -2.0341617e+08    4.2697076e+08     2.319959e+08 
      -0.26042355              3.5      -0.38975138   -3.2814746e+08    4.6812168e+08    1.7901658e+08 
     -0.091448588              3.5       -0.4597431   -2.1051254e+08    6.7128046e+08         42039935 
       -0.4597431              3.3     -0.091448588   -1.1333801e+08    8.6293623e+08         89728122 
      -0.38975138              3.3      -0.26042355   -1.9104489e+08    5.1338003e+08     2.181714e+08 
      -0.26042355              3.3      -0.38975138   -4.2798564e+08    5.3501165e+08    2.4880577e+08 
     -0.091448588              3.3       -0.4597431   -3.0986598e+08    1.2444399e+09         51175813 
       -0.4597431              3.1     -0.091448588        -70976497    1.4472644e+09   -1.1152134e+08 
      -0.38975138              3.1      -0.26042355        -39668106    2.6598519e+08         28208172 
      -0.26042355              3.1      -0.38975138   -6.4357174e+08         71975412    4.1588934e+08 
     -0.091448588              3.1       -0.4597431   -5.9869883e+08    2.3714637e+09         80140517 
       -0.4597431              2.9     -0.091448588   -1.6231889e+08    1.8213208e+09    3.0180657e+08 
      -0.38975138              2.9      -0.26042355   -1.6041804e+08   -1.0920141e+08    3.8682886e+08 
      -0.26042355              2.9      -0.38975138    2.0472293e+08   -1.2317652e+08        -42521927 
     -0.091448588              2.9       -0.4597431    3.5370348e+08    3.2611968e+09   -2.5037906e+08 
       -0.4597431              2.7     -0.091448588        -81248172    1.8328662e+09    1.3068988e+08 
      -0.38975138              2.7      -0.26042355   -1.5090124e+08    1.5510796e+08         51007958 
      -0.26042355              2.7      -0.38975138         59769490     3.752313e+08   -1.4746461e+08 
     -0.091448588              2.7       -0.4597431         79380983    3.3901125e+09         -8878120 
       -0.4597431              2.5     -0.091448588        -31826274    2.0362245e+09        -54712342 
      -0.38975138              2.5      -0.26042355        3675767.8     8.971736e+08   -1.1318133e+08 
      -0.26042355              2.5      -0.38975138         13283626     8.863214e+08        -75652140 
     -0.091448588              2.5       -0.4597431        -15351624    3.3117196e+09       -7694962.2 
       -0.4597431              2.3     -0.091448588        -38307059    2.0159594e+09    1.6682969e+08 
      -0.38975138              2.3      -0.26042355        -33670131    1.3916508e+09         41819049 
      -0.26042355              2.3      -0.38975138     5.297849e+08    1.4223167e+09   -3.5946101e+08 
     -0.091448588              2.3       -0.4597431    5.1640222e+08    2.7936056e+09   -1.0756419e+08 
       -0.4597431              2.1     -0.091448588       -3409322.7    1.8692184e+09         -6988035 
      -0.38975138              2.1      -0.26042355         40360216    1.8159706e+09        -68762941 
      -0.26042355              2.1      -0.38975138    1.4264103e+08    1.9275418e+09   -1.0072331e+08 
     -0.091448588              2.1       -0.4597431    1.0096518e+08    2.1483202e+09        -24525295 
       -0.4597431              1.9     -0.091448588       -1117310.6    1.9212503e+09        -15640741 
      -0.38975138              1.9      -0.26042355         22185843    1.9355293e+09        -40579084 
      -0.26042355              1.9      -0.38975138         47823939    1.9832594e+09        -36787036 
     -0.091448588              1.9       -0.4597431         29469200    2.0370046e+09       -9891679.3 
       -0.4597431              1.7     -0.091448588         -2473539     1.973168e+09       -8716941.3 
      -0.38975138              1.7      -0.26042355        8230965.6    1.9844462e+09        -19671518 
      -0.26042355              1.7      -0.38975138         17165289    2.0044039e+09        -16307753 
     -0.091448588              1.7       -0.4597431         10439714    2.0216303e+09       -6129386.2 
       -0.4597431              1.5     -0.091448588       -2761962.3    2.0106475e+09       -4153228.2 
      -0.38975138              1.5      -0.26042355        2004250.9    2.0161444e+09       -9253499.4 
      -0.26042355              1.5      -0.38975138        5919962.6    2.0245536e+09         -8057394 
     -0.091448588              1.5       -0.4597431        3973989.8    2.0311177e+09       -4219803.7 
       -0.4597431              1.3     -0.091448588       -1429156.6    2.0328372e+09       -1729944.9 
      -0.38975138              1.3      -0.26042355        544967.88     2.035253e+09       -3852757.2 
      -0.26042355              1.3      -0.38975138        2215585.3    2.0388026e+09       -3422683.1 
     -0.091448588              1.3       -0.4597431        1674148.6    2.0415118e+09       -1926809.1 
       -0.4597431              1.1     -0.091448588       -629263.77    2.0426808e+09       -630655.94 
      -0.38975138              1.1      -0.26042355        111496.37    2.0436862e+09       -1412813.4 
      -0.26042355              1.1      -0.38975138        785416.28    2.0451547e+09         -1276986 
     -0.091448588              1.1       -0.4597431        707325.49    2.0462921e+09        -729829.5 
       -0.4597431              0.9     -0.091448588       -303478.48    2.0467415e+09        -188639.7 
      -0.38975138              0.9      -0.26042355       -64695.308     2.047136e+09       -434676.83 
      -0.26042355              0.9      -0.38975138        194905.57    2.0477174e+09       -419691.76 
     -0.091448588              0.9       -0.4597431        271564.48    2.0481858e+09       -259514.13 
       -0.4597431              0.7     -0.091448588       -149198.55    2.0484006e+09       -21124.313 
      -0.38975138              0.7      -0.26042355       -105043.89    2.0485347e+09       -60003.389 
      -0.26042355              0.7      -0.38975138        -19958.14    2.0487374e+09        -81700.01 
     -0.091448588              0.7       -0.4597431        81948.415    2.0489145e+09        -66179.93 
       -0.4597431              0.5     -0.091448588       -68786.038    2.0490147e+09        30150.183 
      -0.38975138              0.5      -0.26042355       -88167.229    2.0490378e+09        58710.671 
      -0.26042355              0.5      -0.38975138       -72206.795    2.0490776e+09        34615.135 
     -0.091448588              0.5       -0.4597431        8768.6986    2.0491241e+09        8588.5449 
       -0.4597431              0.3     -0.091448588       -24892.635    2.0491817e+09        31067.561 
      -0.38975138              0.3      -0.26042355       -50563.277    2.0491567e+09        65311.723 
      -0.26042355              0.3      -0.38975138         -54462.3    2.0491244e+09        50911.391 
     -0.091448588              0.3       -0.4597431       -6661.4347    2.0491096e+09         27232.75 
       -0.4597431              0.1     -0.091448588        1441.5836    2.0491804e+09        9583.9371 
      -0.38975138              0.1      -0.26042355       -4646.7228    2.0491333e+09        21333.889 
      -0.26042355              0.1      -0.38975138       -4122.6581    2.0490666e+09        20586.935 
     -0.091448588              0.1       -0.4597431        9665.5645    2.0490199e+09        18847.624 
       -0.4597431             -0.1     -0.091448588         23025.55    2.0491305e+09       -22118.936 
      -0.38975138             -0.1      -0.26042355        48860.731    2.0490713e+09       -45721.328 
      -0.26042355             -0.1      -0.38975138        66161.087    2.0489851e+09       -30668.038 
     -0.091448588             -0.1       -0.4597431        47089.291    2.0489184e+09       -68.294985 
       -0.4597431             -0.3     -0.091448588        51490.908    2.0490506e+09       -58203.348 
      -0.38975138             -0.3      -0.26042355        115407.98    2.0489829e+09       -121918.07 
      -0.26042355             -0.3      -0.38975138         155318.9    2.0488825e+09       -87818.417 
     -0.091448588             -0.3       -0.4597431        102681.53    2.0487999e+09       -17041.388 
       -0.4597431             -0.5     -0.091448588        101090.49    2.0488678e+09       -94622.522 
      -0.38975138             -0.5      -0.26042355        205463.06    2.0487932e+09       -196797.56 
      -0.26042355             -0.5      -0.38975138        268852.18    2.0486806e+09       -137488.77 
     -0.091448588             -0.5       -0.4597431        178164.03    2.0485829e+09       -18185.441 
       -0.4597431             -0.7     -0.091448588        194768.42    2.0483859e+09       -125762.44 
      -0.38975138             -0.7      -0.26042355        337235.99     2.048307e+09       -255437.03 
      -0.26042355             -0.7      -0.38975138           418369    2.0481851e+09       -159509.84 
     -0.091448588             -0.7       -0.4597431        279205.31    2.0480727e+09        18910.164 
       -0.4597431             -0.9     -0.091448588        379407.78    2.0471791e+09       -139265.57 
      -0.38975138             -0.9      -0.26042355        547343.76    2.0471029e+09        -265283.2 
      -0.26042355             -0.9      -0.38975138         626702.8    2.0469804e+09       -110515.23 
     -0.091448588             -0.9       -0.4597431        417057.72    2.0468564e+09        141871.38 
       -0.4597431             -1.1     -0.091448588        774680.18    2.0442748e+09       -102608.63 
      -0.38975138             -1.1      -0.26042355        928737.25    2.0442175e+09       -140560.84 
      -0.26042355             -1.1      -0.38975138        950379.56    2.0441156e+09        124021.71 
     -0.091448588             -1.1       -0.4597431        616499.14    2.0439898e+09        476071.95 
       -0.4597431             -1.3     -0.091448588        1732315.7    2.0371752e+09        75400.178 
      -0.38975138             -1.3      -0.26042355        1760997.9    2.0371665e+09        362276.11 
      -0.26042355             -1.3      -0.38975138        1564212.7    2.0371212e+09        877733.16 
     -0.091448588             -1.3       -0.4597431        946633.25    2.0370089e+09          1394261 
       -0.4597431             -1.5     -0.091448588        3430762.4     2.021305e+09        416442.47 
      -0.38975138             -1.5      -0.26042355        3220104.3    2.0213598e+09          1315186 
      -0.26042355             -1.5      -0.38975138        2618086.5    2.0213751e+09        2285758.4 
     -0.091448588             -1.5       -0.4597431        1484529.4     2.021257e+09        3086843.3 
       -0.4597431             -1.7     -0.091448588        3973751.7    1.9976236e+09         606702.8 
      -0.38975138             -1.7      -0.26042355        3628796.2    1.9978382e+09        1742248.2 
      -0.26042355             -1.7      -0.38975138        2965307.2    1.9979539e+09        2759595.7 
     -0.091448588             -1.7       -0.4597431        1855389.8     1.997775e+09          3617933 
       -0.4597431             -1.9     -0.091448588          3889149    1.9720229e+09        919090.19 
      -0.38975138             -1.9      -0.26042355        3341591.1    1.9730365e+09        2132136.3 
      -0.26042355             -1.9      -0.38975138        2973112.9    1.9735164e+09        2727179.5 
     -0.091448588             -1.9       -0.4597431        2311063.1    1.9729867e+09        3503742.9 
       -0.4597431             -2.1     -0.091448588        4005437.1    1.9425008e+09        2702683.3 
      -0.38975138             -2.1      -0.26042355        2505164.9    1.9481488e+09        4204530.5 
      -0.26042355             -2.1      -0.38975138          3676524    1.9494407e+09          2795401 
     -0.091448588             -2.1       -0.4597431        3808041.3    1.9460778e+09        3656197.3 
       -0.4597431             -2.3     -0.091448588        1107431.3    1.8894708e+09         18116464 
      -0.38975138             -2.3      -0.26042355       -3423725.5    1.9424964e+09         13419823 
      -0.26042355             -2.3      -0.38975138         10794057    1.9216232e+09       -1747983.3 
     -0.091448588             -2.3       -0.4597431        8237283.3    1.9109683e+09        2944924.1 
       -0.4597431             -2.5     -0.091448588         43351993    1.7741022e+09       -9000513.2 
      -0.38975138             -2.5      -0.26042355         57027972    1.8717037e+09        -16723652 
      -0.26042355             -2.5      -0.38975138         57786710    1.7995874e+09        6994728.9 
     -0.091448588             -2.5       -0.4597431         25997740    1.7875419e+09         33333978 
       -0.4597431             -2.7     -0.091448588         72989652    1.5714012e+09        -77145960 
      -0.38975138             -2.7      -0.26042355    1.4067077e+08    1.5903356e+09   -1.1730379e+08 
      -0.26042355             -2.7      -0.38975138      1.60637e+08     1.470995e+09        -45140191 
     -0.091448588             -2.7       -0.4597431         87343699    1.4128698e+09         34924944 
       -0.4597431             -2.9     -0.091448588         55414155    1.3736013e+09        -23578859 
      -0.38975138             -2.9      -0.26042355         58208266    1.3534605e+09        -33066105 
      -0.26042355             -2.9      -0.38975138         57227266    1.2216483e+09       -9918128.1 
     -0.091448588             -2.9       -0.4597431         33137279    1.1805548e+09       -2094329.1 
       -0.4597431             -3.1     -0.091448588         85621793     1.106749e+09        -62399517 
      -0.38975138             -3.1      -0.26042355    1.1403447e+08    1.1160945e+09        -88242178 
      -0.26042355             -3.1      -0.38975138    1.3485711e+08    1.0225211e+09        -46711469 
     -0.091448588             -3.1       -0.4597431         87724424     1.037066e+09       -6824233.9 
       -0.4597431             -3.3     -0.091448588         96151284    8.1948027e+08        -81852621 
      -0.38975138             -3.3      -0.26042355    1.4375844e+08    8.1544357e+08   -1.2581701e+08 
      -0.26042355             -3.3      -0.38975138    1.7940615e+08    7.8604092e+08        -72857803 
     -0.091448588             -3.3       -0.4597431    1.1424931e+08    7.9470888e+08        -12277959 
       -0.4597431             -3.5     -0.091448588         92296447    5.4776726e+08        -82193778 
      -0.38975138             -3.5      -0.26042355    1.4720027e+08    5.3098568e+08   -1.3653146e+08 
      -0.26042355             -3.5      -0.38975138    1.8719926e+08    5.3383141e+08        -81132481 
     -0.091448588             -3.5       -0.4597431    1.1511405e+08    5.3514312e+08        -14842095 
       -0.4597431             -3.7     -0.091448588         87817789    3.0034081e+08        -80711709 
      -0.38975138             -3.7      -0.26042355    1.4496852e+08    2.7943978e+08   -1.3800142e+08 
      -0.26042355             -3.7      -0.38975138    1.9133287e+08     2.890398e+08        -86332369 
     -0.091448588             -3.7       -0.4597431    1.1963313e+08    2.8471481e+08        -17663453 
       -0.4597431             -3.9     -0.091448588         90501627         92176886   -1.0190475e+08 
      -0.38975138             -3.9      -0.26042355    1.3550129e+08        -26342854   -1.2389979e+08 
      -0.26042355             -3.9      -0.38975138    1.8686615e+08    1.3345293e+08        -83486088 
     -0.091448588             -3.9       -0.4597431    1.4986234e+08       -4954430.9        -23243466 
       -0.4597431             -4.1     -0.091448588       -4592823.6        -32917258         28481597 
      -0.38975138             -4.1      -0.26042355        6164136.5   -1.4179035e+08       -7974116.7 
      -0.26042355             -4.1      -0.38975138        2896224.9         13323764       -1669270.8 
     -0.091448588             -4.1       -0.4597431        -28454786   -1.2386945e+08        5388819.7 
       -0.4597431             -4.3     -0.091448588        298507.51        -65638230       -1041733.6 
      -0.38975138             -4.3      -0.26042355        1930935.3        -67612199       -3284966.3 
      -0.26042355             -4.3      -0.38975138        3051312.4        -66635671       -2885087.6 
     -0.091448588             -4.3       -0.4597431        4180547.6        -71666418       -1935978.9 
       -0.4597431             -4.5     -0.091448588       -218384.76        -60686158       -1737460.9 
      -0.38975138             -4.5      -0.26042355          1645350        -60791155       -3964049.9 
      -0.26042355             -4.5      -0.38975138        3653507.4        -61136362       -3942680.1 
     -0.091448588             -4.5       -0.4597431        4483378.7        -61189785       -2474009.5 
       -0.4597431             -4.7     -0.091448588       -784684.63        -50145801         -1839651 
      -0.38975138             -4.7      -0.26042355        1205268.3        -50090830       -4263210.4 
      -0.26042355             -4.7      -0.38975138        3292444.8        -49992325       -4249398.1 
     -0.091448588             -4.7       -0.4597431        3778705.5        -49700873       -2733704.7 
       -0.4597431             -4.9     -0.091448588       -1411796.4        -30487833       -2178405.9 
      -0.38975138             -4.9      -0.26042355        936284.91        -30665830       -5029862.2 
      -0.26042355             -4.9      -0.38975138          3279602        -30901577       -4962414.1 
     -0.091448588             -4.9       -0.4597431        3572409.1        -30994767       -3266704.1 

