%    UNITS: X,Y,Z in in;  Magnetic Field Intensity in Amps/meter
%          X (in)           Y (in)           Z (in)        RealScatX        RealScatY        RealScatZ         RealTotX         RealTotY         RealTotZ
                0             0.05                0        -542.1326        4473833.9      -0.14990201       -422.26502          4594571      -0.14990201 
          0.00098             0.05          0.00995       -548.18858        4473829.9       -70.062847       -428.33177        4594565.7        -82.15097 
          0.00196             0.05           0.0199       -555.43663          4473814        -142.8087       -435.59279        4594546.2       -166.98435 
          0.00294             0.05          0.02985       -562.10942        4473787.8       -215.69434       -442.28081        4594514.1       -251.95591 
          0.00392             0.05           0.0398       -568.79895        4473751.6       -288.63649       -448.98786        4594469.8       -336.98136 
           0.0049             0.05          0.04975       -575.50736        4473705.4       -361.65744       -455.71616        4594413.2       -422.08198 
          0.00588             0.05           0.0597       -582.23696        4473649.1       -434.78004       -462.46805        4594344.2       -507.27963 
          0.00686             0.05          0.06965       -588.67147        4473581.9       -509.01534       -468.92731        4594262.1       -593.58431 
          0.00784             0.05           0.0796       -594.71436        4473503.7       -580.71489       -474.99745        4594166.7       -677.34662 
          0.00882             0.05          0.08955       -602.08981        4473416.6       -653.58714       -482.40271        4594060.2       -762.27395 
           0.0098             0.05           0.0995       -608.36215        4473319.7       -726.01611       -488.70747        4593941.5       -846.74936 
          0.01078             0.05          0.10945       -614.98523        4473212.5       -799.39204       -495.36563        4593810.4       -932.16206 
          0.01176             0.05           0.1194       -622.06218        4473095.8       -873.81453       -502.48036        4593667.4       -1018.6107 
          0.01274             0.05          0.12935       -629.52007        4472967.9       -948.57948       -509.97879          4593511       -1105.3901 
          0.01372             0.05           0.1393        -637.1896        4472830.3       -1022.0144       -517.69167        4593342.6       -1190.8268 
           0.0147             0.05          0.14925       -643.90173          4472689       -1098.0111          -524.45        4593168.4       -1278.8117 
          0.01568             0.05           0.1592       -651.66327        4472533.8        -1170.992       -532.26064        4592977.9        -1363.766 
          0.01666             0.05          0.16915       -658.42136        4472366.5        -1244.415       -539.07078        4592773.2       -1449.1469 
          0.01764             0.05           0.1791       -663.48435        4472178.4       -1322.9374       -544.18881        4592545.3       -1539.6105 
          0.01862             0.05          0.18905       -671.51216        4471979.2       -1398.9214       -552.27471        4592304.2       -1627.5182 
           0.0196             0.05            0.199       -686.69108        4471775.2       -1476.6838        -567.5148        4592055.9       -1717.1857 
          0.02058             0.05          0.20895       -695.01981        4471560.2       -1552.4168       -575.90784        4591794.5       -1804.8042 
          0.02156             0.05           0.2189       -693.62612        4471336.7       -1624.2268       -574.58164        4591522.4       -1888.4793 
          0.02254             0.05          0.22885       -700.03354        4471101.2       -1698.9009       -581.05978          4591236       -1974.9969 
          0.02352             0.05           0.2388       -704.77938          4470849       -1771.7187       -585.87962        4590930.7       -2059.6357 
           0.0245             0.05          0.24875       -706.01771        4470581.8       -1843.5282       -587.19525        4590608.2       -2143.2429 
          0.02548             0.05           0.2587       -711.25225          4470323       -1921.2333       -592.51046        4590291.8       -2232.7212 
          0.02646             0.05          0.26865       -727.66397        4470039.6       -1996.3939       -609.00625        4589948.7       -2319.6297 
          0.02744             0.05           0.2786        -734.2476        4469765.4       -2061.1086       -615.67739        4589612.7       -2396.0661 
          0.02842             0.05          0.28855        -738.5683        4469464.4       -2117.3539       -620.08908        4589247.5       -2464.0058 
           0.0294             0.05           0.2985       -742.78509        4469165.5       -2174.8738       -624.40041        4588882.4        -2533.192 
          0.03038             0.05          0.30845       -755.39531        4468856.7       -2230.6972       -637.10873        4588505.1       -2600.6527 
          0.03136             0.05           0.3184       -756.08623        4468522.7       -2248.2774       -637.90136        4588100.4       -2629.8401 
          0.03234             0.05          0.32835        -766.6296        4468194.2       -2279.9433       -648.55008        4587699.1       -2673.0823 
          0.03332             0.05           0.3383       -757.10181        4467823.9       -2292.4627       -639.13134        4587253.8       -2697.1461 
           0.0343             0.05          0.34825       -752.79893        4467435.7       -2283.2286       -634.94123        4586788.5       -2699.4236 
          0.03528             0.05           0.3582       -752.99201        4467045.6        -2215.871       -635.25085        4586319.1       -2643.5441 
          0.03626             0.05          0.36815       -747.28423        4466658.1       -2061.9179        -629.6634        4585850.2       -2501.0345 
          0.03724             0.05           0.3781       -757.91861        4466256.6       -1882.4527       -640.42196        4585365.1       -2332.9773 
          0.03822             0.05          0.38805       -737.48804        4465817.2       -1611.9305       -620.11944          4584840       -2073.8269 
           0.0392             0.05            0.398       -710.45683        4465356.8       -1200.1633       -593.22018        4584291.7       -1673.3941 
          0.04018             0.05          0.40795       -686.85479        4464906.1       -563.27431       -569.75404        4583751.1       -1047.8015 
          0.04116             0.05           0.4179       -1094.2166        4464415.1        356.06686       -977.25577        4583168.1       -139.71781 
          0.04214             0.05          0.42785       -800.12354        4466396.7        2905.0596       -683.30655        4585055.5        2398.0573 
          0.04312             0.05           0.4378        297.47597        4463475.4        10126.113        414.14504          4582038        9607.9339 
           0.0441             0.05          0.44775        620.16241          4462820        12504.062        736.67948        4581284.3        11974.748 
          0.04508             0.05           0.4577        1086.4377        4461739.1        15797.208        1202.7986          4580103          15256.8 
          0.04606             0.05          0.46765        1592.9935        4459920.6        20098.501        1709.1943        4578182.1        19547.043 
          0.04704             0.05           0.4776        2301.0643        4456851.6         25666.47        2417.1006        4575008.5        25104.006 
          0.04802             0.05          0.48755        3068.9407        4451969.1        32420.894        3184.8085        4570019.5        31847.469 
            0.049             0.05           0.4975         3932.099        4444786.4        39769.259         4047.794        4562728.1        39184.918 
          0.04998             0.05          0.50745       -15127.799        4435299.4       -146979.22       -15012.282        4553130.5       -147574.43 
          0.05096             0.05           0.5174       -13855.442        4423376.5       -136912.26       -13740.106        4541094.9        -137518.3 
          0.05194             0.05          0.52735       -13141.019        4409998.1       -128432.03       -13025.868        4527601.9       -129048.83 
          0.05292             0.05           0.5373       -12498.812        4395646.5       -121430.91       -12383.851        4513133.6       -122058.44 
           0.0539             0.05          0.54725       -12063.359        4380784.1       -115804.63       -11948.592        4498152.5       -116442.83 
          0.05488             0.05           0.5572       -11689.245          4365778       -111325.98       -11574.676        4483025.8       -111974.81 
          0.05586             0.05          0.56715       -11392.916        4350714.1       -107692.64       -11278.551        4467839.3       -108352.05 
          0.05684             0.05           0.5771       -11155.266        4335744.6       -104691.16       -11041.108        4452745.1       -105361.09 
          0.05782             0.05          0.58705       -10973.973        4320903.7       -102223.55       -10860.027        4437777.7       -102903.95 
           0.0588             0.05            0.597       -10823.902        4306221.2       -100135.34       -10710.172        4422966.7       -100826.16 
          0.05978             0.05          0.60695       -10688.208        4291677.8       -98341.244       -10574.699        4408292.9       -99042.427 
          0.06076             0.05           0.6169       -10571.466        4277301.4       -96774.943       -10458.182        4393784.1       -97486.434 
          0.06174             0.05          0.62685       -10468.184        4263065.2       -95377.025       -10355.129        4379413.7       -96098.769 
          0.06272             0.05           0.6368       -10379.186        4248968.2       -94135.815       -10266.366        4365180.5       -94867.758 
           0.0637             0.05          0.64675       -10299.896        4235001.5       -93009.494       -10187.315        4351075.7       -93751.578 
          0.06468             0.05           0.6567       -10229.253          4221177       -91980.111       -10116.915        4337111.4       -92732.278 
          0.06566             0.05          0.66665       -10160.896          4207454       -91027.834       -10048.805        4323246.6       -91790.027 
          0.06664             0.05           0.6766       -10100.045          4193855       -90154.917       -9988.2066        4309503.9       -90927.077 
          0.06762             0.05          0.68655       -10043.771        4180365.5       -89337.502       -9932.1891        4295868.9        -90119.57 
           0.0686             0.05           0.6965       -9991.3881        4166965.4       -88576.918        -9880.068        4282321.5       -89368.834 
          0.06958             0.05          0.70645       -9941.9491        4153668.1       -87866.221        -9830.895        4268875.1       -88667.925 
          0.07056             0.05           0.7164        -9896.263        4140458.5       -87200.056       -9785.4795        4255514.4       -88011.486 
          0.07154             0.05          0.72635       -9853.7724        4127326.4       -86573.881        -9743.264        4242229.6       -87394.976 
          0.07252             0.05           0.7363       -9813.5296        4114263.9       -85982.626        -9703.301        4229012.6       -86813.324 
           0.0735             0.05          0.74625       -9775.5957        4101273.3       -85430.842       -9665.6515        4215865.6        -86271.08 
          0.07448             0.05           0.7562       -9739.6117        4088348.3       -84911.252       -9629.9564        4202782.6       -85760.966 
          0.07546             0.05          0.76615       -9706.5177        4075486.9       -84426.773        -9597.156        4189761.4         -85285.9 
          0.07644             0.05           0.7761       -9675.0238          4062674       -83968.363       -9565.9603        4176786.9       -84836.838 
          0.07742             0.05          0.78605       -9645.7631        4049912.4       -83538.283       -9537.0023          4163862       -84416.042 
           0.0784             0.05            0.796       -9617.4667        4037194.8       -83135.795       -9509.0134        4150979.4       -84022.772 
          0.07938             0.05          0.80595       -9591.6139          4024523         -82758.1       -9483.4725          4138141       -83654.229 
          0.08036             0.05           0.8159       -9567.4869        4011890.2       -82403.472       -9459.6621        4125339.8       -83308.686 
          0.08134             0.05          0.82585       -9545.0203        3999293.1       -82070.538       -9437.5167        4112572.6        -82984.77 
          0.08232             0.05           0.8358       -9524.0817        3986729.1       -81759.506       -9416.9039          4099837       -82682.689 
           0.0833             0.05          0.84575       -9504.1133        3974194.4       -81468.471       -9397.2658        4087128.9       -82400.537 
          0.08428             0.05           0.8557       -9485.8224        3961686.1       -81195.388       -9379.3099        4074445.7       -82136.269 
          0.08526             0.05          0.86565       -9468.2856        3949201.7       -80939.854       -9362.1126        4061784.6        -81889.48 
          0.08624             0.05           0.8756       -9452.3576        3936738.7       -80701.707       -9346.5287        4049143.5        -81660.01 
          0.08722             0.05          0.88555        -9437.964        3924294.5       -80480.017       -9332.4837        4036519.5       -81446.926 
           0.0882             0.05           0.8955       -9424.3238        3911868.1       -80272.933       -9319.1967        4023911.7        -81248.38 
          0.08918             0.05          0.90545       -9411.7655        3899456.3       -80080.436       -9306.9961          4011317       -81064.348 
          0.09016             0.05           0.9154       -9400.6087        3887056.5       -79899.833       -9296.2016        3998732.8       -80892.141 
          0.09114             0.05          0.92535       -9389.6557        3874667.5       -79732.285       -9285.6154        3986157.7       -80732.917 
          0.09212             0.05           0.9353       -9379.6826        3862288.4       -79576.817       -9276.0135        3973591.1       -80585.701 
           0.0931             0.05          0.94525       -9370.5543        3849916.6       -79432.626        -9267.261        3961030.3       -80449.691 
          0.09408             0.05           0.9552       -9362.2463        3837551.5       -79298.162       -9259.3332        3948474.7       -80323.336 
          0.09506             0.05          0.96515        -9354.353        3825191.3       -79173.821       -9251.8246        3935922.4        -80207.03 
          0.09604             0.05           0.9751       -9347.3715        3812834.8       -79057.653       -9245.2321        3923372.5       -80098.825 
          0.09702             0.05          0.98505       -9340.7707        3800480.6       -78950.419       -9239.0248        3910823.4        -79999.48 
            0.098             0.05            0.995       -9334.7433          3788128       -78850.733       -9233.3953        3898274.5        -79907.61 


