%          X (in)           Y (in)           Z (in)         RealPolX         RealPolY         RealPolZ
      0.091448588              4.9        0.4597431       -1591031.7        -32547912       -2318304.6 
      0.091448588              4.7        0.4597431       -2582682.4        -53756778       -1531576.9 
      0.091448588              4.5        0.4597431       -4908217.1        -69850979       -658990.47 
      0.091448588              4.3        0.4597431        -10927371        -89914774        1028387.7 
      0.091448588              4.1        0.4597431        -57899841   -1.6001544e+08         11221511 
      0.091448588              3.9        0.4597431    1.4517574e+08        -41768997        -28043933 
      0.091448588              3.7        0.4597431    1.3718706e+08     2.949112e+08        -29608690 
      0.091448588              3.5        0.4597431    1.7904429e+08    6.7038026e+08        -35860239 
      0.091448588              3.3        0.4597431    2.7716097e+08    1.2411414e+09        -44761545 
      0.091448588              3.1        0.4597431    5.6413347e+08    2.3602034e+09        -73473484 
      0.091448588              2.9        0.4597431   -3.7733755e+08     3.260758e+09    2.5507504e+08 
      0.091448588              2.7        0.4597431        -84325459    3.3986719e+09        9303233.7 
      0.091448588              2.5        0.4597431         16351788    3.3092601e+09        7177794.9 
      0.091448588              2.3        0.4597431   -4.9481995e+08    2.7924385e+09    1.0325182e+08 
      0.091448588              2.1        0.4597431        -90373921    2.1499447e+09         22403586 
      0.091448588              1.9        0.4597431        -23360705    2.0377894e+09        8666160.7 
      0.091448588              1.7        0.4597431       -6727278.3     2.021865e+09        5382412.7 
      0.091448588              1.5        0.4597431         -1696207    2.0310204e+09        3759451.2 
      0.091448588              1.3        0.4597431       -292448.25    2.0412059e+09        1645548.4 
      0.091448588              1.1        0.4597431        107550.29    2.0458499e+09        561922.19 
      0.091448588              0.9        0.4597431        188421.74    2.0476521e+09        162763.85 
      0.091448588              0.7        0.4597431        161375.27    2.0483179e+09        13089.159 
      0.091448588              0.5        0.4597431        109333.14    2.0484835e+09       -36199.859 
      0.091448588              0.3        0.4597431        61448.721    2.0484369e+09       -41663.261 
      0.091448588              0.1        0.4597431        25571.097    2.0483226e+09       -28782.247 
      0.091448588             -0.1        0.4597431        2070.9905    2.0482008e+09       -12005.563 
      0.091448588             -0.3        0.4597431        -10562.87    2.0480637e+09       -2922.8869 
      0.091448588             -0.5        0.4597431       -13518.473    2.0478272e+09       -15529.315 
      0.091448588             -0.7        0.4597431       -6873.5787     2.047294e+09       -73357.413 
      0.091448588             -0.9        0.4597431        9844.4556    2.0460475e+09       -226391.94 
      0.091448588             -1.1        0.4597431        32045.205    2.0431382e+09       -604093.78 
      0.091448588             -1.3        0.4597431        23476.067    2.0360931e+09       -1585945.7 
      0.091448588             -1.5        0.4597431       -42479.405    2.0202418e+09       -3372548.8 
      0.091448588             -1.7        0.4597431        295476.02    1.9966066e+09       -4044507.2 
      0.091448588             -1.9        0.4597431        915474.42    1.9715844e+09       -4143887.1 
      0.091448588             -2.1        0.4597431          1068782     1.944334e+09       -4624022.9 
      0.091448588             -2.3        0.4597431       -893972.65    1.9082954e+09       -4402699.8 
      0.091448588             -2.5        0.4597431        -11482207    1.7835462e+09        -36203678 
      0.091448588             -2.7        0.4597431        -59914992    1.4060762e+09        -40353183 
      0.091448588             -2.9        0.4597431        -10140909    1.1729582e+09       -2052440.2 
      0.091448588             -3.1        0.4597431        -55721117    1.0315261e+09        984758.43 
      0.091448588             -3.3        0.4597431        -75317466    7.9122553e+08          5130895 
      0.091448588             -3.5        0.4597431        -72633740    5.3343779e+08        6986167.8 
      0.091448588             -3.7        0.4597431        -76065954    2.8438804e+08        9566343.9 
      0.091448588             -3.9        0.4597431    -1.081201e+08          3765525         15589410 
      0.091448588             -4.1        0.4597431         46120429   -1.1404453e+08       -8880119.9 
      0.091448588             -4.3        0.4597431        7737688.5        -69585858       -420844.57 
      0.091448588             -4.5        0.4597431        3988136.2        -59947442        801308.69 
      0.091448588             -4.7        0.4597431        2732229.6        -49062929        1450142.1 
      0.091448588             -4.9        0.4597431        2131799.3        -30822071        2143797.7 
       0.26042355              4.9       0.38975138       -1444701.2        -31713680       -1915043.5 
       0.26042355              4.7       0.38975138       -3119043.6        -51349973       -56395.995 
       0.26042355              4.5       0.38975138         -7243633        -63927968        3258028.3 
       0.26042355              4.3       0.38975138        -17270049        -74276310         10624412 
       0.26042355              4.1       0.38975138        -27751688        5623875.1         18751664 
       0.26042355              3.9       0.38975138    2.1274198e+08    1.3175109e+08   -1.0453979e+08 
       0.26042355              3.7       0.38975138    2.5287379e+08    2.8025123e+08   -1.3137891e+08 
       0.26042355              3.5       0.38975138    3.0469724e+08    4.7267625e+08   -1.6489852e+08 
       0.26042355              3.3       0.38975138    4.0403539e+08    5.4378108e+08   -2.3398233e+08 
       0.26042355              3.1       0.38975138    6.1865014e+08         94888518   -3.9955041e+08 
       0.26042355              2.9       0.38975138   -2.1358936e+08        -82570252         52058749 
       0.26042355              2.7       0.38975138        -68809656    4.2053463e+08    1.5090732e+08 
       0.26042355              2.5       0.38975138        -13957906    9.2084451e+08         74729504 
       0.26042355              2.3       0.38975138   -5.1694491e+08    1.4428954e+09    3.5084336e+08 
       0.26042355              2.1       0.38975138    -1.359242e+08    1.9347784e+09         96200563 
       0.26042355              1.9       0.38975138        -43669620    1.9867677e+09         33987297 
       0.26042355              1.7       0.38975138        -14557946    2.0062305e+09         14545756 
       0.26042355              1.5       0.38975138       -4301374.7    2.0254488e+09        6958210.5 
       0.26042355              1.3       0.38975138       -1231441.7    2.0391259e+09        2748598.2 
       0.26042355              1.1       0.38975138       -206683.33    2.0451098e+09        874877.49 
       0.26042355              0.9       0.38975138        129476.83    2.0474301e+09        188830.72 
       0.26042355              0.7       0.38975138        189207.04    2.0482882e+09         -44071.3 
       0.26042355              0.5       0.38975138        152113.54    2.0485181e+09       -99148.631 
       0.26042355              0.3       0.38975138        89611.378    2.0484872e+09       -83893.091 
       0.26042355              0.1       0.38975138        26053.002    2.0483714e+09       -42982.125 
       0.26042355             -0.1       0.38975138        -33308.88    2.0482425e+09        2843.2017 
       0.26042355             -0.3       0.38975138       -90594.008    2.0480959e+09        40683.282 
       0.26042355             -0.5       0.38975138       -150918.89    2.0478465e+09        56904.585 
       0.26042355             -0.7       0.38975138       -221878.69    2.0472925e+09        28644.037 
       0.26042355             -0.9       0.38975138       -317909.93    2.0460083e+09       -93114.568 
       0.26042355             -1.1       0.38975138       -481145.88    2.0430288e+09       -432620.44 
       0.26042355             -1.3       0.38975138       -863189.89    2.0358618e+09       -1339285.2 
       0.26042355             -1.5       0.38975138       -1577711.3    2.0198504e+09       -2972815.3 
       0.26042355             -1.7       0.38975138       -1416840.6    1.9960176e+09       -3785350.8 
       0.26042355             -1.9       0.38975138       -655868.29    1.9709409e+09       -4265569.7 
       0.26042355             -2.1       0.38975138       -179593.99    1.9458616e+09       -5119836.5 
       0.26042355             -2.3       0.38975138       -5448720.6    1.9170275e+09       -1810134.3 
       0.26042355             -2.5       0.38975138        -47148503    1.7932564e+09        -13958720 
       0.26042355             -2.7       0.38975138   -1.4155057e+08    1.4608291e+09         32620137 
       0.26042355             -2.9       0.38975138        -40032260    1.2112846e+09        140914.87 
       0.26042355             -3.1       0.38975138   -1.1146732e+08    1.0151618e+09         33387240 
       0.26042355             -3.3       0.38975138   -1.5086592e+08    7.8191334e+08         56515389 
       0.26042355             -3.5       0.38975138   -1.5606785e+08    5.3344933e+08         63245881 
       0.26042355             -3.7       0.38975138   -1.5930745e+08    2.9310512e+08         68044402 
       0.26042355             -3.9       0.38975138   -1.5546281e+08    1.3711184e+08         65995449 
       0.26042355             -4.1       0.38975138        8946834.7         17544954       -6169718.3 
       0.26042355             -4.3       0.38975138        5458111.6        -60600296       -2754028.9 
       0.26042355             -4.5       0.38975138          2430571        -57575715       -81427.799 
       0.26042355             -4.7       0.38975138        1400780.6        -48142520        1151228.7 
       0.26042355             -4.9       0.38975138        840720.29        -30385767        2247065.4 
       0.38975138              4.9       0.26042355       -1577422.5        -30578087       -1448742.9 
       0.38975138              4.7       0.26042355       -2368482.8        -48081729        931166.12 
       0.38975138              4.5       0.26042355         -4929609        -55422831        5734434.6 
       0.38975138              4.3       0.26042355        -12218749        -57821386         17760185 
       0.38975138              4.1       0.26042355        -26001610   -1.5665639e+08         40021240 
       0.38975138              3.9       0.26042355    1.7055227e+08        -56958669   -1.8696407e+08 
       0.38975138              3.7       0.26042355    1.8598968e+08    2.4639247e+08   -2.1072717e+08 
       0.38975138              3.5       0.26042355    1.9206501e+08    4.3140234e+08   -2.1765113e+08 
       0.38975138              3.3       0.26042355     1.808041e+08    5.2057955e+08    -2.049114e+08 
       0.38975138              3.1       0.26042355         33600674    2.8420957e+08        -19832067 
       0.38975138              2.9       0.26042355    1.5439268e+08        -72727910   -3.7250314e+08 
       0.38975138              2.7       0.26042355    1.4375145e+08    1.9646387e+08        -44392620 
       0.38975138              2.5       0.26042355         -4833417    9.2565524e+08    1.1270189e+08 
       0.38975138              2.3       0.26042355         33406904    1.4102302e+09        -41505272 
       0.38975138              2.1       0.26042355        -38413604    1.8248743e+09         65780322 
       0.38975138              1.9       0.26042355        -20559353    1.9405369e+09         38096325 
       0.38975138              1.7       0.26042355       -7126649.9    1.9873603e+09         17978046 
       0.38975138              1.5       0.26042355         -1304801    2.0177702e+09        8169694.8 
       0.38975138              1.3       0.26042355       -120608.67    2.0360518e+09        3182362.2 
       0.38975138              1.1       0.26042355        134034.26    2.0439442e+09        1012050.2 
       0.38975138              0.9       0.26042355        197927.22    2.0470373e+09        204665.37 
       0.38975138              0.7       0.26042355        170200.94    2.0481983e+09       -65050.697 
       0.38975138              0.5       0.26042355        114709.75    2.0485404e+09       -122612.26 
       0.38975138              0.3       0.26042355        58511.349    2.0485465e+09       -97759.892 
       0.38975138              0.1       0.26042355        8202.1682    2.0484395e+09       -43315.045 
       0.38975138             -0.1       0.26042355       -38794.031    2.0483094e+09        18169.626 
       0.38975138             -0.3       0.26042355       -89344.389    2.0481576e+09        74893.212 
       0.38975138             -0.5       0.26042355       -153741.45    2.0478989e+09        116138.05 
       0.38975138             -0.7       0.26042355       -248409.02    2.0473271e+09           124290 
       0.38975138             -0.9       0.26042355       -406248.02    2.0460057e+09        61163.468 
       0.38975138             -1.1       0.26042355       -713901.59    2.0429506e+09       -168661.71 
       0.38975138             -1.3       0.26042355       -1440972.9    2.0356444e+09       -824208.56 
       0.38975138             -1.5       0.26042355       -2747547.7    2.0194462e+09       -2002131.8 
       0.38975138             -1.7       0.26042355       -2929768.5    1.9953175e+09       -2766349.9 
       0.38975138             -1.9       0.26042355       -2302289.4    1.9695755e+09       -3663281.4 
       0.38975138             -2.1       0.26042355       -957101.56    1.9432277e+09       -6492053.2 
       0.38975138             -2.3       0.26042355        5729191.7    1.9346535e+09        -16836818 
       0.38975138             -2.5       0.26042355        -52205556    1.8590946e+09        9767788.1 
       0.38975138             -2.7       0.26042355   -1.3122042e+08    1.5721959e+09     1.035375e+08 
       0.38975138             -2.9       0.26042355        -49492762    1.3348624e+09         23145540 
       0.38975138             -3.1       0.26042355   -1.0183584e+08    1.1017483e+09         74267678 
       0.38975138             -3.3       0.26042355   -1.2885539e+08    8.0732091e+08    1.0853484e+08 
       0.38975138             -3.5       0.26042355   -1.3104594e+08      5.29037e+08    1.1766895e+08 
       0.38975138             -3.7       0.26042355   -1.2837609e+08    2.8346109e+08    1.1878061e+08 
       0.38975138             -3.9       0.26042355   -1.1974081e+08         -9868675    1.0660265e+08 
       0.38975138             -4.1       0.26042355       -532617.92   -1.2339278e+08       -295591.15 
       0.38975138             -4.3       0.26042355        1835013.5        -58808738       -2241858.5 
       0.38975138             -4.5       0.26042355        1093908.2        -55510120       -39747.675 
       0.38975138             -4.7       0.26042355        922712.34        -47325377        1165802.4 
       0.38975138             -4.9       0.26042355        939572.98        -29890842        2309183.7 
        0.4597431              4.9      0.091448588       -1841092.7        -29781254       -561400.68 
        0.4597431              4.7      0.091448588       -1357031.3        -45761626        570338.81 
        0.4597431              4.5      0.091448588       -1242611.2        -49020661        2970464.2 
        0.4597431              4.3      0.091448588       -2051575.8        -36713805         10332477 
        0.4597431              4.1      0.091448588        -12589914         53816883         68310097 
        0.4597431              3.9      0.091448588    1.0624308e+08     1.867497e+08   -1.5334413e+08 
        0.4597431              3.7      0.091448588      1.06484e+08    3.3604912e+08   -1.2794869e+08 
        0.4597431              3.5      0.091448588    1.1050844e+08    5.5773672e+08   -1.1859152e+08 
        0.4597431              3.3      0.091448588    1.0978187e+08    8.6371136e+08        -84291856 
        0.4597431              3.1      0.091448588         68867793    1.4418488e+09    1.1226541e+08 
        0.4597431              2.9      0.091448588    1.6002934e+08    1.8183589e+09   -2.9337575e+08 
        0.4597431              2.7      0.091448588         78837491    1.8389148e+09   -1.2604075e+08 
        0.4597431              2.5      0.091448588         30959726     2.039864e+09         54464998 
        0.4597431              2.3      0.091448588         37606979    2.0208295e+09   -1.6358266e+08 
        0.4597431              2.1      0.091448588        3497868.4    1.8766171e+09        6323011.1 
        0.4597431              1.9      0.091448588        1269717.7    1.9266385e+09         14717528 
        0.4597431              1.7      0.091448588        2582562.8    1.9765844e+09        8035963.6 
        0.4597431              1.5      0.091448588        2826282.5    2.0126506e+09        3708044.4 
        0.4597431              1.3      0.091448588        1460945.8    2.0338896e+09        1452673.9 
        0.4597431              1.1      0.091448588         640158.9     2.043102e+09        464567.41 
        0.4597431              0.9      0.091448588        302063.24    2.0467446e+09        93274.443 
        0.4597431              0.7      0.091448588        141168.37    2.0481253e+09       -30707.811 
        0.4597431              0.5      0.091448588        57956.696    2.0485508e+09       -56612.124 
        0.4597431              0.3      0.091448588        13900.751    2.0485861e+09       -44487.499 
        0.4597431              0.1      0.091448588        -10675.16    2.0484874e+09       -18677.076 
        0.4597431             -0.1      0.091448588       -28978.899    2.0483582e+09        10690.989 
        0.4597431             -0.3      0.091448588       -52808.544    2.0482042e+09        38664.803 
        0.4597431             -0.5      0.091448588       -96390.915    2.0479408e+09        61089.809 
        0.4597431             -0.7      0.091448588       -182457.63    2.0473586e+09        71235.459 
        0.4597431             -0.9      0.091448588       -357472.43    2.0460142e+09        54410.926 
        0.4597431             -1.1      0.091448588       -740451.99    2.0429103e+09        -25889.91 
        0.4597431             -1.3      0.091448588       -1682246.6     2.035511e+09       -267200.02 
        0.4597431             -1.5      0.091448588       -3359934.3    2.0191813e+09       -701488.53 
        0.4597431             -1.7      0.091448588       -3874054.1    1.9947884e+09       -1031163.3 
        0.4597431             -1.9      0.091448588       -3746560.5    1.9680926e+09       -1551916.5 
        0.4597431             -2.1      0.091448588       -3799456.7    1.9369157e+09       -3637120.5 
        0.4597431             -2.3      0.091448588       -869589.09    1.8817445e+09        -19200822 
        0.4597431             -2.5      0.091448588        -42577021    1.7626012e+09        6235955.5 
        0.4597431             -2.7      0.091448588        -71325533    1.5510658e+09         70529557 
        0.4597431             -2.9      0.091448588        -51798421    1.3518485e+09         19243105 
        0.4597431             -3.1      0.091448588        -80639767    1.0915443e+09         55761752 
        0.4597431             -3.3      0.091448588        -90264746    8.1079024e+08         73610168 
        0.4597431             -3.5      0.091448588        -86102794    5.4544557e+08         73436419 
        0.4597431             -3.7      0.091448588        -81419904    3.0476796e+08         71877106 
        0.4597431             -3.9      0.091448588        -83437610    1.0372101e+08         91885628 
        0.4597431             -4.1      0.091448588        4979612.4        -19092700        -29883589 
        0.4597431             -4.3      0.091448588        226249.04        -55470214       -1218979.4 
        0.4597431             -4.5      0.091448588        614110.68        -54500374         78946.42 
        0.4597431             -4.7      0.091448588          1100621        -46890540        552482.08 
        0.4597431             -4.9      0.091448588        1696286.9        -29574102        1046205.5 
     -0.091448588             -4.9        0.4597431        3590033.1        -31012525        3271414.4 
     -0.091448588             -4.7        0.4597431        3812714.1        -49737630        2741456.4 
     -0.091448588             -4.5        0.4597431        4567208.9        -61256942        2491506.8 
     -0.091448588             -4.3        0.4597431        4417232.1        -71800715        1983569.9 
     -0.091448588             -4.1        0.4597431        -27755407   -1.2330916e+08         -5249815 
     -0.091448588             -3.9        0.4597431    1.4982339e+08       -4538195.9         23253128 
     -0.091448588             -3.7        0.4597431    1.1995127e+08    2.8424124e+08         17737939 
     -0.091448588             -3.5        0.4597431    1.1538207e+08    5.3456421e+08         14911645 
     -0.091448588             -3.3        0.4597431    1.1440789e+08     7.938957e+08         12331678 
     -0.091448588             -3.1        0.4597431         87893538     1.036172e+09        6878269.8 
     -0.091448588             -2.9        0.4597431         33306064    1.1796925e+09        2146375.5 
     -0.091448588             -2.7        0.4597431         87491551    1.4120334e+09        -34912285 
     -0.091448588             -2.5        0.4597431         26091157    1.7867998e+09        -33328951 
     -0.091448588             -2.3        0.4597431        8278096.9    1.9102139e+09       -2938911.8 
     -0.091448588             -2.1        0.4597431        3821011.2    1.9453057e+09       -3655715.7 
     -0.091448588             -1.9        0.4597431        2316090.8    1.9722238e+09       -3504729.3 
     -0.091448588             -1.7        0.4597431        1857540.4     1.997024e+09       -3619613.4 
     -0.091448588             -1.5        0.4597431        1485520.9    2.0205183e+09       -3088550.8 
     -0.091448588             -1.3        0.4597431        947056.05    2.0362793e+09       -1395249.5 
     -0.091448588             -1.1        0.4597431        616677.09    2.0432655e+09       -476694.72 
     -0.091448588             -0.9        0.4597431        417165.04    2.0461357e+09       -142408.93 
     -0.091448588             -0.7        0.4597431        279303.07    2.0473556e+09       -19466.941 
     -0.091448588             -0.5        0.4597431         178273.2    2.0478696e+09        17562.653 
     -0.091448588             -0.3        0.4597431        102809.52    2.0480909e+09        16326.676 
     -0.091448588             -0.1        0.4597431        47240.266    2.0482144e+09       -755.60024 
     -0.091448588              0.1        0.4597431        9846.2758    2.0483215e+09        -19794.06 
     -0.091448588              0.3        0.4597431       -6434.2961    2.0484177e+09       -28312.916 
     -0.091448588              0.5        0.4597431        9084.3769    2.0484396e+09       -9810.9462 
     -0.091448588              0.7        0.4597431        82456.938     2.048238e+09        64813.471 
     -0.091448588              0.9        0.4597431        272520.46    2.0475183e+09        258019.75 
     -0.091448588              1.1        0.4597431        709340.08    2.0456339e+09        728266.52 
     -0.091448588              1.3        0.4597431        1678638.6    2.0408621e+09          1925318 
     -0.091448588              1.5        0.4597431        3983904.2    2.0304727e+09        4218662.2 
     -0.091448588              1.7        0.4597431         10458273    2.0209721e+09        6129059.8 
     -0.091448588              1.9        0.4597431         29477344    2.0362467e+09        9888218.7 
     -0.091448588              2.1        0.4597431    1.0072674e+08    2.1469849e+09         24470916 
     -0.091448588              2.3        0.4597431    5.1384541e+08    2.7886152e+09    1.0704619e+08 
     -0.091448588              2.5        0.4597431        -15038371     3.303754e+09        7732084.3 
     -0.091448588              2.7        0.4597431         78447161    3.3817083e+09        8701858.7 
     -0.091448588              2.9        0.4597431    3.5147762e+08    3.2512914e+09    2.4938376e+08 
     -0.091448588              3.1        0.4597431   -5.9594882e+08    2.3640903e+09        -79699220 
     -0.091448588              3.3        0.4597431   -3.0957487e+08    1.2419765e+09        -51133151 
     -0.091448588              3.5        0.4597431   -2.1109729e+08    6.7042022e+08        -42157584 
     -0.091448588              3.7        0.4597431   -1.6820737e+08    2.9435933e+08        -35702996 
     -0.091448588              3.9        0.4597431   -1.7371368e+08        -48084637        -33548958 
     -0.091448588              4.1        0.4597431         48056328   -1.6663103e+08        9277232.1 
     -0.091448588              4.3        0.4597431        4442910.8        -91081004       -253134.52 
     -0.091448588              4.5        0.4597431        293174.39        -70529141       -1569577.3 
     -0.091448588              4.7        0.4597431        -993322.5        -54103842       -2235936.3 
     -0.091448588              4.9        0.4597431       -1578029.4        -32641590       -2941493.8 
      -0.26042355             -4.9       0.38975138        3284966.4        -30924629        4967372.8 
      -0.26042355             -4.7       0.38975138        3304151.6        -50049641          4258305 
      -0.26042355             -4.5       0.38975138        3679073.6        -61257236        3960548.6 
      -0.26042355             -4.3       0.38975138        3093485.6        -66965354        2913312.9 
      -0.26042355             -4.1       0.38975138        3399602.6         11976699        2002728.1 
      -0.26042355             -3.9       0.38975138    1.8788544e+08    1.3236496e+08         84590800 
      -0.26042355             -3.7       0.38975138    1.9238755e+08    2.8920554e+08         87357810 
      -0.26042355             -3.5       0.38975138    1.8785988e+08    5.3413617e+08         81816474 
      -0.26042355             -3.3       0.38975138    1.7970187e+08    7.8623061e+08         73199983 
      -0.26042355             -3.1       0.38975138    1.3493486e+08    1.0223499e+09         46789073 
      -0.26042355             -2.9       0.38975138         57246213    1.2210319e+09        9926794.9 
      -0.26042355             -2.7       0.38975138    1.6076596e+08    1.4702204e+09         45203757 
      -0.26042355             -2.5       0.38975138         57820953    1.7988533e+09       -6989591.4 
      -0.26042355             -2.3       0.38975138         10794025    1.9208691e+09          1745414 
      -0.26042355             -2.1       0.38975138        3681497.3    1.9486766e+09       -2794603.9 
      -0.26042355             -1.9       0.38975138        2976191.5    1.9727569e+09       -2727496.3 
      -0.26042355             -1.7       0.38975138          2967169    1.9972043e+09         -2760860 
      -0.26042355             -1.5       0.38975138        2619295.1     2.020637e+09       -2287214.6 
      -0.26042355             -1.3       0.38975138        1564817.2    2.0363919e+09       -878607.92 
      -0.26042355             -1.1       0.38975138        950705.61    2.0433913e+09       -124590.99 
      -0.26042355             -0.9       0.38975138        626975.53    2.0462597e+09        110029.62 
      -0.26042355             -0.7       0.38975138        418660.14     2.047468e+09        159018.08 
      -0.26042355             -0.5       0.38975138        269184.78    2.0479673e+09        136945.99 
      -0.26042355             -0.3       0.38975138        155700.22    2.0481735e+09        87197.078 
      -0.26042355             -0.1       0.38975138        66592.411    2.0482811e+09        29947.614 
      -0.26042355              0.1       0.38975138        -3643.759    2.0483682e+09       -21425.388 
      -0.26042355              0.3       0.38975138       -53943.206    2.0484326e+09       -51889.835 
      -0.26042355              0.5       0.38975138       -71664.751     2.048393e+09       -35764.854 
      -0.26042355              0.7       0.38975138       -19432.313    2.0480609e+09        80326.453 
      -0.26042355              0.9       0.38975138        195325.01    2.0470497e+09        417993.66 
      -0.26042355              1.1       0.38975138        785513.78    2.0444961e+09          1274746 
      -0.26042355              1.3       0.38975138        2214806.3    2.0381523e+09        3419363.4 
      -0.26042355              1.5       0.38975138          5916642    2.0239089e+09        8051514.9 
      -0.26042355              1.7       0.38975138         17152120    2.0037606e+09         16294223 
      -0.26042355              1.9       0.38975138         47762354    1.9826414e+09         36739886 
      -0.26042355              2.1       0.38975138    1.4229081e+08    1.9272897e+09    1.0048089e+08 
      -0.26042355              2.3       0.38975138    5.2741351e+08    1.4253644e+09    3.5786747e+08 
      -0.26042355              2.5       0.38975138         13527880    8.9269247e+08         75533649 
      -0.26042355              2.7       0.38975138         59509226     3.849844e+08    1.4674556e+08 
      -0.26042355              2.9       0.38975138    2.0248067e+08   -1.1234317e+08         42135629 
      -0.26042355              3.1       0.38975138   -6.4098743e+08         78257502   -4.1384234e+08 
      -0.26042355              3.3       0.38975138   -4.2723367e+08    5.3630661e+08   -2.4807252e+08 
      -0.26042355              3.5       0.38975138   -3.2801398e+08    4.6819846e+08   -1.7870748e+08 
      -0.26042355              3.7       0.38975138   -2.7569422e+08    2.7609519e+08   -1.4466907e+08 
      -0.26042355              3.9       0.38975138   -2.3447906e+08    1.2991951e+08   -1.1688318e+08 
      -0.26042355              4.1       0.38975138         21548551        3920147.2         14653462 
      -0.26042355              4.3       0.38975138         12700472        -77572183        7599364.8 
      -0.26042355              4.5       0.38975138        3937109.8        -65835468        1073925.9 
      -0.26042355              4.7       0.38975138        539147.03        -52331505       -1756533.3 
      -0.26042355              4.9       0.38975138       -847262.55        -31979272       -3422062.6 
      -0.38975138             -4.9       0.26042355         930262.8        -30689151        5022796.3 
      -0.38975138             -4.7       0.26042355        1196656.3        -50147983        4251777.8 
      -0.38975138             -4.5       0.26042355        1626689.3        -60897417        3936974.9 
      -0.38975138             -4.3       0.26042355        1866521.8        -67766394        3187801.6 
      -0.38975138             -4.1       0.26042355        5678006.6   -1.4271442e+08        7234180.3 
      -0.38975138             -3.9       0.26042355    1.3838571e+08        -27110629    1.2913161e+08 
      -0.38975138             -3.7       0.26042355    1.4666571e+08    2.7956847e+08     1.412328e+08 
      -0.38975138             -3.5       0.26042355    1.4821855e+08     5.309599e+08    1.3855485e+08 
      -0.38975138             -3.3       0.26042355    1.4421321e+08    8.1509368e+08    1.2675203e+08 
      -0.38975138             -3.1       0.26042355    1.1400242e+08    1.1155983e+09         88177090 
      -0.38975138             -2.9       0.26042355         58105712    1.3529772e+09         32864880 
      -0.38975138             -2.7       0.26042355    1.4065122e+08    1.5897226e+09    1.1723519e+08 
      -0.38975138             -2.5       0.26042355         57003930    1.8709426e+09         16658024 
      -0.38975138             -2.3       0.26042355       -3432372.6    1.9417163e+09        -13436633 
      -0.38975138             -2.1       0.26042355        2505530.8    1.9473804e+09       -4207805.3 
      -0.38975138             -1.9       0.26042355        3342516.5    1.9722775e+09       -2134326.8 
      -0.38975138             -1.7       0.26042355        3630038.3     1.997089e+09       -1744160.9 
      -0.38975138             -1.5       0.26042355        3221335.4    2.0206218e+09       -1316751.3 
      -0.38975138             -1.3       0.26042355        1761686.3     2.036437e+09       -363183.77 
      -0.38975138             -1.1       0.26042355        929163.11    2.0434931e+09        139996.94 
      -0.38975138             -0.9       0.26042355        547738.08    2.0463822e+09        264854.31 
      -0.38975138             -0.7       0.26042355        337671.58    2.0475899e+09         255046.3 
      -0.38975138             -0.5       0.26042355        205965.38    2.0480799e+09        196392.71 
      -0.38975138             -0.3       0.26042355        115987.24    2.0482739e+09        121465.61 
      -0.38975138             -0.1       0.26042355        49520.353    2.0483673e+09        45194.148 
      -0.38975138              0.1       0.26042355        -3909.419    2.0484349e+09       -21965.872 
      -0.38975138              0.3       0.26042355       -49761.593     2.048465e+09       -66093.974 
      -0.38975138              0.5       0.26042355       -87337.957    2.0483534e+09       -59727.828 
      -0.38975138              0.7       0.26042355       -104278.64    2.0478586e+09        58574.746 
      -0.38975138              0.9       0.26042355       -64214.962    2.0464692e+09        432445.54 
      -0.38975138              1.1       0.26042355        111168.48    2.0430294e+09        1408886.2 
      -0.38975138              1.3       0.26042355        542629.84    2.0346069e+09        3845082.7 
      -0.38975138              1.5       0.26042355          1997362    2.0155094e+09        9237722.4 
      -0.38975138              1.7       0.26042355          8215076    1.9838254e+09         19640665 
      -0.38975138              1.9       0.26042355         22165455    1.9349603e+09         40539596 
      -0.38975138              2.1       0.26042355         40454923    1.8157935e+09         68892097 
      -0.38975138              2.3       0.26042355        -32325336    1.3947032e+09        -39820000 
      -0.38975138              2.5       0.26042355        3632679.9    9.0329256e+08     1.126996e+08 
      -0.38975138              2.7       0.26042355   -1.4977398e+08    1.6412931e+08        -50123974 
      -0.38975138              2.9       0.26042355   -1.5978465e+08        -99078831   -3.8428145e+08 
      -0.38975138              3.1       0.26042355        -41082088    2.7206751e+08        -29905773 
      -0.38975138              3.3       0.26042355   -1.9103826e+08    5.1478267e+08   -2.1785242e+08 
      -0.38975138              3.5       0.26042355   -2.0301789e+08    4.2715443e+08   -2.3107631e+08 
      -0.38975138              3.7       0.26042355   -1.9704857e+08    2.4165224e+08    -2.240166e+08 
      -0.38975138              3.9       0.26042355   -1.8091713e+08        -67092157   -1.9881843e+08 
      -0.38975138              4.1       0.26042355         23028813   -1.6700945e+08         35663994 
      -0.38975138              4.3       0.26042355         10228582        -62486330         14845424 
      -0.38975138              4.5       0.26042355        3437118.4        -58213188        3558255.9 
      -0.38975138              4.7       0.26042355        1191946.5        -49539908       -775561.84 
      -0.38975138              4.9       0.26042355         528284.8        -30974089       -2963200.6 
       -0.4597431             -4.9      0.091448588       -1417185.4        -30506733        2156753.3 
       -0.4597431             -4.7      0.091448588       -792531.54        -50186859        1804383.1 
       -0.4597431             -4.5      0.091448588       -232760.63        -60753619        1668273.3 
       -0.4597431             -4.3      0.091448588        274944.03        -65706118        924770.18 
       -0.4597431             -4.1      0.091448588       -4576107.1        -31138048        -28404410 
       -0.4597431             -3.9      0.091448588         91729609         93345957    1.0808628e+08 
       -0.4597431             -3.7      0.091448588         88766591    2.9896028e+08         85557546 
       -0.4597431             -3.5      0.091448588         92868864    5.4628439e+08         85283972 
       -0.4597431             -3.3      0.091448588         96417533    8.1800546e+08         83248083 
       -0.4597431             -3.1      0.091448588         85680820    1.1055828e+09         62427511 
       -0.4597431             -2.9      0.091448588         55439200    1.3731153e+09         23547034 
       -0.4597431             -2.7      0.091448588         72872298     1.570865e+09         76420140 
       -0.4597431             -2.5      0.091448588         43346945    1.7731947e+09        8879293.7 
       -0.4597431             -2.3      0.091448588        1111945.5    1.8886571e+09        -18104397 
       -0.4597431             -2.1      0.091448588          4006065     1.941733e+09       -2710284.1 
       -0.4597431             -1.9      0.091448588        3890155.6    1.9712625e+09       -924148.97 
       -0.4597431             -1.7      0.091448588        3975294.6    1.9968734e+09       -609658.44 
       -0.4597431             -1.5      0.091448588        3432346.3    2.0205664e+09       -418186.77 
       -0.4597431             -1.3      0.091448588        1733229.4    2.0364455e+09         -76362.3 
       -0.4597431             -1.1      0.091448588        775259.29    2.0435503e+09        102054.27 
       -0.4597431             -0.9      0.091448588        379921.94    2.0464583e+09        138907.93 
       -0.4597431             -0.7      0.091448588        195312.83    2.0476687e+09        125496.82 
       -0.4597431             -0.5      0.091448588        101705.03    2.0481544e+09        94392.125 
       -0.4597431             -0.3      0.091448588        52196.217    2.0483416e+09        57972.479 
       -0.4597431             -0.1      0.091448588        23834.241    2.0484265e+09        21858.582 
       -0.4597431              0.1      0.091448588        2361.7997    2.0484822e+09        -9907.706 
       -0.4597431              0.3      0.091448588       -23857.238      2.04849e+09       -31509.719 
       -0.4597431              0.5      0.091448588       -67640.047    2.0483306e+09       -30818.593 
       -0.4597431              0.7      0.091448588       -147965.65    2.0477251e+09        19997.418 
       -0.4597431              0.9      0.091448588       -302228.21    2.0460759e+09        186531.05 
       -0.4597431              1.1      0.091448588       -628173.02    2.0420271e+09        626360.52 
       -0.4597431              1.3      0.091448588       -1428634.2    2.0321978e+09        1720683.9 
       -0.4597431              1.5      0.091448588       -2762907.7    2.0100264e+09        4132900.6 
       -0.4597431              1.7      0.091448588       -2477975.8    1.9725656e+09        8674493.3 
       -0.4597431              1.9      0.091448588       -1125430.5    1.9206209e+09         15574415 
       -0.4597431              2.1      0.091448588       -3386672.3    1.8681668e+09        7066970.5 
       -0.4597431              2.3      0.091448588        -37915265    2.0112159e+09    -1.649088e+08 
       -0.4597431              2.5      0.091448588        -31960057    2.0283746e+09         54011858 
       -0.4597431              2.7      0.091448588        -81401173    1.8223127e+09   -1.3114357e+08 
       -0.4597431              2.9      0.091448588   -1.6066481e+08    1.8096676e+09    -2.974058e+08 
       -0.4597431              3.1      0.091448588        -71100266    1.4406836e+09    1.0962439e+08 
       -0.4597431              3.3      0.091448588   -1.1309995e+08    8.6108452e+08        -89307302 
       -0.4597431              3.5      0.091448588   -1.1415582e+08     5.543244e+08    -1.238012e+08 
       -0.4597431              3.7      0.091448588   -1.1028516e+08    3.3139375e+08    -1.331465e+08 
       -0.4597431              3.9      0.091448588   -1.1045023e+08    1.8040989e+08   -1.5950494e+08 
       -0.4597431              4.1      0.091448588         12460753         46993600         67971464 
       -0.4597431              4.3      0.091448588        1756167.2        -41926989        9063507.1 
       -0.4597431              4.5      0.091448588        1015338.1        -52274502        2023251.8 
       -0.4597431              4.7      0.091448588        1175258.5        -47482165       -159530.15 
       -0.4597431              4.9      0.091448588        1676010.4        -30249889       -1202003.9 
        0.4597431             -4.9     -0.091448588        1698422.4        -29576944         -1035398 
       0.38975138             -4.9      -0.26042355        940685.48        -29897823       -2307486.2 
       0.26042355             -4.9      -0.38975138        831838.81        -30392792       -2253001.5 
      0.091448588             -4.9       -0.4597431        2113237.3        -30824195       -2147498.8 
        0.4597431             -4.7     -0.091448588        1105181.3        -46900804       -529335.87 
       0.38975138             -4.7      -0.26042355        927065.33        -47351524       -1159158.9 
       0.26042355             -4.7      -0.38975138        1387045.1        -48170844       -1160377.3 
      0.091448588             -4.7       -0.4597431        2698188.4        -49072762       -1456917.6 
        0.4597431             -4.5     -0.091448588         624872.2        -54520935       -24231.184 
       0.38975138             -4.5      -0.26042355        1109855.3        -55570907        64078.631 
       0.26042355             -4.5      -0.38975138        2406982.2        -57657756        65819.375 
      0.091448588             -4.5       -0.4597431        3906810.7        -59982970       -817462.32 
        0.4597431             -4.3     -0.091448588        246307.96        -55467710        1321329.8 
       0.38975138             -4.3      -0.26042355        1900333.2        -58900737        2341366.5 
       0.26042355             -4.3      -0.38975138        5430278.9        -60874899          2736086 
      0.091448588             -4.3       -0.4597431        7514494.2        -69699488        376596.85 
        0.4597431             -4.1     -0.091448588        4971598.2        -17260333         29852356 
       0.38975138             -4.1      -0.26042355       -60202.409   -1.2429043e+08        1015118.8 
       0.26042355             -4.1      -0.38975138        8512239.8         16428174        5882479.2 
      0.091448588             -4.1       -0.4597431         45533688   -1.1360207e+08        8763846.2 
        0.4597431             -3.9     -0.091448588        -84651766    1.0507365e+08        -97819854 
       0.38975138             -3.9      -0.26042355   -1.2255469e+08        -10565810   -1.1163241e+08 
       0.26042355             -3.9      -0.38975138   -1.5658482e+08    1.3630383e+08        -67121087 
      0.091448588             -3.9       -0.4597431   -1.0825063e+08        4137541.8        -15627000 
        0.4597431             -3.7     -0.091448588        -82375607    3.0378768e+08        -76553210 
       0.38975138             -3.7      -0.26042355   -1.3009417e+08    2.8382807e+08   -1.2196141e+08 
       0.26042355             -3.7      -0.38975138   -1.6045311e+08    2.9349806e+08        -69089188 
      0.091448588             -3.7       -0.4597431        -76463045    2.8416806e+08       -9650556.7 
        0.4597431             -3.5     -0.091448588        -86704233    5.4448062e+08        -76458123 
       0.38975138             -3.5      -0.26042355   -1.3211473e+08    5.2941497e+08   -1.1969819e+08 
       0.26042355             -3.5      -0.38975138   -1.5681718e+08    5.3412137e+08        -63952639 
      0.091448588             -3.5       -0.4597431        -72963863    5.3329478e+08       -7060111.9 
        0.4597431             -3.3     -0.091448588        -90572585     8.099639e+08        -75013238 
       0.38975138             -3.3      -0.26042355   -1.2937287e+08    8.0756233e+08   -1.0950792e+08 
       0.26042355             -3.3      -0.38975138   -1.5124322e+08    7.8262041e+08        -56881574 
      0.091448588             -3.3       -0.4597431        -75530290    7.9101728e+08       -5185648.5 
        0.4597431             -3.1     -0.091448588        -80739647    1.0911648e+09        -55827712 
       0.38975138             -3.1      -0.26042355   -1.0185178e+08    1.1020304e+09        -74234945 
       0.26042355             -3.1      -0.38975138    -1.115845e+08     1.015644e+09        -33468300 
      0.091448588             -3.1       -0.4597431        -55911316    1.0313726e+09       -1032435.6 
        0.4597431             -2.9     -0.091448588        -51854966    1.3523302e+09        -19213072 
       0.38975138             -2.9      -0.26042355        -49398531    1.3353176e+09        -22921137 
       0.26042355             -2.9      -0.38975138        -40029068    1.2114644e+09       -113217.05 
      0.091448588             -2.9       -0.4597431        -10286149    1.1729024e+09        2018485.6 
        0.4597431             -2.7     -0.091448588        -71214631    1.5515059e+09        -69930072 
       0.38975138             -2.7      -0.26042355   -1.3128967e+08    1.5725762e+09   -1.0363436e+08 
       0.26042355             -2.7      -0.38975138     -1.41799e+08    1.4609215e+09        -32784765 
      0.091448588             -2.7       -0.4597431        -60129722    1.4060953e+09         40308244 
        0.4597431             -2.5     -0.091448588        -42562007    1.7624784e+09         -6138565 
       0.38975138             -2.5      -0.26042355        -52191983    1.8592184e+09       -9743426.3 
       0.26042355             -2.5      -0.38975138        -47205755    1.7933272e+09         13921418 
      0.091448588             -2.5       -0.4597431        -11584396     1.783631e+09         36182189 
        0.4597431             -2.3     -0.091448588       -869663.35     1.881689e+09         19200441 
       0.38975138             -2.3      -0.26042355        5746472.6    1.9346818e+09         16862822 
       0.26042355             -2.3      -0.38975138       -5449221.9    1.9170609e+09          1809871 
      0.091448588             -2.3       -0.4597431       -933967.39     1.908334e+09        4394772.5 
        0.4597431             -2.1     -0.091448588       -3798402.2    1.9369169e+09        3642558.9 
       0.38975138             -2.1      -0.26042355       -954678.85    1.9432335e+09        6495778.8 
       0.26042355             -2.1      -0.38975138       -182671.68    1.9458746e+09        5117830.9 
      0.091448588             -2.1       -0.4597431        1055636.1    1.9443386e+09        4621417.4 
        0.4597431             -1.9     -0.091448588       -3746113.6    1.9680937e+09        1554227.8 
       0.38975138             -1.9      -0.26042355       -2301943.1    1.9695787e+09        3663849.7 
       0.26042355             -1.9      -0.38975138       -657983.15    1.9709446e+09        4264184.4 
      0.091448588             -1.9       -0.4597431        910442.13    1.9715851e+09        4142890.8 
        0.4597431             -1.7     -0.091448588       -3873928.2     1.994789e+09        1031831.8 
       0.38975138             -1.7      -0.26042355       -2929870.8    1.9953187e+09        2766224.8 
       0.26042355             -1.7      -0.38975138       -1418012.9    1.9960187e+09        3784583.3 
      0.091448588             -1.7       -0.4597431        293348.29    1.9966063e+09        4044085.7 
        0.4597431             -1.5     -0.091448588       -3359932.5    2.0191815e+09        701516.44 
       0.38975138             -1.5      -0.26042355       -2747729.2    2.0194466e+09        2001874.9 
       0.26042355             -1.5      -0.38975138       -1578350.2    2.0198506e+09        2972396.2 
      0.091448588             -1.5       -0.4597431        -43424.01    2.0202414e+09        3372360.6 
        0.4597431             -1.3     -0.091448588       -1682280.3    2.0355111e+09        267035.46 
       0.38975138             -1.3      -0.26042355         -1441136    2.0356444e+09        823967.46 
       0.26042355             -1.3      -0.38975138       -863549.47    2.0358618e+09        1339045.4 
      0.091448588             -1.3       -0.4597431        23038.684    2.0360928e+09          1585857 
        0.4597431             -1.1     -0.091448588        -740491.2    2.0429103e+09        25691.735 
       0.38975138             -1.1      -0.26042355       -714029.92    2.0429505e+09        168468.07 
       0.26042355             -1.1      -0.38975138        -481354.1    2.0430287e+09        432479.31 
      0.091448588             -1.1       -0.4597431        31842.687    2.0431379e+09        604051.53 
        0.4597431             -0.9     -0.091448588       -357506.64    2.0460142e+09       -54585.394 
       0.38975138             -0.9      -0.26042355        -406343.8    2.0460057e+09       -61309.358 
       0.26042355             -0.9      -0.38975138       -318036.76    2.0460082e+09        93027.469 
      0.091448588             -0.9       -0.4597431        9747.0476    2.0460473e+09        226370.82 
        0.4597431             -0.7     -0.091448588       -182485.18    2.0473585e+09       -71376.779 
       0.38975138             -0.7      -0.26042355       -248480.23     2.047327e+09       -124399.22 
       0.26042355             -0.7      -0.38975138       -221960.78    2.0472924e+09       -28701.121 
      0.091448588             -0.7       -0.4597431       -6923.0615    2.0472939e+09        73346.087 
        0.4597431             -0.5     -0.091448588       -96413.209    2.0479408e+09       -61204.735 
       0.38975138             -0.5      -0.26042355       -153796.57    2.0478989e+09       -116223.17 
       0.26042355             -0.5      -0.38975138        -150976.9    2.0478464e+09       -56945.446 
      0.091448588             -0.5       -0.4597431       -13546.364    2.0478271e+09        15522.481 
        0.4597431             -0.3     -0.091448588       -52827.703    2.0482042e+09       -38764.108 
       0.38975138             -0.3      -0.26042355       -89390.989    2.0481575e+09        -74965.64 
       0.26042355             -0.3      -0.38975138       -90641.247    2.0480959e+09        -40716.91 
      0.091448588             -0.3       -0.4597431       -10583.018    2.0480637e+09        2917.7164 
        0.4597431             -0.1     -0.091448588         -28996.9    2.0483582e+09       -10784.789 
       0.38975138             -0.1      -0.26042355        -38838.66    2.0483094e+09        -18239.34 
       0.26042355             -0.1      -0.38975138       -33356.117    2.0482425e+09       -2876.9328 
      0.091448588             -0.1       -0.4597431         2048.011    2.0482009e+09        11999.878 
        0.4597431              0.1     -0.091448588       -10693.183    2.0484874e+09          18582.6 
       0.38975138              0.1      -0.26042355        8153.9316    2.0484395e+09        43239.468 
       0.26042355              0.1      -0.38975138        25993.702    2.0483714e+09        42940.061 
      0.091448588              0.1       -0.4597431        25530.866    2.0483226e+09        28773.108 
        0.4597431              0.3     -0.091448588        13883.646    2.0485861e+09        44396.744 
       0.38975138              0.3      -0.26042355        58455.665    2.0485465e+09        97672.418 
       0.26042355              0.3      -0.38975138        89521.635    2.0484872e+09        83830.208 
      0.091448588              0.3       -0.4597431        61362.464     2.048437e+09        41644.862 
        0.4597431              0.5     -0.091448588        57947.089    2.0485508e+09        56557.741 
       0.38975138              0.5      -0.26042355        114647.73    2.0485403e+09        122514.17 
       0.26042355              0.5      -0.38975138        151959.25     2.048518e+09        99041.878 
      0.091448588              0.5       -0.4597431        109135.43    2.0484836e+09        36159.095 
        0.4597431              0.7     -0.091448588        141187.64    2.0481251e+09        30796.676 
       0.38975138              0.7      -0.26042355        170148.17     2.048198e+09        64964.792 
       0.26042355              0.7      -0.38975138        188917.92     2.048288e+09         43873.35 
      0.091448588              0.7       -0.4597431        160911.76     2.048318e+09       -13183.099 
        0.4597431              0.9     -0.091448588        302170.68    2.0467442e+09       -92745.142 
       0.38975138              0.9      -0.26042355        197939.17    2.0470364e+09       -204656.85 
       0.26042355              0.9      -0.38975138         128899.4    2.0474294e+09       -189222.95 
      0.091448588              0.9       -0.4597431        187324.09    2.0476521e+09       -162984.38 
        0.4597431              1.1     -0.091448588        640509.05     2.043101e+09        -462822.2 
       0.38975138              1.1      -0.26042355        134270.98    2.0439418e+09         -1011709 
       0.26042355              1.1      -0.38975138       -207896.27    2.0451076e+09        -875696.8 
      0.091448588              1.1       -0.4597431        104935.04    2.0458495e+09       -562445.19 
        0.4597431              1.3     -0.091448588        1461929.6     2.033887e+09       -1447750.9 
       0.38975138              1.3      -0.26042355       -119722.04    2.0360456e+09       -3181054.7 
       0.26042355              1.3      -0.38975138       -1234094.3    2.0391201e+09       -2750383.5 
      0.091448588              1.3       -0.4597431       -298703.53    2.0412043e+09       -1646796.3 
        0.4597431              1.5     -0.091448588        2828876.3     2.012644e+09       -3695042.3 
       0.38975138              1.5      -0.26042355       -1302186.1    2.0177547e+09       -8165812.8 
       0.26042355              1.5      -0.38975138       -4307374.3    2.0254339e+09       -6962239.3 
      0.091448588              1.5       -0.4597431       -1711205.6    2.0310154e+09       -3762439.4 
        0.4597431              1.7     -0.091448588        2589191.3    1.9765679e+09       -8002702.6 
       0.38975138              1.7      -0.26042355       -7119693.8    1.9873215e+09        -17967688 
       0.26042355              1.7      -0.38975138        -14571921    2.0061933e+09        -14555127 
      0.091448588              1.7       -0.4597431       -6763149.1    2.0218515e+09         -5389556 
        0.4597431              1.9     -0.091448588        1286517.3    1.9265961e+09        -14633193 
       0.38975138              1.9      -0.26042355        -20542195    1.9404395e+09        -38070748 
       0.26042355              1.9      -0.38975138        -43703487    1.9866777e+09        -34009993 
      0.091448588              1.9       -0.4597431        -23445594    2.0377564e+09       -8683064.7 
        0.4597431              2.1     -0.091448588        3541243.4     1.876502e+09         -6105301 
       0.38975138              2.1      -0.26042355        -38376267    1.8246178e+09        -65724729 
       0.26042355              2.1      -0.38975138   -1.3601263e+08    1.9345769e+09        -96259834 
      0.091448588              2.1       -0.4597431        -90567664    2.1498718e+09        -22442179 
        0.4597431              2.3     -0.091448588         37731308    2.0202142e+09    1.6420834e+08 
       0.38975138              2.3      -0.26042355         33444408     1.409675e+09         41561191 
       0.26042355              2.3      -0.38975138   -5.1720247e+08    1.4423837e+09   -3.5101562e+08 
      0.091448588              2.3       -0.4597431   -4.9522379e+08    2.7924607e+09   -1.0333229e+08 
        0.4597431              2.5     -0.091448588         31066975     2.038683e+09        -54041620 
       0.38975138              2.5      -0.26042355       -4737546.4    9.2460736e+08     -1.12596e+08 
       0.26042355              2.5      -0.38975138        -14039816    9.2003645e+08        -74805995 
      0.091448588              2.5       -0.4597431         16215038    3.3093783e+09       -7205485.1 
        0.4597431              2.7     -0.091448588         79149025    1.8357064e+09    1.2732481e+08 
       0.38975138              2.7      -0.26042355    1.4355911e+08    1.9474461e+08         44028033 
       0.26042355              2.7      -0.38975138        -69110409    4.1974237e+08   -1.5115035e+08 
      0.091448588              2.7       -0.4597431        -84206626    3.3990864e+09       -9277751.2 
        0.4597431              2.9     -0.091448588    1.5948081e+08    1.8156259e+09    2.9152776e+08 
       0.38975138              2.9      -0.26042355    1.5427469e+08        -74204032    3.7244616e+08 
       0.26042355              2.9      -0.38975138   -2.1368008e+08        -83373014        -52081565 
      0.091448588              2.9       -0.4597431   -3.7770184e+08    3.2613455e+09    -2.551844e+08 
        0.4597431              3.1     -0.091448588         68644944    1.4417397e+09   -1.1291734e+08 
       0.38975138              3.1      -0.26042355         33427613    2.8334154e+08         19539582 
       0.26042355              3.1      -0.38975138    6.1872383e+08         94021603    3.9953933e+08 
      0.091448588              3.1       -0.4597431    5.6443398e+08    2.3605828e+09         73508499 
        0.4597431              3.3     -0.091448588    1.0949761e+08    8.6401215e+08         83264861 
       0.38975138              3.3      -0.26042355    1.8047415e+08    5.1999286e+08    2.0423135e+08 
       0.26042355              3.3      -0.38975138    4.0425786e+08    5.4312496e+08    2.3398522e+08 
      0.091448588              3.3       -0.4597431    2.7786754e+08    1.2414024e+09         44885800 
        0.4597431              3.5     -0.091448588    1.1016562e+08    5.5793713e+08    1.1716945e+08 
       0.38975138              3.5      -0.26042355    1.9166106e+08    4.3110237e+08     2.167435e+08 
       0.26042355              3.5      -0.38975138    3.0504309e+08    4.7232298e+08    1.6492612e+08 
      0.091448588              3.5       -0.4597431    1.8005114e+08    6.7054791e+08         36056327 
        0.4597431              3.7     -0.091448588    1.0608531e+08    3.3609978e+08    1.2631857e+08 
       0.38975138              3.7      -0.26042355    1.8553845e+08    2.4642324e+08    2.0972558e+08 
       0.26042355              3.7      -0.38975138    2.5331383e+08    2.8030379e+08    1.3145125e+08 
      0.091448588              3.7       -0.4597431    1.3836792e+08    2.9498271e+08         29846373 
        0.4597431              3.9     -0.091448588    1.0584161e+08    1.8610202e+08     1.517426e+08 
       0.38975138              3.9      -0.26042355    1.6999457e+08        -56082238      1.85828e+08 
       0.26042355              3.9      -0.38975138    2.1345647e+08       1.3243e+08    1.0479911e+08 
      0.091448588              3.9       -0.4597431    1.4641554e+08        -42268459         28288781 
        0.4597431              4.1     -0.091448588        -12518961         53219844        -67954785 
       0.38975138              4.1      -0.26042355        -25762409   -1.5576353e+08        -39665332 
       0.26042355              4.1      -0.38975138        -28140770        6318224.7        -19015299 
      0.091448588              4.1       -0.4597431        -58201974   -1.6049257e+08        -11282498 
        0.4597431              4.3     -0.091448588       -2017464.7        -36650685        -10162230 
       0.38975138              4.3      -0.26042355        -12172460        -57623067        -17691614 
       0.26042355              4.3      -0.38975138        -17334971        -74066178        -10668683 
      0.091448588              4.3       -0.4597431        -11098473        -89851617       -1062743.2 
        0.4597431              4.5     -0.091448588       -1228274.1        -48987231         -2898820 
       0.38975138              4.5      -0.26042355       -4912356.2        -55344313       -5709067.8 
       0.26042355              4.5      -0.38975138       -7267952.3        -63846927       -3274726.2 
      0.091448588              4.5       -0.4597431       -4979711.7        -69817094        644602.37 
        0.4597431              4.7     -0.091448588       -1350824.4        -45748813        -539385.9 
       0.38975138              4.7      -0.26042355       -2361031.5        -48051068       -920295.22 
       0.26042355              4.7      -0.38975138       -3129521.4        -51318852        49152.074 
      0.091448588              4.7       -0.4597431       -2613297.6        -53743702        1525396.5 
        0.4597431              4.9     -0.091448588       -1837789.7        -29777898        577824.97 
       0.38975138              4.9      -0.26042355         -1573437        -30569982        1454522.7 
       0.26042355              4.9      -0.38975138       -1450214.1        -31705489        1911214.1 
      0.091448588              4.9       -0.4597431       -1607162.2        -32544475        2315042.2 
       -0.4597431              4.9     -0.091448588        1679238.9        -30253254        1185954.7 
      -0.38975138              4.9      -0.26042355        532056.55        -30982190        2957741.6 
      -0.26042355              4.9      -0.38975138       -853037.56        -31987395        3426068.5 
     -0.091448588              4.9       -0.4597431       -1594282.8        -32644893          2944782 
       -0.4597431              4.7     -0.091448588        1181399.3        -47495058        128909.98 
      -0.38975138              4.7      -0.26042355        1199131.8        -49570654        765090.05 
      -0.26042355              4.7      -0.38975138        528246.43        -52362434        1764061.5 
     -0.091448588              4.7       -0.4597431       -1024160.8        -54116405        2242163.3 
       -0.4597431              4.5     -0.091448588          1029672        -52308330       -2094881.6 
      -0.38975138              4.5      -0.26042355        3453979.7        -58292381       -3583036.6 
      -0.26042355              4.5      -0.38975138        3911764.2        -65916353       -1056539.1 
     -0.091448588              4.5       -0.4597431        221037.31        -70561560        1584097.1 
       -0.4597431              4.3     -0.091448588        1790546.9        -41990999       -9235112.4 
      -0.38975138              4.3      -0.26042355         10274465        -62687888        -14913391 
      -0.26042355              4.3      -0.38975138         12632203        -77783809       -7552850.6 
     -0.091448588              4.3       -0.4597431        4269142.4        -91139027        288027.98 
       -0.4597431              4.1     -0.091448588         12532573         47609232        -68331249 
      -0.38975138              4.1      -0.26042355         23271836   -1.6792478e+08        -36025601 
      -0.26042355              4.1      -0.38975138         21144355        3212251.7        -14379662 
     -0.091448588              4.1       -0.4597431         47740641   -1.6613068e+08       -9213527.8 
       -0.4597431              3.9     -0.091448588   -1.1086585e+08    1.8107364e+08    1.6116205e+08 
      -0.38975138              3.9      -0.26042355   -1.8149892e+08        -67985790    1.9999806e+08 
      -0.26042355              3.9      -0.38975138   -2.3375545e+08    1.2922942e+08    1.1662288e+08 
     -0.091448588              3.9       -0.4597431   -1.7245665e+08        -47563968         33300068 
       -0.4597431              3.7     -0.091448588   -1.1069536e+08    3.3133636e+08    1.3482349e+08 
      -0.38975138              3.7      -0.26042355   -1.9751642e+08     2.416325e+08    2.2504982e+08 
      -0.26042355              3.7      -0.38975138    -2.752543e+08    2.7605075e+08    1.4460115e+08 
     -0.091448588              3.7       -0.4597431   -1.6701857e+08    2.9428605e+08         35462820 
       -0.4597431              3.5     -0.091448588   -1.1450719e+08    5.5411698e+08     1.252595e+08 
      -0.38975138              3.5      -0.26042355   -2.0343484e+08    4.2747413e+08     2.320084e+08 
      -0.26042355              3.5      -0.38975138   -3.2767119e+08    4.6856961e+08    1.7868511e+08 
     -0.091448588              3.5       -0.4597431   -2.1008691e+08     6.702426e+08         41960328 
       -0.4597431              3.3     -0.091448588   -1.1339087e+08    8.6077849e+08         90362611 
      -0.38975138              3.3      -0.26042355   -1.9137865e+08    5.1539787e+08    2.1855028e+08 
      -0.26042355              3.3      -0.38975138    -4.270136e+08    5.3698857e+08     2.480728e+08 
     -0.091448588              3.3       -0.4597431   -3.0886587e+08    1.2417003e+09         51008563 
       -0.4597431              3.1     -0.091448588        -71329348    1.4407912e+09   -1.0894478e+08 
      -0.38975138              3.1      -0.26042355        -41265994     2.729822e+08         30213487 
      -0.26042355              3.1      -0.38975138   -6.4090869e+08         79172418     4.138497e+08 
     -0.091448588              3.1       -0.4597431   -5.9563793e+08    2.3636781e+09         79663049 
       -0.4597431              2.9     -0.091448588   -1.6122444e+08    1.8124516e+09    2.9929471e+08 
      -0.38975138              2.9      -0.26042355   -1.5990987e+08        -97523495    3.8433907e+08 
      -0.26042355              2.9      -0.38975138    2.0237418e+08   -1.1147187e+08        -42108434 
     -0.091448588              2.9       -0.4597431    3.5109773e+08     3.250665e+09   -2.4926822e+08 
       -0.4597431              2.7     -0.091448588        -81083463    1.8255899e+09    1.2983631e+08 
      -0.38975138              2.7      -0.26042355   -1.4996871e+08    1.6593841e+08         50497609 
      -0.26042355              2.7      -0.38975138         59198087    3.8584415e+08   -1.4649218e+08 
     -0.091448588              2.7       -0.4597431         78559433     3.381268e+09       -8725887.6 
       -0.4597431              2.5     -0.091448588        -31849464    2.0295822e+09        -54448416 
      -0.38975138              2.5      -0.26042355        3732716.6    9.0440262e+08   -1.1280902e+08 
      -0.26042355              2.5      -0.38975138         13446444    8.9355278e+08        -75455733 
     -0.091448588              2.5       -0.4597431        -15174901    3.3036162e+09       -7704189.4 
       -0.4597431              2.3     -0.091448588        -37783522    2.0118478e+09    1.6424588e+08 
      -0.38975138              2.3      -0.26042355        -32277755    1.3952936e+09         39749038 
      -0.26042355              2.3      -0.38975138    5.2714582e+08    1.4259082e+09    -3.576884e+08 
     -0.091448588              2.3       -0.4597431    5.1342827e+08    2.7885874e+09   -1.0696303e+08 
       -0.4597431              2.1     -0.091448588       -3339851.9    1.8682896e+09       -7301963.1 
      -0.38975138              2.1      -0.26042355         40497658    1.8160634e+09        -68955735 
      -0.26042355              2.1      -0.38975138    1.4220466e+08    1.9275037e+09   -1.0042311e+08 
     -0.091448588              2.1       -0.4597431    1.0053302e+08    2.1470668e+09        -24432301 
       -0.4597431              1.9     -0.091448588       -1106761.3     1.920666e+09        -15668129 
      -0.38975138              1.9      -0.26042355         22186465    1.9350643e+09        -40570918 
      -0.26042355              1.9      -0.38975138         47731465    1.9827391e+09        -36719162 
     -0.091448588              1.9       -0.4597431         29393451    2.0362873e+09       -9871495.9 
       -0.4597431              1.7     -0.091448588       -2470224.9    1.9725834e+09       -8713384.4 
      -0.38975138              1.7      -0.26042355        8224580.1    1.9838678e+09        -19654824 
      -0.26042355              1.7      -0.38975138         17140468    2.0038028e+09        -16286392 
     -0.091448588              1.7       -0.4597431         10423300    2.0209909e+09       -6122083.8 
       -0.4597431              1.5     -0.091448588         -2759610    2.0100337e+09         -4149434 
      -0.38975138              1.5      -0.26042355        2001635.9    2.0155271e+09       -9244079.9 
      -0.26042355              1.5      -0.38975138        5912244.6    2.0239269e+09       -8048549.3 
     -0.091448588              1.5       -0.4597431        3969552.8    2.0304813e+09       -4215795.6 
       -0.4597431              1.3     -0.091448588       -1427200.9    2.0322009e+09       -1727863.9 
      -0.38975138              1.3      -0.26042355        544591.76    2.0346144e+09       -3847996.2 
      -0.26042355              1.3      -0.38975138        2213214.7    2.0381601e+09       -3418283.9 
     -0.091448588              1.3       -0.4597431        1672818.6    2.0408661e+09       -1924153.6 
       -0.4597431              1.1     -0.091448588       -627532.46    2.0420284e+09       -629564.49 
      -0.38975138              1.1      -0.26042355        112103.75    2.0430327e+09       -1410271.6 
      -0.26042355              1.1      -0.38975138        784995.79    2.0444996e+09       -1274389.9 
     -0.091448588              1.1       -0.4597431        707011.64    2.0456358e+09        -727799.4 
       -0.4597431              0.9     -0.091448588       -301931.71    2.0460765e+09        -188010.5 
      -0.38975138              0.9      -0.26042355       -63747.213    2.0464706e+09       -433135.87 
      -0.26042355              0.9      -0.38975138        195202.46    2.0470513e+09       -417905.06 
     -0.091448588              0.9       -0.4597431        271610.96    2.0475193e+09       -257836.33 
       -0.4597431              0.7     -0.091448588       -147821.93    2.0477254e+09       -20712.052 
      -0.38975138              0.7      -0.26042355       -104031.12    2.0478593e+09       -58938.368 
      -0.26042355              0.7      -0.38975138       -19421.378    2.0480617e+09       -80329.114 
     -0.091448588              0.7       -0.4597431         82117.65    2.0482386e+09       -64744.365 
       -0.4597431              0.5     -0.091448588       -67565.993    2.0483307e+09        30451.971 
      -0.38975138              0.5      -0.26042355       -87198.044    2.0483537e+09        59523.295 
      -0.26042355              0.5      -0.38975138       -71617.167    2.0483934e+09        35736.313 
     -0.091448588              0.5       -0.4597431        8970.2594    2.0484398e+09        9834.6736 
       -0.4597431              0.3     -0.091448588       -23815.664    2.0484901e+09        31304.833 
      -0.38975138              0.3      -0.26042355       -49675.626    2.0484651e+09        65968.818 
      -0.26042355              0.3      -0.38975138       -53891.317    2.0484327e+09        51857.453 
     -0.091448588              0.3       -0.4597431       -6461.8945    2.0484179e+09        28319.018 
       -0.4597431              0.1     -0.091448588        2388.3735    2.0484822e+09        9777.1314 
      -0.38975138              0.1      -0.26042355       -3849.9967     2.048435e+09        21879.484 
      -0.26042355              0.1      -0.38975138        -3595.411    2.0483683e+09        21394.687 
     -0.091448588              0.1       -0.4597431        9850.6316    2.0483215e+09        19793.497 
       -0.4597431             -0.1     -0.091448588        23854.851    2.0484265e+09       -21959.967 
      -0.38975138             -0.1      -0.26042355        49568.933    2.0483673e+09       -45264.996 
      -0.26042355             -0.1      -0.38975138        66638.372    2.0482811e+09       -29977.215 
     -0.091448588             -0.1       -0.4597431        47255.886    2.0482144e+09        752.55092 
       -0.4597431             -0.3     -0.091448588        52216.523    2.0483416e+09       -58072.913 
      -0.38975138             -0.3      -0.26042355         116035.9    2.0482739e+09       -121537.08 
      -0.26042355             -0.3      -0.38975138        155748.23    2.0481735e+09       -87228.416 
     -0.091448588             -0.3       -0.4597431        102828.83    2.0480909e+09       -16330.668 
       -0.4597431             -0.5     -0.091448588        101729.92    2.0481544e+09       -94516.083 
      -0.38975138             -0.5      -0.26042355        206024.16    2.0480798e+09       -196479.72 
      -0.26042355             -0.5      -0.38975138        269240.65    2.0479672e+09       -136982.87 
     -0.091448588             -0.5       -0.4597431        178292.47    2.0478695e+09        -17566.84 
       -0.4597431             -0.7     -0.091448588        195348.35    2.0476687e+09       -125674.72 
      -0.38975138             -0.7      -0.26042355        337752.62    2.0475898e+09       -255167.05 
      -0.26042355             -0.7      -0.38975138        418730.28    2.0474678e+09        -159064.8 
     -0.091448588             -0.7       -0.4597431        279316.63    2.0473554e+09        19463.655 
       -0.4597431             -0.9     -0.091448588        379977.67    2.0464583e+09       -139188.38 
      -0.38975138             -0.9      -0.26042355        547859.42     2.046382e+09        -265036.1 
      -0.26042355             -0.9      -0.38975138         627065.8    2.0462595e+09       -110090.29 
     -0.091448588             -0.9       -0.4597431        417157.55    2.0461355e+09        142409.48 
       -0.4597431             -1.1     -0.091448588        775352.65    2.0435502e+09       -102526.34 
      -0.38975138             -1.1      -0.26042355        929354.84    2.0434928e+09       -140286.08 
      -0.26042355             -1.1      -0.38975138         950817.5    2.0433909e+09        124514.51 
     -0.091448588             -1.1       -0.4597431        616607.18    2.0432651e+09        476706.91 
       -0.4597431             -1.3     -0.091448588        1733394.2    2.0364452e+09        75523.229 
      -0.38975138             -1.3      -0.26042355        1762002.7    2.0364364e+09        362701.58 
      -0.26042355             -1.3      -0.38975138        1564937.5    2.0363911e+09        878521.38 
     -0.091448588             -1.3       -0.4597431        946817.53    2.0362787e+09        1395293.1 
       -0.4597431             -1.5     -0.091448588        3432646.4    2.0205659e+09        416649.84 
      -0.38975138             -1.5      -0.26042355        3221875.5    2.0206206e+09        1315919.2 
      -0.26042355             -1.5      -0.38975138        2619379.7    2.0206355e+09        2287141.3 
     -0.091448588             -1.5       -0.4597431        1484876.4    2.0205172e+09        3088670.4 
       -0.4597431             -1.7     -0.091448588        3975871.3    1.9968724e+09        606712.23 
      -0.38975138             -1.7      -0.26042355        3631029.8    1.9970864e+09        1742637.5 
      -0.26042355             -1.7      -0.38975138        2967098.1    1.9972013e+09        2760880.3 
     -0.091448588             -1.7       -0.4597431        1855871.1     1.997022e+09        3619932.6 
       -0.4597431             -1.9     -0.091448588        3891282.3    1.9712607e+09        918406.35 
      -0.38975138             -1.9      -0.26042355        3344526.7    1.9722723e+09        2131254.7 
      -0.26042355             -1.9      -0.38975138        2975771.6    1.9727502e+09        2727735.8 
     -0.091448588             -1.9       -0.4597431        2311769.3    1.9722196e+09        3505571.2 
       -0.4597431             -2.1     -0.091448588          4008135    1.9417308e+09        2699720.8 
      -0.38975138             -2.1      -0.26042355        2510502.1    1.9473718e+09        4200247.1 
      -0.26042355             -2.1      -0.38975138        3681088.4    1.9486589e+09        2794808.9 
     -0.091448588             -2.1       -0.4597431        3808997.3    1.9452956e+09        3658079.5 
       -0.4597431             -2.3     -0.091448588          1113311    1.8887123e+09         18097520 
      -0.38975138             -2.3      -0.26042355       -3411031.6    1.9416838e+09         13404531 
      -0.26042355             -2.3      -0.38975138         10797885    1.9208289e+09       -1748085.6 
     -0.091448588             -2.3       -0.4597431        8240032.5    1.9101664e+09        2946435.6 
       -0.4597431             -2.5     -0.091448588         43364892    1.7733178e+09       -8992075.4 
      -0.38975138             -2.5      -0.26042355         57024159     1.870811e+09        -16692635 
      -0.26042355             -2.5      -0.38975138         57769304     1.798772e+09        7022968.8 
     -0.091448588             -2.5       -0.4597431         25991111    1.7867018e+09         33349895 
       -0.4597431             -2.7     -0.091448588         72990292      1.57041e+09        -77056424 
      -0.38975138             -2.7      -0.26042355    1.4059066e+08    1.5893246e+09   -1.1715177e+08 
      -0.26042355             -2.7      -0.38975138    1.6052211e+08    1.4701123e+09        -45042447 
     -0.091448588             -2.7       -0.4597431         87277944    1.4119982e+09         34956855 
       -0.4597431             -2.9     -0.091448588         55385766    1.3726184e+09        -23601227 
      -0.38975138             -2.9      -0.26042355         58213879    1.3525004e+09        -33113581 
      -0.26042355             -2.9      -0.38975138         57260830    1.2208286e+09       -9963844.2 
     -0.091448588             -2.9       -0.4597431         33163059    1.1797318e+09       -2113774.1 
       -0.4597431             -3.1     -0.091448588         85583111    1.1059766e+09        -62383451 
      -0.38975138             -3.1      -0.26042355    1.1400014e+08    1.1152962e+09        -88232409 
      -0.26042355             -3.1      -0.38975138    1.3482697e+08    1.0218284e+09        -46715155 
     -0.091448588             -3.1       -0.4597431         87703386    1.0363132e+09       -6831999.7 
       -0.4597431             -3.3     -0.091448588         96102405    8.1886936e+08        -81811349 
      -0.38975138             -3.3      -0.26042355     1.436901e+08    8.1482815e+08   -1.2576243e+08 
      -0.26042355             -3.3      -0.38975138    1.7932687e+08    7.8547063e+08        -72831947 
     -0.091448588             -3.3       -0.4597431    1.1419938e+08    7.9409754e+08        -12279998 
       -0.4597431             -3.5     -0.091448588         92244615    5.4730464e+08        -82148441 
      -0.38975138             -3.5      -0.26042355    1.4711813e+08    5.3055158e+08   -1.3645912e+08 
      -0.26042355             -3.5      -0.38975138    1.8709905e+08    5.3341049e+08        -81094240 
     -0.091448588             -3.5       -0.4597431    1.1505637e+08    5.3470844e+08        -14842095 
       -0.4597431             -3.7     -0.091448588         87765415    3.0001717e+08        -80660473 
      -0.38975138             -3.7      -0.26042355    1.4487668e+08    2.7917295e+08   -1.3791437e+08 
      -0.26042355             -3.7      -0.38975138    1.9120995e+08     2.887784e+08        -86278941 
     -0.091448588             -3.7       -0.4597431    1.1955902e+08    2.8447718e+08        -17659359 
       -0.4597431             -3.9     -0.091448588         90445810         91923688   -1.0181273e+08 
      -0.38975138             -3.9      -0.26042355    1.3540892e+08        -26370770    -1.238075e+08 
      -0.26042355             -3.9      -0.38975138    1.8672754e+08    1.3323698e+08        -83419774 
     -0.091448588             -3.9       -0.4597431    1.4973476e+08       -4918613.5        -23228177 
       -0.4597431             -4.1     -0.091448588       -4579147.7        -33083531         28409857 
      -0.38975138             -4.1      -0.26042355        6196215.9    -1.417532e+08       -8023092.6 
      -0.26042355             -4.1      -0.38975138        2955756.9         13187483       -1709656.3 
     -0.091448588             -4.1       -0.4597431        -28371436   -1.2375997e+08        5371769.2 
       -0.4597431             -4.3     -0.091448588        300409.16        -65707102       -1054429.5 
      -0.38975138             -4.3      -0.26042355          1947327        -67660915       -3310625.8 
      -0.26042355             -4.3      -0.38975138        3078442.4     