%          X (in)           Y (in)           Z (in)         RealPolX         RealPolY         RealPolZ
      0.091448588              4.9        0.4597431        164615.55        -48990110       -4203988.4 
      0.091448588              4.7        0.4597431        328314.85        -77335319       -3402319.4 
      0.091448588              4.5        0.4597431        685203.72        -93187820       -2931128.6 
      0.091448588              4.3        0.4597431        1413797.8   -1.0209211e+08       -2360366.4 
      0.091448588              4.1        0.4597431        2755914.8   -1.0099627e+08       -1016445.5 
      0.091448588              3.9        0.4597431         13126331        -51712391        6251655.3 
      0.091448588              3.7        0.4597431         11501508        4288252.1       -3469563.2 
      0.091448588              3.5        0.4597431         12313386         29071369       -4466656.6 
      0.091448588              3.3        0.4597431         13844082         53452214       -4950457.3 
      0.091448588              3.1        0.4597431         12689165         80563352       -3438684.8 
      0.091448588              2.9        0.4597431        8979230.1         23153477        -31188862 
      0.091448588              2.7        0.4597431         10317350         30728503         37664850 
      0.091448588              2.5        0.4597431        4603142.5     2.503848e+08         27569880 
      0.091448588              2.3        0.4597431        2547555.4    3.3183607e+08        3708135.5 
      0.091448588              2.1        0.4597431          1075558    3.6289876e+08        4312864.4 
      0.091448588              1.9        0.4597431        813783.63    3.9076454e+08        4251326.5 
      0.091448588              1.7        0.4597431        884922.58    4.1894223e+08        4668969.5 
      0.091448588              1.5        0.4597431        807795.98     4.469964e+08        4025948.3 
      0.091448588              1.3        0.4597431        324301.24    4.6408448e+08        1326009.5 
      0.091448588              1.1        0.4597431        70664.324    4.6816782e+08       -76620.109 
      0.091448588              0.9        0.4597431       -15118.794     4.668722e+08       -481225.55 
      0.091448588              0.7        0.4597431       -45932.795     4.641883e+08       -529603.66 
      0.091448588              0.5        0.4597431       -54439.605    4.6155701e+08       -437197.17 
      0.091448588              0.3        0.4597431        -51345.83     4.595646e+08       -283560.12 
      0.091448588              0.1        0.4597431       -41437.843    4.5846951e+08        -103570.8 
      0.091448588             -0.1        0.4597431       -27692.633    4.5837406e+08        83709.264 
      0.091448588             -0.3        0.4597431       -12531.592    4.5927995e+08        263274.66 
      0.091448588             -0.5        0.4597431        1500.3909    4.6108881e+08        416159.95 
      0.091448588             -0.7        0.4597431        10567.908    4.6354794e+08        507780.47 
      0.091448588             -0.9        0.4597431        5642.9308    4.6608152e+08        459417.72 
      0.091448588             -1.1        0.4597431       -43077.614    4.6727144e+08        58173.507 
      0.091448588             -1.3        0.4597431       -243414.74    4.6318614e+08       -1329641.1 
      0.091448588             -1.5        0.4597431       -651635.66    4.4632056e+08       -3996939.1 
      0.091448588             -1.7        0.4597431       -628108.15    4.1875616e+08       -4628004.1 
      0.091448588             -1.9        0.4597431       -395168.71    3.9131896e+08       -4215828.2 
      0.091448588             -2.1        0.4597431        -296600.6    3.6475822e+08       -4294796.9 
      0.091448588             -2.3        0.4597431       -283100.31    3.3714213e+08       -4040045.7 
      0.091448588             -2.5        0.4597431       -3927900.1    2.7469885e+08        -19567852 
      0.091448588             -2.7        0.4597431       -6819972.2    1.3537332e+08        -21037199 
      0.091448588             -2.9        0.4597431         -4609718         86530749        5944585.4 
      0.091448588             -3.1        0.4597431       -8659452.1         79206275        2741343.9 
      0.091448588             -3.3        0.4597431       -9053742.5         53506781        3074598.9 
      0.091448588             -3.5        0.4597431       -7849199.9         28728178        3117960.1 
      0.091448588             -3.7        0.4597431       -7258934.4        4222959.7        2266428.6 
      0.091448588             -3.9        0.4597431         -9008740        -50983243       -7267103.2 
      0.091448588             -4.1        0.4597431       -700243.59        -99465128         615050.2 
      0.091448588             -4.3        0.4597431       -27380.369   -1.0063411e+08        2059979.6 
      0.091448588             -4.5        0.4597431        297029.18        -91898345        2703535.6 
      0.091448588             -4.7        0.4597431        425278.05        -76293396        3213404.1 
      0.091448588             -4.9        0.4597431        485299.86        -48348237        4024804.4 
       0.26042355              4.9       0.38975138        901348.52        -48840415       -5214246.8 
       0.26042355              4.7       0.38975138        1510770.8        -77702491       -4576043.2 
       0.26042355              4.5       0.38975138        2643796.5        -94109665       -4593945.5 
       0.26042355              4.3       0.38975138        4775876.5   -1.0411599e+08       -5069176.6 
       0.26042355              4.1       0.38975138        9578358.9   -1.0468918e+08       -6448825.9 
       0.26042355              3.9       0.38975138         27913754        -54913521       -1671482.9 
       0.26042355              3.7       0.38975138         24724320        2904135.9        -12150995 
       0.26042355              3.5       0.38975138         25759782         28527526        -13452254 
       0.26042355              3.3       0.38975138         27314611         54307174        -13422935 
       0.26042355              3.1       0.38975138         25309567         85299508        -10732176 
       0.26042355              2.9       0.38975138        9384288.1         42670101        -28074226 
       0.26042355              2.7       0.38975138         29380378         58279749         22922572 
       0.26042355              2.5       0.38975138         17492020    2.6067157e+08         20073533 
       0.26042355              2.3       0.38975138        5356554.7    3.3718945e+08        1467380.9 
       0.26042355              2.1       0.38975138        3509553.6    3.6391823e+08        3037422.7 
       0.26042355              1.9       0.38975138          2899902    3.9100403e+08          3307412 
       0.26042355              1.7       0.38975138        2993654.8    4.1896521e+08          3755106 
       0.26042355              1.5       0.38975138        2650774.3    4.4694702e+08        3219086.8 
       0.26042355              1.3       0.38975138        1176896.8    4.6404909e+08        921783.24 
       0.26042355              1.1       0.38975138         386354.1    4.6818146e+08       -266736.02 
       0.26042355              0.9       0.38975138        102504.57    4.6691899e+08       -586122.84 
       0.26042355              0.7       0.38975138       -7957.7941    4.6424923e+08       -589779.05 
       0.26042355              0.5       0.38975138       -47743.806    4.6162138e+08       -468934.77 
       0.26042355              0.3       0.38975138       -53143.264    4.5962792e+08       -295386.79 
       0.26042355              0.1       0.38975138       -41121.028    4.5853054e+08       -100236.27 
       0.26042355             -0.1       0.38975138       -22404.302    4.5843278e+08        100184.85 
       0.26042355             -0.3       0.38975138       -6088.5836    4.5933618e+08        293337.82 
       0.26042355             -0.5       0.38975138       -2513.5932    4.6114075e+08        462849.16 
       0.26042355             -0.7       0.38975138       -27750.157    4.6359008e+08        577596.22 
       0.26042355             -0.9       0.38975138       -116347.58    4.6610148e+08        566013.25 
       0.26042355             -1.1       0.38975138       -367475.53    4.6724753e+08        238213.88 
       0.26042355             -1.3       0.38975138       -1106290.4    4.6309808e+08       -953786.63 
       0.26042355             -1.5       0.38975138       -2499469.2    4.4619472e+08       -3247514.3 
       0.26042355             -1.7       0.38975138       -2738412.7    4.1865331e+08       -3814762.5 
       0.26042355             -1.9       0.38975138       -2467807.5     3.912962e+08       -3453865.2 
       0.26042355             -2.1       0.38975138       -2663858.8     3.649848e+08       -3398269.4 
       0.26042355             -2.3       0.38975138       -3261265.8    3.3800982e+08       -2706679.1 
       0.26042355             -2.5       0.38975138        -14641376    2.7669997e+08        -14381837 
       0.26042355             -2.7       0.38975138        -21133561    1.4190996e+08        -12524182 
       0.26042355             -2.9       0.38975138        -12296015         92564217          9904575 
       0.26042355             -3.1       0.38975138        -20756710         81824545        9150849.5 
       0.26042355             -3.3       0.38975138        -22625796         53888278         10669033 
       0.26042355             -3.5       0.38975138        -21437683         28042523         11017172 
       0.26042355             -3.7       0.38975138        -20728321        2895941.7        9860064.1 
       0.26042355             -3.9       0.38975138        -23900929        -53839573       -368014.89 
       0.26042355             -4.1       0.38975138       -7858528.6   -1.0251942e+08          5327957 
       0.26042355             -4.3       0.38975138       -3699429.3   -1.0215962e+08        4338078.1 
       0.26042355             -4.5       0.38975138       -1892436.4        -92535851        4067024.5 
       0.26042355             -4.7       0.38975138        -941234.6        -76513021        4160114.7 
       0.26042355             -4.9       0.38975138       -414510.82        -48157144        4839371.8 
       0.38975138              4.9       0.26042355       -722042.84        -48638798       -5150814.9 
       0.38975138              4.7       0.26042355        138419.88        -78281303       -4758728.5 
       0.38975138              4.5       0.26042355        1250541.9        -95517252       -5157017.3 
       0.38975138              4.3       0.26042355        3073169.2   -1.0723655e+08         -6385640 
       0.38975138              4.1       0.26042355        6998274.6   -1.1475677e+08       -9794764.3 
       0.38975138              3.9       0.26042355         28063159        -63423568        -12562728 
       0.38975138              3.7       0.26042355         19927090          1548965        -20347606 
       0.38975138              3.5       0.26042355         20276224         27240473        -21627772 
       0.38975138              3.3       0.26042355         21366302         55270422        -21250174 
       0.38975138              3.1       0.26042355         20493269         90107164        -18237830 
       0.38975138              2.9       0.26042355       -4266165.3         52204978        -23750902 
       0.38975138              2.7       0.26042355         37103411         68263503        8384068.7 
       0.38975138              2.5       0.26042355         25793384    2.6522706e+08        9401161.9 
       0.38975138              2.3       0.26042355        4364250.7    3.3897898e+08        1137978.4 
       0.38975138              2.1       0.26042355        4372483.3    3.6481256e+08        1612085.6 
       0.38975138              1.9       0.26042355          4031092    3.9132713e+08        1907012.9 
       0.38975138              1.7       0.26042355        4293874.3    4.1903385e+08        2279194.2 
       0.38975138              1.5       0.26042355        3776173.9    4.4690733e+08        1934320.8 
       0.38975138              1.3       0.26042355        1545280.4    4.6402191e+08        396662.74 
       0.38975138              1.1       0.26042355        351416.47    4.6821947e+08       -392338.26 
       0.38975138              0.9       0.26042355       -50202.873      4.67001e+08        -579214.1 
       0.38975138              0.7       0.26042355       -171666.17    4.6434951e+08        -542633.4 
       0.38975138              0.5       0.26042355        -179329.3     4.617258e+08       -418336.58 
       0.38975138              0.3       0.26042355       -134152.32     4.597309e+08       -258213.73 
       0.38975138              0.1       0.26042355       -64121.933    4.5863099e+08       -84309.248 
       0.38975138             -0.1       0.26042355        14059.812    4.5853137e+08        92478.181 
       0.38975138             -0.3       0.26042355        86603.762    4.5943346e+08        264132.22 
       0.38975138             -0.5       0.26042355        137087.77    4.6123519e+08        419662.38 
       0.38975138             -0.7       0.26042355        138208.57    4.6367533e+08        536866.28 
       0.38975138             -0.9       0.26042355        30475.827    4.6616201e+08         563742.5 
       0.38975138             -1.1       0.26042355       -349028.93    4.6725524e+08        364952.59 
       0.38975138             -1.3       0.26042355       -1503293.5     4.630273e+08        -435578.9 
       0.38975138             -1.5       0.26042355       -3667794.8    4.4608801e+08       -1985505.8 
       0.38975138             -1.7       0.26042355       -4116197.8    4.1860582e+08       -2376806.7 
       0.38975138             -1.9       0.26042355       -3756791.9    3.9139193e+08       -2103021.8 
       0.38975138             -2.1       0.26042355       -3941010.2    3.6540715e+08       -1953563.6 
       0.38975138             -2.3       0.26042355       -4055955.1    3.3986786e+08       -1362539.8 
       0.38975138             -2.5       0.26042355        -20153925    2.8089945e+08       -6676500.6 
       0.38975138             -2.7       0.26042355        -25606153    1.4846974e+08       -2377621.8 
       0.38975138             -2.9       0.26042355       -8835739.6    1.0026077e+08         13364574 
       0.38975138             -3.1       0.26042355        -17540446         86988663         15175938 
       0.38975138             -3.3       0.26042355        -18938045         54613028         17549848 
       0.38975138             -3.5       0.26042355        -17855768         26920967         18086928 
       0.38975138             -3.7       0.26042355        -17650763        1630424.8         16949150 
       0.38975138             -3.9       0.26042355        -25312895        -61712741        8886623.2 
       0.38975138             -4.1       0.26042355         -6121835   -1.1159952e+08        8579480.1 
       0.38975138             -4.3       0.26042355       -2566319.9   -1.0487681e+08        5633779.2 
       0.38975138             -4.5       0.26042355       -899457.64        -93712097        4615896.4 
       0.38975138             -4.7       0.26042355        121318.72        -76972542        4335152.8 
       0.38975138             -4.9       0.26042355        936178.47        -47924997        4772100.8 
        0.4597431              4.9      0.091448588       -2814377.3        -48490635       -2230787.3 
        0.4597431              4.7      0.091448588       -1851260.8        -78682951         -2097859 
        0.4597431              4.5      0.091448588       -1046406.8        -96490243       -2326251.6 
        0.4597431              4.3      0.091448588        -74475.85    -1.093891e+08       -2970988.9 
        0.4597431              4.1      0.091448588        1526929.4   -1.1894024e+08       -4373057.1 
        0.4597431              3.9      0.091448588         25343454        -67071690        -10793079 
        0.4597431              3.7      0.091448588         12577182        85270.914        -12288173 
        0.4597431              3.5      0.091448588         12315902         26784820        -12908750 
        0.4597431              3.3      0.091448588         13750540         56031421        -12896777 
        0.4597431              3.1      0.091448588         13816437         92374360        -11237216 
        0.4597431              2.9      0.091448588        -14336625         52897803        -10239355 
        0.4597431              2.7      0.091448588         38682617         65630263        352059.61 
        0.4597431              2.5      0.091448588         28304321    2.6322779e+08        1803319.2 
        0.4597431              2.3      0.091448588        4219046.7    3.3750438e+08        799669.25 
        0.4597431              2.1      0.091448588          4559697    3.6501594e+08        516439.44 
        0.4597431              1.9      0.091448588        4415909.6    3.9150617e+08        598821.77 
        0.4597431              1.7      0.091448588        4821789.6    4.1908273e+08        741232.65 
        0.4597431              1.5      0.091448588          4221747    4.4688358e+08        622891.55 
        0.4597431              1.3      0.091448588        1581893.4    4.6400677e+08        82428.915 
        0.4597431              1.1      0.091448588        174885.33    4.6825032e+08       -193054.03 
        0.4597431              0.9      0.091448588       -270683.82    4.6706256e+08       -251700.12 
        0.4597431              0.7      0.091448588       -369640.94    4.6442363e+08       -228797.56 
        0.4597431              0.5      0.091448588       -328307.38    4.6180261e+08       -174006.85 
        0.4597431              0.3      0.091448588       -223705.23    4.5980665e+08       -106509.82 
        0.4597431              0.1      0.091448588       -90637.155    4.5870506e+08       -34343.543 
        0.4597431             -0.1      0.091448588        51009.583     4.586044e+08        38686.289 
        0.4597431             -0.3      0.091448588        185204.77    4.5950601e+08        109873.31 
        0.4597431             -0.5      0.091448588        292255.73    4.6130643e+08        175367.02 
        0.4597431             -0.7      0.091448588        337866.47    4.6374104e+08        227046.57 
        0.4597431             -0.9      0.091448588        246213.78    4.6621157e+08        245638.08 
        0.4597431             -1.1      0.091448588       -185902.46    4.6726912e+08        181520.68 
        0.4597431             -1.3      0.091448588       -1564315.4    4.6298745e+08       -99901.131 
        0.4597431             -1.5      0.091448588       -4153153.4    4.4602559e+08       -647696.34 
        0.4597431             -1.7      0.091448588       -4716594.5    4.1858969e+08        -787200.3 
        0.4597431             -1.9      0.091448588       -4277272.4    3.9147455e+08       -682662.71 
        0.4597431             -2.1      0.091448588       -4368237.5    3.6563751e+08          -612686 
        0.4597431             -2.3      0.091448588       -4129980.7    3.3951661e+08       -605310.91 
        0.4597431             -2.5      0.091448588        -21620158    2.8078562e+08       -1249657.6 
        0.4597431             -2.7      0.091448588        -24999503    1.5006154e+08        1568891.5 
        0.4597431             -2.9      0.091448588       -3509867.2    1.0363095e+08          7327032 
        0.4597431             -3.1      0.091448588        -12025251         89641359        9410631.3 
        0.4597431             -3.3      0.091448588        -12392040         55373082         10622810 
        0.4597431             -3.5      0.091448588        -10922412         26505255         10700073 
        0.4597431             -3.7      0.091448588        -11271589         332238.4         10172759 
        0.4597431             -3.9      0.091448588        -23350138        -65378658        8223314.1 
        0.4597431             -4.1      0.091448588       -1348637.4   -1.1565321e+08        3897811.3 
        0.4597431             -4.3      0.091448588        149259.63   -1.0681968e+08        2648238.6 
        0.4597431             -4.5      0.091448588        1091176.5        -94555847        2094009.8 
        0.4597431             -4.7      0.091448588        1874256.2        -77307213        1917026.2 
        0.4597431             -4.9      0.091448588        2819577.4        -47760803        2069661.5 
     -0.091448588             -4.9        0.4597431        2376929.1        -48435857        4581920.1 
     -0.091448588             -4.7        0.4597431        2835720.1        -76598489        3849066.3 
     -0.091448588             -4.5        0.4597431        3867955.7        -92479127        3517276.2 
     -0.091448588             -4.3        0.4597431          5775155   -1.0161159e+08        3185817.3 
     -0.091448588             -4.1        0.4597431        9081908.2   -1.0134323e+08        2253282.4 
     -0.091448588             -3.9        0.4597431         21713404        -52253654       -5190413.5 
     -0.091448588             -3.7        0.4597431         20472274        4261475.3        4623866.7 
     -0.091448588             -3.5        0.4597431         20841031         28960432        5440162.9 
     -0.091448588             -3.3        0.4597431         21298241         54037270        5261742.5 
     -0.091448588             -3.1        0.4597431         19453414         80098276        4683739.3 
     -0.091448588             -2.9        0.4597431         13367683         87513289        7579890.1 
     -0.091448588             -2.7        0.4597431         13862055    1.3624024e+08        -19712278 
     -0.091448588             -2.5        0.4597431        8829959.9    2.7550898e+08        -18655310 
     -0.091448588             -2.3        0.4597431        3326993.7    3.3773054e+08       -3446531.9 
     -0.091448588             -2.1        0.4597431        2413025.7    3.6512269e+08       -3883970.3 
     -0.091448588             -1.9        0.4597431        1885267.4    3.9156478e+08       -3927709.4 
     -0.091448588             -1.7        0.4597431        1693798.4    4.1892509e+08       -4423382.9 
     -0.091448588             -1.5        0.4597431        1418866.3    4.4644232e+08       -3850601.7 
     -0.091448588             -1.3        0.4597431        791357.94    4.6327688e+08       -1225007.4 
     -0.091448588             -1.1        0.4597431           426289    4.6733972e+08         131463.3 
     -0.091448588             -0.9        0.4597431        252537.07      4.66134e+08        508875.33 
     -0.091448588             -0.7        0.4597431        150132.49    4.6358949e+08        538719.99 
     -0.091448588             -0.5        0.4597431        80765.654    4.6112278e+08        432271.25 
     -0.091448588             -0.3        0.4597431        29580.058    4.5930866e+08         267114.3 
     -0.091448588             -0.1        0.4597431         -11318.3    4.5839915e+08        77040.087 
     -0.091448588              0.1        0.4597431        -47438.43    4.5849224e+08       -119566.56 
     -0.091448588              0.3        0.4597431       -83569.226    4.5958602e+08       -308164.44 
     -0.091448588              0.5        0.4597431       -124858.95    4.6157819e+08       -470118.75 
     -0.091448588              0.7        0.4597431       -178451.56    4.6421048e+08       -571017.05 
     -0.091448588              0.9        0.4597431       -258052.74    4.6689709e+08       -531902.53 
     -0.091448588              1.1        0.4597431        -400624.4    4.6819796e+08       -138197.01 
     -0.091448588              1.3        0.4597431       -725748.83    4.6412396e+08        1250540.5 
     -0.091448588              1.5        0.4597431       -1306306.1    4.4705186e+08        3931406.7 
     -0.091448588              1.7        0.4597431       -1523868.6    4.1902441e+08        4546597.4 
     -0.091448588              1.9        0.4597431       -1664599.6    3.9088979e+08        4087038.6 
     -0.091448588              2.1        0.4597431         -2250450    3.6308968e+08        4084881.5 
     -0.091448588              2.3        0.4597431       -4213117.6    3.3214791e+08        3383396.8 
     -0.091448588              2.5        0.4597431       -7215074.9    2.5082288e+08         27080183 
     -0.091448588              2.7        0.4597431        -14081787         31226917         36946690 
     -0.091448588              2.9        0.4597431        -13770268         23696257        -32099654 
     -0.091448588              3.1        0.4597431        -18585787         81038985       -4531356.3 
     -0.091448588              3.3        0.4597431        -20548942         53740183       -6186478.1 
     -0.091448588              3.5        0.4597431        -19403006         29189124       -5774066.8 
     -0.091448588              3.7        0.4597431        -18697700        4312881.9       -4794659.8 
     -0.091448588              3.9        0.4597431        -20099619        -52396455        5057709.2 
     -0.091448588              4.1        0.4597431       -7272072.3   -1.0201529e+08       -1898445.2 
     -0.091448588              4.3        0.4597431       -4517109.4   -1.0261359e+08         -2967346 
     -0.091448588              4.5        0.4597431       -2950362.9        -93493763       -3372762.1 
     -0.091448588              4.7        0.4597431       -2121237.4        -77493004         -3750857 
     -0.091448588              4.9        0.4597431       -1756735.7        -49031914       -4512788.5 
      -0.26042355             -4.9       0.38975138        2495852.7        -48405771        6187946.6 
      -0.26042355             -4.7       0.38975138          3309278        -77380921        5697497.6 
      -0.26042355             -4.5       0.38975138        4909572.7        -94184814        6032085.1 
      -0.26042355             -4.3       0.38975138        7839904.7   -1.0491587e+08        7044808.3 
      -0.26042355             -4.1       0.38975138         13764466   -1.0676745e+08        9180757.8 
      -0.26042355             -3.9       0.38975138         33184696        -56788322        4146619.2 
      -0.26042355             -3.7       0.38975138         30134048        2525240.8         15128619 
      -0.26042355             -3.5       0.38975138         30706319         28598697         16280072 
      -0.26042355             -3.3       0.38975138         31415857         55261290         15627604 
      -0.26042355             -3.1       0.38975138         28556762         84047236         13562478 
      -0.26042355             -2.9       0.38975138         18618334         95096855         13666534 
      -0.26042355             -2.7       0.38975138         26217975    1.4419052e+08       -9453147.2 
      -0.26042355             -2.5       0.38975138         18217296    2.7870808e+08        -12245387 
      -0.26042355             -2.3       0.38975138          5469650     3.395284e+08       -1270553.7 
      -0.26042355             -2.1       0.38975138        4200071.9    3.6602705e+08         -2406007 
      -0.26042355             -1.9       0.38975138        3550869.8    3.9199631e+08       -2758089.9 
      -0.26042355             -1.7       0.38975138          3515285    4.1913428e+08       -3320488.7 
      -0.26042355             -1.5       0.38975138        3060593.4    4.4654129e+08         -2893821 
      -0.26042355             -1.3       0.38975138        1507369.1    4.6335639e+08       -700681.24 
      -0.26042355             -1.1       0.38975138        648145.86    4.6744207e+08        415659.78 
      -0.26042355             -0.9       0.38975138        305477.82    4.6625108e+08        685835.24 
      -0.26042355             -0.7       0.38975138         145321.4    4.6370854e+08        652589.91 
      -0.26042355             -0.5       0.38975138        62361.473    4.6123762e+08        501923.04 
      -0.26042355             -0.3       0.38975138        17841.875    4.5941807e+08        302675.76 
      -0.26042355             -0.1       0.38975138       -7242.2584    4.5850435e+08        84056.446 
      -0.26042355              0.1       0.38975138       -25376.908    4.5859536e+08       -138964.39 
      -0.26042355              0.3       0.38975138       -47373.017    4.5968902e+08       -354970.56 
      -0.26042355              0.5       0.38975138       -85529.114    4.6168177e+08       -548661.93 
      -0.26042355              0.7       0.38975138       -158509.36    4.6431246e+08       -690061.74 
      -0.26042355              0.9       0.38975138        -304750.1     4.669899e+08       -708810.33 
      -0.26042355              1.1       0.38975138       -630010.16    4.6826729e+08       -415749.53 
      -0.26042355              1.3       0.38975138       -1472306.6    4.6416143e+08        739276.25 
      -0.26042355              1.5       0.38975138       -3016066.8    4.4710485e+08        2990608.2 
      -0.26042355              1.7       0.38975138       -3459871.4    4.1919922e+08        3459498.4 
      -0.26042355              1.9       0.38975138       -3518763.5    3.9136085e+08        2910560.9 
      -0.26042355              2.1       0.38975138       -4362908.6    3.6446392e+08        2486449.8 
      -0.26042355              2.3       0.38975138       -6564064.9    3.3799998e+08        682124.94 
      -0.26042355              2.5       0.38975138        -19396712    2.6177015e+08         18926414 
      -0.26042355              2.7       0.38975138        -32081179         59684073         21258377 
      -0.26042355              2.9       0.38975138        -12864360         44147455        -30074018 
      -0.26042355              3.1       0.38975138        -29571605         86509388        -13121750 
      -0.26042355              3.3       0.38975138        -32150435         55069975        -16112697 
      -0.26042355              3.5       0.38975138        -30847601         28829974        -16310646 
      -0.26042355              3.7       0.38975138        -29872842        2709632.8        -15013505 
      -0.26042355              3.9       0.38975138        -33045894        -56491302       -4135262.8 
      -0.26042355              4.1       0.38975138        -12739559   -1.0696929e+08       -8507666.8 
      -0.26042355              4.3       0.38975138       -7004138.4   -1.0558051e+08       -6523636.7 
      -0.26042355              4.5       0.38975138       -4281132.1        -94976610       -5657726.4 
      -0.26042355              4.7       0.38975138       -2810852.8        -78150363         -5417218 
      -0.26042355              4.9       0.38975138       -2057916.2        -48958959       -5960211.6 
      -0.38975138             -4.9       0.26042355        34085.027        -48295225        6126332.5 
      -0.38975138             -4.7       0.26042355        978904.82        -78269708        5877289.9 
      -0.38975138             -4.5       0.26042355        2293343.5        -96170108        6583617.9 
      -0.38975138             -4.3       0.26042355        4462319.2   -1.0894978e+08        8333450.1 
      -0.38975138             -4.1       0.26042355        8835919.3   -1.1810644e+08         12436294 
      -0.38975138             -3.9       0.26042355         30458383        -66175979         13558940 
      -0.38975138             -3.7       0.26042355         22410241        1219330.5         22281998 
      -0.38975138             -3.5       0.26042355         22513215         27700713         23394961 
      -0.38975138             -3.3       0.26042355         23407667         56580160         22554923 
      -0.38975138             -3.1       0.26042355         21534888         90304129         19628536 
      -0.38975138             -2.9       0.26042355         11962516     1.040703e+08         17161155 
      -0.38975138             -2.7       0.26042355         28095693    1.5196183e+08           718718 
      -0.38975138             -2.5       0.26042355         21930824    2.8409515e+08       -4536172.2 
      -0.38975138             -2.3       0.26042355        5075764.4    3.4225384e+08        74742.927 
      -0.38975138             -2.1       0.26042355          4654977    3.6696642e+08       -961919.51 
      -0.38975138             -1.9       0.26042355        4263768.2    3.9243951e+08       -1407064.9 
      -0.38975138             -1.7       0.26042355        4484072.6    4.1932536e+08       -1882148.1 
      -0.38975138             -1.5       0.26042355        3936652.3    4.4660628e+08       -1631227.1 
      -0.38975138             -1.3       0.26042355        1695710.4    4.6341372e+08       -181749.33 
      -0.38975138             -1.1       0.26042355        483696.78    4.6754656e+08        543140.39 
      -0.38975138             -0.9       0.26042355        60185.696    4.6638621e+08        684179.07 
      -0.38975138             -0.7       0.26042355       -82211.485    4.6385295e+08        612298.69 
      -0.38975138             -0.5       0.26042355       -109286.82    4.6138049e+08        459000.14 
      -0.38975138             -0.3       0.26042355       -82466.712    4.5955627e+08        273576.64 
      -0.38975138             -0.1       0.26042355       -30402.092    4.5863872e+08        76319.097 
      -0.38975138              0.1       0.26042355        29497.536     4.587282e+08        -123186.7 
      -0.38975138              0.3       0.26042355        82653.446    4.5982251e+08       -318049.78 
      -0.38975138              0.5       0.26042355        111643.65    4.6181633e+08       -498405.45 
      -0.38975138              0.7       0.26042355        87712.541    4.6444428e+08        -643333.6 
      -0.38975138              0.9       0.26042355       -51050.528    4.6710721e+08       -702374.87 
      -0.38975138              1.1       0.26042355       -472309.77     4.683479e+08       -541840.01 
      -0.38975138              1.3       0.26042355       -1690109.7    4.6418985e+08        213730.84 
      -0.38975138              1.5       0.26042355       -3952595.2    4.4714329e+08        1705516.8 
      -0.38975138              1.7       0.26042355       -4515469.1    4.1938402e+08        1983333.1 
      -0.38975138              1.9       0.26042355       -4321500.6    3.9186147e+08        1509801.2 
      -0.38975138              2.1       0.26042355       -4769964.2    3.6563007e+08        1060312.7 
      -0.38975138              2.3       0.26042355       -4924918.9    3.4024168e+08        347290.44 
      -0.38975138              2.5       0.26042355        -26731611    2.6695146e+08        8255092.6 
      -0.38975138              2.7       0.26042355        -38392823         70304322        6725771.5 
      -0.38975138              2.9       0.26042355        2549070.9         54330195        -25783658 
      -0.38975138              3.1       0.26042355        -22611720         91902409        -20643485 
      -0.38975138              3.3       0.26042355        -23771702         56397745        -23936446 
      -0.38975138              3.5       0.26042355        -22790051         27675858        -24471047 
      -0.38975138              3.7       0.26042355        -22481644        1316471.5        -23206888 
      -0.38975138              3.9       0.26042355        -30811292        -65820209        -15044076 
      -0.38975138              4.1       0.26042355       -8435787.4    -1.182347e+08        -11841402 
      -0.38975138              4.3       0.26042355       -4087237.9   -1.0939597e+08       -7827546.2 
      -0.38975138              4.5       0.26042355       -2004366.1        -96806386       -6216986.6 
      -0.38975138              4.7       0.26042355       -741671.58        -78949151       -5599061.9 
      -0.38975138              4.9       0.26042355        182646.34        -48815136       -5897023.2 
       -0.4597431             -4.9      0.091448588       -2640244.7        -48196185        2634089.7 
       -0.4597431             -4.7      0.091448588       -1674811.1        -78836952        2559958.2 
       -0.4597431             -4.5      0.091448588       -847072.46        -97451450        2915512.6 
       -0.4597431             -4.3      0.091448588        168292.56   -1.1160947e+08        3780020.2 
       -0.4597431             -4.1      0.091448588        1794035.5   -1.2313938e+08        5482593.4 
       -0.4597431             -3.9      0.091448588         26121609        -70538872         10573050 
       -0.4597431             -3.7      0.091448588         13060789       -215779.66         12598602 
       -0.4597431             -3.5      0.091448588         12612280         27420066         13097013 
       -0.4597431             -3.3      0.091448588         14080461         57686154         12856422 
       -0.4597431             -3.1      0.091448588         13555473         93505253         11354447 
       -0.4597431             -2.9      0.091448588        4507203.6    1.0809376e+08        8943212.2 
       -0.4597431             -2.7      0.091448588         25734606    1.5411641e+08        2902267.9 
       -0.4597431             -2.5      0.091448588         22174646    2.8440813e+08       -340890.93 
       -0.4597431             -2.3      0.091448588        4303670.8    3.4225181e+08       -29676.319 
       -0.4597431             -2.1      0.091448588        4501342.7    3.6747483e+08       -202444.17 
       -0.4597431             -1.9      0.091448588        4376699.1    3.9270986e+08       -394419.85 
       -0.4597431             -1.7      0.091448588        4794883.4    4.1943817e+08       -582200.32 
       -0.4597431             -1.5      0.091448588        4214776.2    4.4663659e+08       -500751.39 
       -0.4597431             -1.3      0.091448588        1608485.1     4.634431e+08        5492.6515 
       -0.4597431             -1.1      0.091448588        216611.65    4.6761289e+08        255591.65 
       -0.4597431             -0.9      0.091448588       -225776.17    4.6647629e+08        295746.65 
       -0.4597431             -0.7      0.091448588       -325833.24    4.6395083e+08         258456.4 
       -0.4597431             -0.5      0.091448588       -287368.36    4.6147807e+08         191769.4 
       -0.4597431             -0.3      0.091448588       -186551.41    4.5965111e+08        113843.57 
       -0.4597431             -0.1      0.091448588       -57907.118    4.5873123e+08        32009.126 
       -0.4597431              0.1      0.091448588        78705.605    4.5881991e+08       -50465.748 
       -0.4597431              0.3      0.091448588        207124.38    4.5991486e+08       -131341.62 
       -0.4597431              0.5      0.091448588        307346.18    4.6190953e+08       -207241.77 
       -0.4597431              0.7      0.091448588        344457.12    4.6453552e+08       -270595.01 
       -0.4597431              0.9      0.091448588        241323.57    4.6718791e+08       -302811.16 
       -0.4597431              1.1      0.091448588       -208475.25    4.6840181e+08       -255075.66 
       -0.4597431              1.3      0.091448588       -1619812.6     4.642047e+08        6576.7974 
       -0.4597431              1.5      0.091448588       -4264283.4    4.4716172e+08        528054.42 
       -0.4597431              1.7      0.091448588       -4870156.4    4.1949579e+08         618605.1 
       -0.4597431              1.9      0.091448588       -4473727.2    3.9213685e+08        434078.04 
       -0.4597431              2.1      0.091448588       -4634140.5    3.6598175e+08        287096.18 
       -0.4597431              2.3      0.091448588       -4315767.1    3.3897154e+08        475483.76 
       -0.4597431              2.5      0.091448588        -28580643     2.652224e+08          1317965 
       -0.4597431              2.7      0.091448588        -39024823         68058115       -402194.76 
       -0.4597431              2.9      0.091448588         13733363         55408707        -11163445 
       -0.4597431              3.1      0.091448588        -14609520         94442742        -12343955 
       -0.4597431              3.3      0.091448588        -14664945         57315079        -14085136 
       -0.4597431              3.5      0.091448588        -13239186         27276357        -14118301 
       -0.4597431              3.7      0.091448588        -13541326       -221667.73        -13519854 
       -0.4597431              3.9      0.091448588        -26799392        -69802043        -12022599 
       -0.4597431              4.1      0.091448588         -1761476   -1.2290833e+08       -5196635.6 
       -0.4597431              4.3      0.091448588        -94078.58   -1.1191561e+08       -3561841.8 
       -0.4597431              4.5      0.091448588        913827.99        -98003580         -2762070 
       -0.4597431              4.7      0.091448588        1740230.5        -79468391       -2444192.3 
       -0.4597431              4.9      0.091448588        2711911.4        -48697679       -2538716.7 
        0.4597431             -4.9     -0.091448588        2818960.7        -47760465       -2072984.2 
       0.38975138             -4.9      -0.26042355        935317.48        -47924139       -4773618.1 
       0.26042355             -4.9      -0.38975138       -413759.27        -48156218       -4839055.8 
      0.091448588             -4.9       -0.4597431         488065.6        -48347746       -4024327.7 
        0.4597431             -4.7     -0.091448588          1873331        -77305883       -1921892.9 
       0.38975138             -4.7      -0.26042355        120028.39        -76969137       -4337351.6 
       0.26042355             -4.7      -0.38975138       -940032.69        -76509401       -4159581.4 
      0.091448588             -4.7       -0.4597431        429582.73        -76291561       -3212660.4 
        0.4597431             -4.5     -0.091448588        1089366.9        -94552479       -2103186.3 
       0.38975138             -4.5      -0.26042355       -901981.72        -93703427       -4619817.7 
       0.26042355             -4.5      -0.38975138       -1889966.3        -92527045       -4065749.2 
      0.091448588             -4.5       -0.4597431        305610.53        -91894018       -2702005.3 
        0.4597431             -4.3     -0.091448588         145204.2   -1.0681014e+08       -2668619.5 
       0.38975138             -4.3      -0.26042355       -2571666.1   -1.0485427e+08       -5641057.4 
       0.26042355             -4.3      -0.38975138       -3693633.2   -1.0213925e+08         -4334661 
      0.091448588             -4.3       -0.4597431       -8515.7474   -1.0062398e+08       -2056487.7 
        0.4597431             -4.1     -0.091448588       -1358855.2   -1.1562322e+08       -3939886.2 
       0.38975138             -4.1      -0.26042355         -6140102   -1.1154522e+08       -8598788.7 
       0.26042355             -4.1      -0.38975138       -7851746.1   -1.0246419e+08       -5324098.2 
      0.091448588             -4.1       -0.4597431       -656429.06        -99437907       -606574.79 
        0.4597431             -3.9     -0.091448588        -23411930        -65357063       -8404025.2 
       0.38975138             -3.9      -0.26042355        -25367399        -61672736       -9058810.3 
       0.26042355             -3.9      -0.38975138        -23856780        -53811475        347002.61 
      0.091448588             -3.9       -0.4597431       -8916035.9        -50974076        7283733.3 
        0.4597431             -3.7     -0.091448588        -11295258        316372.66        -10302265 
       0.38975138             -3.7      -0.26042355        -17678178        1611986.7        -17016415 
       0.26042355             -3.7      -0.38975138        -20705756        2875736.6         -9855357 
      0.091448588             -3.7       -0.4597431       -7194404.5        4212450.4       -2252624.1 
        0.4597431             -3.5     -0.091448588        -10934677         26487577        -10805492 
       0.38975138             -3.5      -0.26042355        -17872962         26887602        -18144567 
       0.26042355             -3.5      -0.38975138        -21412084         28026689        -11015574 
      0.091448588             -3.5       -0.4597431       -7786476.4         28728500       -3106769.2 
        0.4597431             -3.3     -0.091448588        -12405501         55336080        -10670506 
       0.38975138             -3.3      -0.26042355        -18957492         54552372        -17594165 
       0.26042355             -3.3      -0.38975138        -22607898         53860193        -10674680 
      0.091448588             -3.3       -0.4597431       -8992858.4         53501448       -3067734.8 
        0.4597431             -3.1     -0.091448588        -12049124         89622937       -9389882.6 
       0.38975138             -3.1      -0.26042355        -17568891         86950156        -15198566 
       0.26042355             -3.1      -0.38975138        -20754851         81795047       -9159193.2 
      0.091448588             -3.1       -0.4597431       -8614942.3         79193524         -2740132 
        0.4597431             -2.9     -0.091448588       -3522613.8    1.0365289e+08       -7304656.1 
       0.38975138             -2.9      -0.26042355       -8851582.1    1.0026664e+08        -13375615 
       0.26042355             -2.9      -0.38975138        -12300683         92545063       -9912900.9 
      0.091448588             -2.9       -0.4597431       -4588360.3         86514747       -5945701.5 
        0.4597431             -2.7     -0.091448588        -24998241    1.5008385e+08       -1549446.7 
       0.38975138             -2.7      -0.26042355        -25616091     1.484844e+08          2363441 
       0.26042355             -2.7      -0.38975138        -21144247    1.4190164e+08         12515405 
      0.091448588             -2.7       -0.4597431       -6810246.8    1.3536281e+08         21037771 
        0.4597431             -2.5     -0.091448588        -21620943    2.8078337e+08        1252135.3 
       0.38975138             -2.5      -0.26042355        -20155961     2.809038e+08        6673749.5 
       0.26042355             -2.5      -0.38975138        -14644049    2.7669984e+08         14379200 
      0.091448588             -2.5       -0.4597431         -3926632    2.7469784e+08         19567326 
        0.4597431             -2.3     -0.091448588       -4130087.7    3.3951502e+08         604724.1 
       0.38975138             -2.3      -0.26042355         -4055916     3.398688e+08        1362584.9 
       0.26042355             -2.3      -0.38975138       -3262031.4    3.3801023e+08        2706133.3 
      0.091448588             -2.3       -0.4597431       -284336.93    3.3714186e+08        4039773.4 
        0.4597431             -2.1     -0.091448588       -4368318.9    3.6563752e+08        612267.94 
       0.38975138             -2.1      -0.26042355       -3941254.4    3.6540715e+08        1953175.9 
       0.26042355             -2.1      -0.38975138       -2664283.6    3.6498474e+08        3397955.4 
      0.091448588             -2.1       -0.4597431       -297078.01    3.6475777e+08        4294678.9 
        0.4597431             -1.9     -0.091448588       -4277346.9    3.9147453e+08        682267.18 
       0.38975138             -1.9      -0.26042355       -3756995.4    3.9139185e+08        2102694.6 
       0.26042355             -1.9      -0.38975138       -2468069.7    3.9129601e+08          3453668 
      0.091448588             -1.9       -0.4597431       -395364.35    3.9131861e+08        4215772.9 
        0.4597431             -1.7     -0.091448588       -4716657.1    4.1858966e+08         786861.8 
       0.38975138             -1.7      -0.26042355       -4116352.1    4.1860573e+08        2376553.2 
       0.26042355             -1.7      -0.38975138       -2738572.9    4.1865314e+08        3814636.2 
      0.091448588             -1.7       -0.4597431       -628180.37    4.1875589e+08        4627975.9 
        0.4597431             -1.5     -0.091448588       -4153203.7    4.4602556e+08        647416.03 
       0.38975138             -1.5      -0.26042355       -3667908.5    4.4608793e+08        1985310.3 
       0.26042355             -1.5      -0.38975138         -2499563    4.4619458e+08        3247431.6 
      0.091448588             -1.5       -0.4597431       -651642.19    4.4632036e+08        3996925.3 
        0.4597431             -1.3     -0.091448588       -1564354.9    4.6298742e+08        99672.246 
       0.38975138             -1.3      -0.26042355         -1503376    4.6302723e+08           435428 
       0.26042355             -1.3      -0.38975138       -1106340.8    4.6309796e+08        953732.55 
      0.091448588             -1.3       -0.4597431       -243384.74      4.63186e+08        1329636.7 
        0.4597431             -1.1     -0.091448588       -185933.34     4.672691e+08       -181703.08 
       0.38975138             -1.1      -0.26042355       -349089.33    4.6725518e+08       -365066.97 
       0.26042355             -1.1      -0.38975138       -367500.44    4.6724744e+08       -238247.93 
      0.091448588             -1.1       -0.4597431       -43032.627    4.6727133e+08       -58172.622 
        0.4597431             -0.9     -0.091448588        246189.89    4.6621156e+08       -245780.15 
       0.38975138             -0.9      -0.26042355        30431.445    4.6616196e+08       -563828.21 
       0.26042355             -0.9      -0.38975138          -116359    4.6610142e+08       -566034.69 
      0.091448588             -0.9       -0.4597431        5689.1059    4.6608145e+08       -459414.74 
        0.4597431             -0.7     -0.091448588        337848.02    4.6374102e+08       -227157.03 
       0.38975138             -0.7      -0.26042355        138175.63     4.636753e+08       -536930.99 
       0.26042355             -0.7      -0.38975138       -27754.443    4.6359003e+08       -577610.06 
      0.091448588             -0.7       -0.4597431        10610.128    4.6354789e+08       -507776.95 
        0.4597431             -0.5     -0.091448588        292241.19    4.6130642e+08       -175454.75 
       0.38975138             -0.5      -0.26042355        137062.72    4.6123517e+08       -419712.59 
       0.26042355             -0.5      -0.38975138       -2513.9711    4.6114071e+08       -462858.41 
      0.091448588             -0.5       -0.4597431        1538.0123    4.6108878e+08       -416156.46 
        0.4597431             -0.3     -0.091448588         185192.8      4.59506e+08       -109946.21 
       0.38975138             -0.3      -0.26042355        86583.805    4.5943344e+08       -264173.12 
       0.26042355             -0.3      -0.38975138       -6086.6386    4.5933616e+08       -293344.31 
      0.091448588             -0.3       -0.4597431       -12497.318    4.5927993e+08       -263271.28 
        0.4597431             -0.1     -0.091448588        50999.041     4.586044e+08       -38751.119 
       0.38975138             -0.1      -0.26042355        14042.766    4.5853136e+08       -92513.931 
       0.26042355             -0.1      -0.38975138       -22400.771    4.5843277e+08        -100189.7 
      0.091448588             -0.1       -0.4597431       -27659.752    4.5837405e+08       -83705.881 
        0.4597431              0.1     -0.091448588       -90647.275    4.5870506e+08        34280.794 
       0.38975138              0.1      -0.26042355       -64137.886    4.5863099e+08        84275.113 
       0.26042355              0.1      -0.38975138       -41116.216    4.5853054e+08        100232.28 
      0.091448588              0.1       -0.4597431       -41404.148    4.5846951e+08        103574.38 
        0.4597431              0.3     -0.091448588       -223715.87    4.5980665e+08        106443.48 
       0.38975138              0.3      -0.26042355       -134168.83    4.5973091e+08        258177.92 
       0.26042355              0.3      -0.38975138       -53137.287    4.5962793e+08        295383.01 
      0.091448588              0.3       -0.4597431       -51308.995    4.5956461e+08        283564.13 
        0.4597431              0.5     -0.091448588       -328319.49    4.6180262e+08        173931.14 
       0.38975138              0.5      -0.26042355       -179348.04    4.6172581e+08        418295.68 
       0.26042355              0.5      -0.38975138       -47736.805     4.616214e+08        468930.47 
      0.091448588              0.5       -0.4597431       -54397.309    4.6155702e+08        437201.81 
        0.4597431              0.7     -0.091448588       -369655.48    4.6442364e+08        228706.42 
       0.38975138              0.7      -0.26042355       -171688.97    4.6434954e+08        542583.65 
       0.26042355              0.7      -0.38975138       -7950.2513    4.6424926e+08        589773.15 
      0.091448588              0.7       -0.4597431       -45883.102    4.6418833e+08           529609 
        0.4597431              0.9     -0.091448588       -270701.72    4.6706257e+08         251587.6 
       0.38975138              0.9      -0.26042355       -50231.763    4.6700103e+08        579151.28 
       0.26042355              0.9      -0.38975138        102511.21    4.6691903e+08        586113.52 
      0.091448588              0.9       -0.4597431        -15061.23    4.6687224e+08         481231.3 
        0.4597431              1.1     -0.091448588        174863.41    4.6825034e+08        192915.96 
       0.38975138              1.1      -0.26042355        351379.26     4.682195e+08        392258.18 
       0.26042355              1.1      -0.38975138         386356.2    4.6818151e+08        266720.13 
      0.091448588              1.1       -0.4597431          70726.3    4.6816787e+08        76625.189 
        0.4597431              1.3     -0.091448588        1581867.3    4.6400678e+08        -82591.84 
       0.38975138              1.3      -0.26042355        1545232.2    4.6402194e+08       -396762.83 
       0.26042355              1.3      -0.38975138        1176886.2    4.6404914e+08       -921810.43 
      0.091448588              1.3       -0.4597431         324356.1    4.6408456e+08       -1326007.5 
        0.4597431              1.5     -0.091448588        4221716.6    4.4688358e+08       -623073.58 
       0.38975138              1.5      -0.26042355        3776110.2    4.4690735e+08         -1934442 
       0.26042355              1.5      -0.38975138        2650737.1    4.4694708e+08       -3219130.9 
      0.091448588              1.5       -0.4597431        807824.32    4.4699649e+08       -4025952.4 
        0.4597431              1.7     -0.091448588        4821757.6    4.1908272e+08       -741420.48 
       0.38975138              1.7      -0.26042355        4293791.7    4.1903385e+08       -2279342.1 
       0.26042355              1.7      -0.38975138          2993571    4.1896527e+08       -3755180.8 
      0.091448588              1.7       -0.4597431        884898.08    4.1894236e+08       -4668984.8 
        0.4597431              1.9     -0.091448588        4415887.8    3.9150609e+08       -598959.79 
       0.38975138              1.9      -0.26042355        4030983.2    3.9132701e+08       -1907203.2 
       0.26042355              1.9      -0.38975138        2899720.5    3.9100406e+08       -3307556.1 
      0.091448588              1.9       -0.4597431        813662.56    3.9076474e+08       -4251363.5 
        0.4597431              2.1     -0.091448588        4559735.7    3.6501557e+08       -516275.95 
       0.38975138              2.1      -0.26042355        4372306.8    3.6481193e+08       -1612385.5 
       0.26042355              2.1      -0.38975138        3509064.2    3.6391821e+08       -3037783.9 
      0.091448588              2.1       -0.4597431        1075292.7    3.6289927e+08       -4312936.1 
        0.4597431              2.3     -0.091448588        4219351.3    3.3750033e+08       -798068.89 
       0.38975138              2.3      -0.26042355        4363543.8    3.3897803e+08       -1139061.8 
       0.26042355              2.3      -0.38975138          5355404    3.3718896e+08       -1468188.9 
      0.091448588              2.3       -0.4597431        2547307.8    3.3183835e+08       -3708217.5 
        0.4597431              2.5     -0.091448588         28305764    2.6321868e+08       -1802091.3 
       0.38975138              2.5      -0.26042355         25793346    2.6522145e+08       -9402106.5 
       0.26042355              2.5      -0.38975138         17491637    2.6067181e+08        -20074900 
      0.091448588              2.5       -0.4597431        4606190.9    2.5038953e+08        -27569259 
        0.4597431              2.7     -0.091448588         38690854         65569652       -330168.19 
       0.38975138              2.7      -0.26042355         37093917         68238308         -8400586 
       0.26042355              2.7      -0.38975138         29370500         58291363        -22930982 
      0.091448588              2.7       -0.4597431         10331981         30750511        -37661240 
        0.4597431              2.9     -0.091448588        -14362173         52851489         10251000 
       0.38975138              2.9      -0.26042355       -4286763.1         52190675         23733379 
       0.26042355              2.9      -0.38975138        9380744.3         42688673         28063699 
      0.091448588              2.9       -0.4597431        9003268.9         23176356         31185230 
        0.4597431              3.1     -0.091448588         13797181         92387907         11260028 
       0.38975138              3.1      -0.26042355         20467269         90135383         18216711 
       0.26042355              3.1      -0.38975138         25308797         85322076         10720287 
      0.091448588              3.1       -0.4597431         12737774         80575392        3439110.5 
        0.4597431              3.3     -0.091448588         13741404         56059466         12874542 
       0.38975138              3.3      -0.26042355         21352956         55313945         21222535 
       0.26042355              3.3      -0.38975138         27334449         54326610         13417323 
      0.091448588              3.3       -0.4597431         13913293         53457337        4957026.1 
        0.4597431              3.5     -0.091448588         12320404         26790034         12856229 
       0.38975138              3.5      -0.26042355         20275965         27250759         21605777 
       0.26042355              3.5      -0.38975138         25787179         28530114         13453338 
      0.091448588              3.5       -0.4597431         12384621         29070631        4476495.4 
        0.4597431              3.7     -0.091448588         12578983        63425.083         12255542 
       0.38975138              3.7      -0.26042355         19921610        1521201.3         20331199 
       0.26042355              3.7      -0.38975138         24746586          2896995         12151349 
      0.091448588              3.7       -0.4597431         11570128          4290681        3479272.3 
        0.4597431              3.9     -0.091448588         25317612        -67078641         10788368 
       0.38975138              3.9      -0.26042355         28038798        -63444705         12531502 
       0.26042355              3.9      -0.38975138         27944397        -54935955        1666130.5 
      0.091448588              3.9       -0.4597431         13202452        -51725850       -6243050.8 
        0.4597431              4.1     -0.091448588        1526180.9   -1.1893387e+08        4368911.8 
       0.38975138              4.1      -0.26042355        6987234.2   -1.1475871e+08        9780456.5 
       0.26042355              4.1      -0.38975138        9573205.1   -1.0471363e+08        6442936.6 
      0.091448588              4.1       -0.4597431          2778496    -1.010173e+08        1020402.4 
        0.4597431              4.3     -0.091448588        -75570.48   -1.0939016e+08        2964231.2 
       0.38975138              4.3      -0.26042355        3070429.8   -1.0724186e+08          6381627 
       0.26042355              4.3      -0.38975138          4776708   -1.0412335e+08        5069028.2 
      0.091448588              4.3       -0.4597431        1421902.3   -1.0209751e+08        2361664.9 
        0.4597431              4.5     -0.091448588       -1047173.3        -96490996        2322004.8 
       0.38975138              4.5      -0.26042355        1249237.6        -95519985        5154702.6 
       0.26042355              4.5      -0.38975138        2644713.6        -94112917        4594076.3 
      0.091448588              4.5       -0.4597431        689322.22        -93189825          2931748 
        0.4597431              4.7     -0.091448588       -1851771.4        -78683386        2094975.9 
       0.38975138              4.7      -0.26042355        137664.64        -78282575        4757248.5 
       0.26042355              4.7      -0.38975138        1511424.3        -77703994        4576163.2 
      0.091448588              4.7       -0.4597431        330827.79        -77336223        3402695.6 
        0.4597431              4.9     -0.091448588       -2814786.5        -48490737          2228462 
       0.38975138              4.9      -0.26042355       -722619.33        -48639086        5149683.9 
       0.26042355              4.9      -0.38975138        901869.16        -48840766        5214384.2 
      0.091448588              4.9       -0.4597431        166534.42        -48990345        4204290.6 
       -0.4597431              4.9     -0.091448588        2711675.7        -48697624        2540166.2 
      -0.38975138              4.9      -0.26042355        182490.02        -48814983        5897521.4 
      -0.26042355              4.9      -0.38975138       -2056973.6        -48958812        5959788.1 
     -0.091448588              4.9       -0.4597431       -1754641.5        -49031921        4512447.3 
       -0.4597431              4.7     -0.091448588        1739930.2        -79468089        2446011.3 
      -0.38975138              4.7      -0.26042355       -741914.94        -78948262          5599769 
      -0.26042355              4.7      -0.38975138       -2809682.1        -78149448        5416745.5 
     -0.091448588              4.7       -0.4597431       -2118508.8        -77492801          3750431 
       -0.4597431              4.5     -0.091448588        913346.59        -98003056        2764873.8 
      -0.38975138              4.5      -0.26042355       -2004966.5        -96804328        6218234.6 
      -0.26042355              4.5      -0.38975138       -4279490.3        -94974426        5657099.2 
     -0.091448588              4.5       -0.4597431       -2945938.8        -93493056        3372071.2 
       -0.4597431              4.3     -0.091448588       -94771.079   -1.1191486e+08        3566569.2 
      -0.38975138              4.3      -0.26042355       -4088939.2   -1.0939165e+08        7829973.7 
      -0.26042355              4.3      -0.38975138       -7002183.6   -1.0557488e+08        6523010.2 
     -0.091448588              4.3       -0.4597431       -4508521.7   -1.0261038e+08        2965932.8 
       -0.4597431              4.1     -0.091448588       -1761695.9   -1.2291497e+08        5198086.6 
      -0.38975138              4.1      -0.26042355       -8445254.4   -1.1823364e+08         11853247 
      -0.26042355              4.1      -0.38975138        -12742788   -1.0694765e+08        8512215.8 
     -0.091448588              4.1       -0.4597431       -7248684.8   -1.0199788e+08        1894280.4 
       -0.4597431              3.9     -0.091448588        -26822867        -69795041         12022946 
      -0.38975138              3.9      -0.26042355        -30832564        -65799169         15069419 
      -0.26042355              3.9      -0.38975138        -33013265        -56470714          4137913 
     -0.091448588              3.9       -0.4597431        -20023065        -52385523       -5067280.7 
       -0.4597431              3.7     -0.091448588        -13536507       -199509.42         13548374 
      -0.38975138              3.7      -0.26042355        -22483298        1344522.6         23216599 
      -0.26042355              3.7      -0.38975138        -29848540        2716936.8         15010447 
     -0.091448588              3.7       -0.4597431        -18629103        4310499.9        4784640.9 
       -0.4597431              3.5     -0.091448588        -13231972         27270999         14167188 
      -0.38975138              3.5      -0.26042355        -22786716         27665437         24487073 
      -0.26042355              3.5      -0.38975138        -30818187         28828131         16307098 
     -0.091448588              3.5       -0.4597431        -19331716         29190981        5764001.4 
       -0.4597431              3.3     -0.091448588        -14672100         57286468         14103467 
      -0.38975138              3.3      -0.26042355        -23782249         56353668         23959218 
      -0.26042355              3.3      -0.38975138        -32128955         55051478         16116345 
     -0.091448588              3.3       -0.4597431        -20479646         53736703        6179744.5 
       -0.4597431              3.1     -0.091448588        -14627678         94429014         12316791 
      -0.38975138              3.1      -0.26042355        -22635943         91874198         20660871 
      -0.26042355              3.1      -0.38975138        -29571310         86488118         13132249 
     -0.091448588              3.1       -0.4597431        -18537149         81028778        4530860.1 
       -0.4597431              2.9     -0.091448588         13708331         55455566         11148327 
      -0.38975138              2.9      -0.26042355        2529678.1         54345506         25798834 
      -0.26042355              2.9      -0.38975138        -12866895         44130274         30083615 
     -0.091448588              2.9       -0.4597431        -13745992         23674621         32103328 
       -0.4597431              2.7     -0.091448588        -39016057         68119332        377469.61 
      -0.38975138              2.7      -0.26042355        -38401283         70330667       -6710989.6 
      -0.26042355              2.7      -0.38975138        -32090211         59673654        -21250694 
     -0.091448588              2.7       -0.4597431        -14066824         31205596        -36950615 
       -0.4597431              2.5     -0.091448588        -28578864    2.6523186e+08       -1321048.9 
      -0.38975138              2.5      -0.26042355        -26730900    2.6695788e+08       -8255439.2 
      -0.26042355              2.5      -0.38975138        -19396389    2.6177107e+08        -18925662 
     -0.091448588              2.5       -0.4597431       -7211724.6    2.5081928e+08        -27081041 
       -0.4597431              2.3     -0.091448588         -4315254    3.3897607e+08        -478155.7 
      -0.38975138              2.3      -0.26042355       -4925079.5    3.4024312e+08       -347045.91 
      -0.26042355              2.3      -0.38975138       -6564820.7    3.3800125e+08       -681601.51 
     -0.091448588              2.3       -0.4597431       -4213283.2    3.3214672e+08       -3383351.4 
       -0.4597431              2.1     -0.091448588       -4633947.4    3.6598248e+08       -288053.71 
      -0.38975138              2.1      -0.26042355       -4769829.9    3.6563099e+08       -1060495.4 
      -0.26042355              2.1      -0.38975138       -4362982.4     3.644644e+08       -2486383.6 
     -0.091448588              2.1       -0.4597431       -2250492.2    3.6308998e+08       -4084871.1 
       -0.4597431              1.9     -0.091448588       -4473646.3    3.9213703e+08       -434469.86 
      -0.38975138              1.9      -0.26042355       -4321362.4    3.9186184e+08       -1509993.9 
      -0.26042355              1.9      -0.38975138       -3518687.6     3.913612e+08       -2910602.1 
     -0.091448588              1.9       -0.4597431       -1664607.5    3.9089007e+08       -4087037.4 
       -0.4597431              1.7     -0.091448588       -4870116.7    4.1949586e+08       -618789.08 
      -0.38975138              1.7      -0.26042355       -4515377.9     4.193842e+08       -1983456.6 
      -0.26042355              1.7      -0.38975138       -3459779.9    4.1919943e+08         -3459552 
     -0.091448588              1.7       -0.4597431       -1523819.7     4.190246e+08       -4546607.9 
       -0.4597431              1.5     -0.091448588       -4264263.5    4.4716176e+08       -528134.25 
      -0.38975138              1.5      -0.26042355       -3952537.2    4.4714339e+08       -1705586.6 
      -0.26042355              1.5      -0.38975138         -3015982    4.4710498e+08       -2990654.5 
     -0.091448588              1.5       -0.4597431       -1306227.1    4.4705199e+08       -3931421.6 
       -0.4597431              1.3     -0.091448588       -1619803.2    4.6420472e+08        -6597.588 
      -0.38975138              1.3      -0.26042355       -1690072.2     4.641899e+08       -213764.36 
      -0.26042355              1.3      -0.38975138       -1472231.4    4.6416151e+08        -739311.7 
     -0.091448588              1.3       -0.4597431        -725658.4    4.6412405e+08       -1250554.9 
       -0.4597431              1.1     -0.091448588       -208472.09    4.6840182e+08        255084.34 
      -0.38975138              1.1      -0.26042355       -472286.42    4.6834793e+08        541826.13 
      -0.26042355              1.1      -0.38975138       -629947.49    4.6826733e+08        415721.59 
     -0.091448588              1.1       -0.4597431       -400537.32    4.6819801e+08        138183.58 
       -0.4597431              0.9     -0.091448588        241323.73    4.6718792e+08        302830.37 
      -0.38975138              0.9      -0.26042355       -51035.793    4.6710722e+08        702369.92 
      -0.26042355              0.9      -0.38975138       -304699.81    4.6698992e+08           708788 
     -0.091448588              0.9       -0.4597431       -257977.09    4.6689712e+08        531890.69 
       -0.4597431              0.7     -0.091448588        344456.14    4.6453552e+08        270615.92 
      -0.38975138              0.7      -0.26042355        87722.493    4.6444428e+08        643332.28 
      -0.26042355              0.7      -0.38975138       -158469.06    4.6431247e+08        690043.69 
     -0.091448588              0.7       -0.4597431       -178388.29     4.642105e+08        571006.95 
       -0.4597431              0.5     -0.091448588        307344.95    4.6190953e+08        207260.97 
      -0.38975138              0.5      -0.26042355        111651.17    4.6181633e+08         498405.2 
      -0.26042355              0.5      -0.38975138       -85495.842    4.6168177e+08        548646.84 
     -0.091448588              0.5       -0.4597431       -124805.77     4.615782e+08        470110.11 
       -0.4597431              0.3     -0.091448588        207123.31    4.5991486e+08        131358.13 
      -0.38975138              0.3      -0.26042355        82660.029    4.5982251e+08        318049.28 
      -0.26042355              0.3      -0.38975138       -47343.938    4.5968902e+08        354957.15 
     -0.091448588              0.3       -0.4597431       -83522.819    4.5958603e+08        308156.77 
       -0.4597431              0.1     -0.091448588        78704.885    4.5881991e+08        50479.476 
      -0.38975138              0.1      -0.26042355        29504.282     4.587282e+08         123185.1 
      -0.26042355              0.1      -0.38975138        -25349.39    4.5859536e+08        138951.44 
     -0.091448588              0.1       -0.4597431       -47395.328    4.5849224e+08        119559.33 
       -0.4597431             -0.1     -0.091448588       -57907.317    4.5873123e+08       -31998.167 
      -0.38975138             -0.1      -0.26042355       -30394.164    4.5863872e+08       -76322.602 
      -0.26042355             -0.1      -0.38975138       -7213.7476    4.5850435e+08       -84070.167 
     -0.091448588             -0.1       -0.4597431       -11275.071    4.5839914e+08       -77047.413 
       -0.4597431             -0.3     -0.091448588       -186550.85    4.5965111e+08       -113835.78 
      -0.38975138             -0.3      -0.26042355        -82456.41    4.5955627e+08       -273583.12 
      -0.26042355             -0.3      -0.38975138        17874.086    4.5941806e+08        -302691.6 
     -0.091448588             -0.3       -0.4597431        29626.871    4.5930865e+08       -267122.28 
       -0.4597431             -0.5     -0.091448588       -287366.59    4.6147807e+08       -191766.14 
      -0.38975138             -0.5      -0.26042355       -109272.48    4.6138048e+08       -459011.34 
      -0.26042355             -0.5      -0.38975138        62400.492    4.6123761e+08       -501942.57 
     -0.091448588             -0.5       -0.4597431        80819.597    4.6112275e+08       -432280.46 
       -0.4597431             -0.7     -0.091448588        -325829.4    4.6395083e+08       -258461.03 
      -0.38975138             -0.7      -0.26042355       -82190.597    4.6385293e+08       -612317.56 
      -0.26042355             -0.7      -0.38975138        145370.94    4.6370851e+08       -652615.09 
     -0.091448588             -0.7       -0.4597431        150197.01    4.6358945e+08          -538731 
       -0.4597431             -0.9     -0.091448588       -225768.64    4.6647628e+08       -295766.44 
      -0.38975138             -0.9      -0.26042355        60217.143    4.6638618e+08       -684210.84 
      -0.26042355             -0.9      -0.38975138        305542.23    4.6625103e+08       -685868.46 
     -0.091448588             -0.9       -0.4597431        252614.66    4.6613393e+08       -508888.55 
       -0.4597431             -1.1     -0.091448588         216625.8    4.6761287e+08       -255641.36 
      -0.38975138             -1.1      -0.26042355        483745.09     4.675465e+08       -543194.44 
      -0.26042355             -1.1      -0.38975138        648229.65    4.6744199e+08        -415704.1 
     -0.091448588             -1.1       -0.4597431        426379.01    4.6733962e+08       -131478.88 
       -0.4597431             -1.3     -0.091448588        1608510.6    4.6344307e+08       -5599.6756 
      -0.38975138             -1.3      -0.26042355        1695784.5    4.6341362e+08        181656.21 
      -0.26042355             -1.3      -0.38975138        1507475.3    4.6335625e+08        700621.14 
     -0.091448588             -1.3       -0.4597431         791452.8    4.6327672e+08        1224989.4 
       -0.4597431             -1.5     -0.091448588        4214818.9    4.4663653e+08        500547.61 
      -0.38975138             -1.5      -0.26042355        3936762.9    4.4660612e+08        1631070.2 
      -0.26042355             -1.5      -0.38975138        3060723.7    4.4654107e+08        2893737.6 
     -0.091448588             -1.5       -0.4597431        1418952.6    4.4644209e+08        3850580.7 
       -0.4597431             -1.7     -0.091448588        4794954.4    4.1943808e+08        581846.18 
      -0.38975138             -1.7      -0.26042355        4484240.4    4.1932511e+08        1881898.5 
      -0.26042355             -1.7      -0.38975138        3515446.4    4.1913395e+08        3320379.3 
     -0.091448588             -1.7       -0.4597431        1693859.2    4.1892476e+08        4423363.8 
       -0.4597431             -1.9     -0.091448588          4376817    3.9270971e+08        393822.74 
      -0.38975138             -1.9      -0.26042355        4264028.3    3.9243909e+08        1406673.3 
      -0.26042355             -1.9      -0.38975138        3551069.8    3.9199576e+08        2757953.6 
     -0.091448588             -1.9       -0.4597431        1885262.8    3.9156427e+08        3927702.2 
       -0.4597431             -2.1     -0.091448588        4501540.7    3.6747456e+08        201424.77 
      -0.38975138             -2.1      -0.26042355        4655404.4    3.6696568e+08        961269.38 
      -0.26042355             -2.1      -0.38975138        4200314.3    3.6602602e+08        2405843.3 
     -0.091448588             -2.1       -0.4597431        2412823.1    3.6512185e+08        3884002.3 
       -0.4597431             -2.3     -0.091448588        4303973.1    3.4225301e+08        28164.885 
      -0.38975138             -2.3      -0.26042355        5076787.4     3.422518e+08       -76300.077 
      -0.26042355             -2.3      -0.38975138        5469853.7    3.3952632e+08        1270413.8 
     -0.091448588             -2.3       -0.4597431          3326147    3.3772889e+08        3446689.6 
       -0.4597431             -2.5     -0.091448588         22174490    2.8440981e+08        334885.81 
      -0.38975138             -2.5      -0.26042355         21930210    2.8408923e+08        4536499.8 
      -0.26042355             -2.5      -0.38975138         18215944    2.7870598e+08         12246908 
     -0.091448588             -2.5       -0.4597431        8831760.7    2.7550749e+08         18655512 
       -0.4597431             -2.7     -0.091448588         25736849    1.5409304e+08       -2927171.6 
      -0.38975138             -2.7      -0.26042355         28087723    1.5194504e+08       -707852.99 
      -0.26042355             -2.7      -0.38975138         26208937    1.4419631e+08        9460544.4 
     -0.091448588             -2.7       -0.4597431         13872404    1.3624813e+08         19711325 
       -0.4597431             -2.9     -0.091448588        4495442.5    1.0807073e+08       -8972418.7 
      -0.38975138             -2.9      -0.26042355         11949031    1.0406251e+08        -17154593 
      -0.26042355             -2.9      -0.38975138         18615922         95113218        -13660171 
     -0.091448588             -2.9       -0.4597431         13389860         87525975       -7579123.3 
       -0.4597431             -3.1     -0.091448588         13532936         93524173        -11383165 
      -0.38975138             -3.1      -0.26042355         21509321         90343070        -19612141 
      -0.26042355             -3.1      -0.38975138         28561191         84074575        -13557000 
     -0.091448588             -3.1       -0.4597431         19498584         80107338         -4685484 
       -0.4597431             -3.3     -0.091448588         14069666         57724654        -12814234 
      -0.38975138             -3.3      -0.26042355         23392592         56642879        -22517533 
      -0.26042355             -3.3      -0.38975138         31437587         55288190        -15625744 
     -0.091448588             -3.3       -0.4597431         21360250         54039396         -5269480 
       -0.4597431             -3.5     -0.091448588         12603207         27438725        -12994717 
      -0.38975138             -3.5      -0.26042355         22501063         27736181        -23344960 
      -0.26042355             -3.5      -0.38975138         30736403         28614344        -16286509 
     -0.091448588             -3.5       -0.4597431         20904892         28958185       -5452495.9 
       -0.4597431             -3.7     -0.091448588         13039817       -196145.54        -12469361 
      -0.38975138             -3.7      -0.26042355         22387330        1243283.3        -22222864 
      -0.26042355             -3.7      -0.38975138         30160520        2549607.1        -15139182 
     -0.091448588             -3.7       -0.4597431         20537315        4274207.9       -4639213.8 
       -0.4597431             -3.9     -0.091448588         26059482        -70560789        -10381452 
      -0.38975138             -3.9      -0.26042355         30405636        -66215860        -13380637 
      -0.26042355             -3.9      -0.38975138         33234581        -56811917       -4128259.2 
     -0.091448588             -3.9       -0.4597431         21810008        -52255859        5170856.5 
       -0.4597431             -4.1     -0.091448588        1783836.2   -1.2317235e+08       -5441419.5 
      -0.38975138             -4.1      -0.26042355        8819569.9   -1.1816392e+08        -12420521 
      -0.26042355             -4.1      -0.38975138         13775348    -1.068205e+08       -9187628.3 
     -0.091448588             -4.1       -0.4597431        9127923.7   -1.0136393e+08       -2262331.2 
       -0.4597431             -4.3     -0.091448588        164578.84   -1.1161936e+08       -3761389.4 
      -0.38975138             -4.3      -0.26042355          4458340   -1.0897229e+08       -8328300.3 
      -0.26042355             -4.3      -0.38975138        7847706.2    -1.049344e+08       -7049632.5 
     -0.091448588             -4.3       -0.4597431        5794996.9   -1.0161847e+08       -3189555.2 
       -0.4597431             -4.5     -0.091448588       -848562.83        -97454698       -2907968.8 
      -0.38975138             -4.5      -0.26042355        2291711.4        -96178244       -6581065.5 
      -0.26042355             -4.5      -0.38975138        4913098.2        -94192420       -6034096.3 
     -0.091448588             -4.5       -0.4597431        3877018.8        -92481739       -3518929.8 
       -0.4597431             -4.7     -0.091448588       -1675478.8        -78838159       -2556402.2 
      -0.38975138             -4.7      -0.26042355        978265.84        -78272717         -5876083 
      -0.26042355             -4.7      -0.38975138        3311172.5        -77383855       -5698510.4 
     -0.091448588             -4.7       -0.4597431        2840323.5        -76599441       -3849885.7 
       -0.4597431             -4.9     -0.091448588       -2640641.6        -48196474       -2631882.3 
      -0.38975138             -4.9      -0.26042355         33763.92        -48295934       -6125633.2 
      -0.26042355             -4.9      -0.38975138        2497156.8        -48406457         -6188642 
     -0.091448588             -4.9       -0.4597431        2379927.4        -48436052       -4582453.3 

