%          X (in)           Y (in)           Z (in)         RealPolX         RealPolY         RealPolZ
      0.091448588              4.9        0.4597431        31573.598       -3171961.5       -549476.81 
      0.091448588              4.7        0.4597431        53595.585       -3809072.8       -584604.44 
      0.091448588              4.5        0.4597431        78866.952       -4337107.5       -606886.94 
      0.091448588              4.3        0.4597431        115257.79       -4937184.6       -482527.67 
      0.091448588              4.1        0.4597431        238963.79       -5225961.8        374385.28 
      0.091448588              3.9        0.4597431        365788.88       -1418236.7        1395518.9 
      0.091448588              3.7        0.4597431        112814.23          12809.9        181590.34 
      0.091448588              3.5        0.4597431        80121.122        149614.49        3875.2651 
      0.091448588              3.3        0.4597431        78371.781        323670.15       -47084.514 
      0.091448588              3.1        0.4597431        73905.406         507222.4       -52245.469 
      0.091448588              2.9        0.4597431        48764.832        637498.86       -54682.797 
      0.091448588              2.7        0.4597431        43295.384        634663.14        40873.784 
      0.091448588              2.5        0.4597431        170316.55        1205899.9        742517.96 
      0.091448588              2.3        0.4597431        88494.129        2022794.8        387692.77 
      0.091448588              2.1        0.4597431        115328.18        2774361.4        534611.58 
      0.091448588              1.9        0.4597431        135561.75        3678062.9        635504.13 
      0.091448588              1.7        0.4597431        196719.77        4962686.3        931873.41 
      0.091448588              1.5        0.4597431        194612.06        6921140.3        895565.41 
      0.091448588              1.3        0.4597431        26641.715        7802957.8        23103.826 
      0.091448588              1.1        0.4597431       -50821.659          7290682       -370337.67 
      0.091448588              0.9        0.4597431       -59026.681        6593226.6          -395793 
      0.091448588              0.7        0.4597431        -48741.49        6043294.7       -320176.73 
      0.091448588              0.5        0.4597431       -35050.813          5656574        -225620.2 
      0.091448588              0.3        0.4597431       -21624.022        5412037.8       -132946.53 
      0.091448588              0.1        0.4597431       -8896.4192        5292645.5       -44867.562 
      0.091448588             -0.1        0.4597431        3609.4922        5289803.6        41237.359 
      0.091448588             -0.3        0.4597431         16566.05        5403411.8        129145.43 
      0.091448588             -0.5        0.4597431        30463.842        5641853.1        221482.65 
      0.091448588             -0.7        0.4597431        44901.284        6021930.7        315571.79 
      0.091448588             -0.9        0.4597431        56285.628        6564420.5        390738.81 
      0.091448588             -1.1        0.4597431         49713.18        7253627.8        365408.81 
      0.091448588             -1.3        0.4597431         -25165.7        7758956.9       -25519.126 
      0.091448588             -1.5        0.4597431       -189618.35        6879589.6       -892164.53 
      0.091448588             -1.7        0.4597431        -189529.1          4931332       -927961.36 
      0.091448588             -1.9        0.4597431       -126716.19        3653103.1          -633460 
      0.091448588             -2.1        0.4597431       -104279.97        2753119.1        -533727.2 
      0.091448588             -2.3        0.4597431       -74899.849        1999034.8       -390216.53 
      0.091448588             -2.5        0.4597431        -143715.6        1199329.1       -707891.88 
      0.091448588             -2.7        0.4597431       -22306.055        638270.64       -51284.249 
      0.091448588             -2.9        0.4597431       -20844.973        623426.84        50382.275 
      0.091448588             -3.1        0.4597431       -40148.968        497859.66         49837.24 
      0.091448588             -3.3        0.4597431       -38230.557        316904.96        44207.742 
      0.091448588             -3.5        0.4597431       -36894.689        146141.04        -7392.801 
      0.091448588             -3.7        0.4597431       -66377.269        21042.381       -181952.22 
      0.091448588             -3.9        0.4597431       -322571.61       -1451711.3       -1414237.6 
      0.091448588             -4.1        0.4597431       -210351.27       -5137307.6       -370397.34 
      0.091448588             -4.3        0.4597431       -90160.709       -4868271.1        468696.69 
      0.091448588             -4.5        0.4597431       -59715.021       -4280808.3        595190.08 
      0.091448588             -4.7        0.4597431       -38400.781       -3760342.5         574872.8 
      0.091448588             -4.9        0.4597431       -19094.605       -3131476.4        541002.44 
       0.26042355              4.9       0.38975138          75802.3       -3212811.3       -536517.71 
       0.26042355              4.7       0.38975138        133056.83       -3860656.4       -572818.56 
       0.26042355              4.5       0.38975138        199713.55       -4375102.5       -586543.38 
       0.26042355              4.3       0.38975138        299691.51       -4908561.1       -448322.78 
       0.26042355              4.1       0.38975138         628666.5       -5092987.9        289685.29 
       0.26042355              3.9       0.38975138        1050931.9       -1381696.6        1124659.2 
       0.26042355              3.7       0.38975138        360506.27        15203.973        110167.28 
       0.26042355              3.5       0.38975138        263997.49        141710.48       -39411.629 
       0.26042355              3.3       0.38975138        250147.11        322323.37       -72170.333 
       0.26042355              3.1       0.38975138        229288.98        535532.03        -66565.51 
       0.26042355              2.9       0.38975138        155667.59        683001.69       -71559.976 
       0.26042355              2.7       0.38975138        144034.67        668362.19        9475.2436 
       0.26042355              2.5       0.38975138        510478.09        1228306.5        616671.42 
       0.26042355              2.3       0.38975138        273815.28        2034427.9        315635.08 
       0.26042355              2.1       0.38975138        347411.91        2777780.8        443785.58 
       0.26042355              1.9       0.38975138        401997.83        3677406.3        529964.64 
       0.26042355              1.7       0.38975138        573362.03        4957431.5        780177.44 
       0.26042355              1.5       0.38975138        565376.89        6911437.2        748111.87 
       0.26042355              1.3       0.38975138        86125.542          7797678        8420.7642 
       0.26042355              1.1       0.38975138       -136225.39        7293846.2       -325741.08 
       0.26042355              0.9       0.38975138       -160770.26        6600978.7          -346484 
       0.26042355              0.7       0.38975138       -132082.14        6052568.3       -280326.09 
       0.26042355              0.5       0.38975138       -93543.768        5666024.5       -197622.49 
       0.26042355              0.3       0.38975138       -55846.998        5421248.6       -116402.76 
       0.26042355              0.1       0.38975138       -20330.438        5301604.7       -39093.424 
       0.26042355             -0.1       0.38975138        14328.517        5298643.9        36511.742 
       0.26042355             -0.3       0.38975138        50016.203        5412261.2        113629.36 
       0.26042355             -0.5       0.38975138         88066.87        5650685.5         194468.4 
       0.26042355             -0.7       0.38975138        127179.76        6030303.2        276628.47 
       0.26042355             -0.9       0.38975138         156776.9        6570949.1        342204.27 
       0.26042355             -1.1       0.38975138        133831.03          7255204        321322.35 
       0.26042355             -1.3       0.38975138       -85172.679          7751770       -10937.619 
       0.26042355             -1.5       0.38975138          -559003          6868023       -745848.43 
       0.26042355             -1.7       0.38975138       -564947.32        4924426.1       -777798.88 
       0.26042355             -1.9       0.38975138       -392938.63        3650607.1       -529552.49 
       0.26042355             -2.1       0.38975138        -336881.3          2754191       -444780.51 
       0.26042355             -2.3       0.38975138       -262416.24        2006931.6       -320360.83 
       0.26042355             -2.5       0.38975138       -470598.21        1217847.8       -588067.19 
       0.26042355             -2.7       0.38975138       -129320.45        668007.64       -22167.062 
       0.26042355             -2.9       0.38975138       -131579.57        664136.57        64489.638 
       0.26042355             -3.1       0.38975138       -200536.18        521582.75        58913.417 
       0.26042355             -3.3       0.38975138       -213874.33        311122.84        65843.962 
       0.26042355             -3.5       0.38975138       -226479.22        136764.33        31814.354 
       0.26042355             -3.7       0.38975138       -320268.87         19222.38       -115186.88 
       0.26042355             -3.9       0.38975138       -1010129.2       -1411865.3       -1138071.5 
       0.26042355             -4.1       0.38975138       -584836.79       -4996481.9       -303948.79 
       0.26042355             -4.3       0.38975138       -274922.58       -4833299.6        430571.37 
       0.26042355             -4.5       0.38975138       -181305.51       -4313544.6        571998.25 
       0.26042355             -4.7       0.38975138       -118586.19       -3808363.1        560873.26 
       0.26042355             -4.9       0.38975138       -64041.665       -3170010.3        526302.29 
       0.38975138              4.9       0.26042355        22026.442       -3268306.7        -425550.1 
       0.38975138              4.7       0.26042355        90796.549       -3925333.6       -453960.79 
       0.38975138              4.5       0.26042355        174213.69       -4407723.9       -455374.64 
       0.38975138              4.3       0.26042355        316534.56       -4841782.4       -338411.16 
       0.38975138              4.1       0.26042355        816092.95       -4939560.2        144508.44 
       0.38975138              3.9       0.26042355        1508790.5       -1358334.1           705908 
       0.38975138              3.7       0.26042355        494331.02        16868.624        36772.584 
       0.38975138              3.5       0.26042355        350924.57         136633.6       -60839.159 
       0.38975138              3.3       0.26042355        329951.19         329879.4       -74143.744 
       0.38975138              3.1       0.26042355         300787.7        578908.08       -62633.482 
       0.38975138              2.9       0.26042355        193397.68        740852.49       -68854.615 
       0.38975138              2.7       0.26042355        186953.94        711172.75       -14637.005 
       0.38975138              2.5       0.26042355        758412.28        1259890.7        404251.88 
       0.38975138              2.3       0.26042355        397482.76        2052323.1        197545.67 
       0.38975138              2.1       0.26042355        512255.55        2783723.3        286711.06 
       0.38975138              1.9       0.26042355        594286.64        3677241.4        344983.32 
       0.38975138              1.7       0.26042355         848945.2        4950354.1        511243.62 
       0.38975138              1.5       0.26042355        835394.56        6897727.8        488655.92 
       0.38975138              1.3       0.26042355        118423.18        7790428.6       -5592.0323 
       0.38975138              1.1       0.26042355       -215584.44        7298886.1       -229432.34 
       0.38975138              0.9       0.26042355       -251818.89        6612647.4       -242433.36 
       0.38975138              0.7       0.26042355       -206713.68          6066435       -196195.99 
       0.38975138              0.5       0.26042355       -146166.21        5680169.6        -138434.5 
       0.38975138              0.3       0.26042355       -86713.808        5435088.9       -81555.482 
       0.38975138              0.1       0.26042355       -30558.352        5315137.5       -27299.839 
       0.38975138             -0.1       0.26042355        24235.982          5312074        25794.471 
       0.38975138             -0.3       0.26042355        80489.034        5425790.8        79893.606 
       0.38975138             -0.5       0.26042355        140146.77          5664303        136460.94 
       0.38975138             -0.7       0.26042355        201048.15        6043411.6        193772.59 
       0.38975138             -0.9       0.26042355        246800.44        6581613.6        239506.78 
       0.38975138             -1.1       0.26042355        212005.91        7258994.7        226281.83 
       0.38975138             -1.3       0.26042355        -118190.4        7743106.3        3598.8489 
       0.38975138             -1.5       0.26042355       -828380.56        6852981.2       -487530.75 
       0.38975138             -1.7       0.26042355        -840192.4        4916144.1        -510194.7 
       0.38975138             -1.9       0.26042355       -585874.12        3649060.7       -345435.47 
       0.38975138             -2.1       0.26042355       -503186.27          2758325       -288326.42 
       0.38975138             -2.3       0.26042355       -389460.22          2021678       -202160.41 
       0.38975138             -2.5       0.26042355       -707106.81        1246526.8       -384346.92 
       0.38975138             -2.7       0.26042355       -179298.86        708385.98        4185.9158 
       0.38975138             -2.9       0.26042355       -173698.62        718687.06        62942.142 
       0.38975138             -3.1       0.26042355       -277477.08        560321.63        55297.099 
       0.38975138             -3.3       0.26042355        -297412.4        315885.21        68076.404 
       0.38975138             -3.5       0.26042355       -319617.73        130794.75         52992.15 
       0.38975138             -3.7       0.26042355       -458030.24        26011.627       -40136.147 
       0.38975138             -3.9       0.26042355       -1490384.3       -1426895.6       -728453.66 
       0.38975138             -4.1       0.26042355       -764383.19         -4813879       -165805.38 
       0.38975138             -4.3       0.26042355       -297760.15         -4756722        321525.79 
       0.38975138             -4.5       0.26042355       -160378.84       -4341266.2        442697.82 
       0.38975138             -4.7       0.26042355       -79795.119       -3869767.7        443552.98 
       0.38975138             -4.9       0.26042355        -13103.37       -3223365.7        416659.65 
        0.4597431              4.9      0.091448588       -54723.953       -3305109.4       -165958.44 
        0.4597431              4.7      0.091448588        13370.675       -3964179.4       -176456.88 
        0.4597431              4.5      0.091448588        101462.28       -4417672.9       -174402.47 
        0.4597431              4.3      0.091448588        269396.86       -4788478.6       -128062.59 
        0.4597431              4.1      0.091448588        866133.52       -4858540.9        39858.216 
        0.4597431              3.9      0.091448588          1717973       -1341949.5        232360.88 
        0.4597431              3.7      0.091448588        530750.61        17536.451       -2673.5836 
        0.4597431              3.5      0.091448588        361818.91        136018.26       -36615.357 
        0.4597431              3.3      0.091448588        338195.15        339442.84       -39295.092 
        0.4597431              3.1      0.091448588        307608.56        610171.04        -32466.74 
        0.4597431              2.9      0.091448588        186043.33        778666.56       -32923.181 
        0.4597431              2.7      0.091448588        189270.92        738110.22       -12498.802 
        0.4597431              2.5      0.091448588        883675.77        1281526.9        138356.92 
        0.4597431              2.3      0.091448588        454499.02        2064902.2         66021.38 
        0.4597431              2.1      0.091448588        594310.15        2788006.8        98178.771 
        0.4597431              1.9      0.091448588        691824.35          3677220         118805.7 
        0.4597431              1.7      0.091448588        990970.18        4945341.1        176953.66 
        0.4597431              1.5      0.091448588        973810.51        6887862.9        168732.66 
        0.4597431              1.3      0.091448588        128468.38          7785270        -4824.618 
        0.4597431              1.1      0.091448588       -266392.31        7302628.4       -83567.766 
        0.4597431              0.9      0.091448588       -308477.03        6621141.5       -87911.028 
        0.4597431              0.7      0.091448588       -253172.52        6076484.7       -71156.798 
        0.4597431              0.5      0.091448588       -179042.53        5690406.8       -50239.314 
        0.4597431              0.3      0.091448588        -106046.1        5445105.8       -29605.372 
        0.4597431              0.1      0.091448588       -36944.078          5324940       -9895.7448 
        0.4597431             -0.1      0.091448588        30515.383        5321816.1        9400.4955 
        0.4597431             -0.3      0.091448588        99662.292        5435624.9        29048.789 
        0.4597431             -0.5      0.091448588        172757.91        5674231.4        49560.461 
        0.4597431             -0.7      0.091448588        247084.44        6053021.1        70300.762 
        0.4597431             -0.9      0.091448588        302846.49        6589533.9        86853.418 
        0.4597431             -1.1      0.091448588           262065        7262043.9        82403.947 
        0.4597431             -1.3      0.091448588       -128773.93        7737198.6        4044.4136 
        0.4597431             -1.5      0.091448588       -966634.81        6842432.6       -168433.52 
        0.4597431             -1.7      0.091448588       -982280.91          4910501       -176710.81 
        0.4597431             -1.9      0.091448588       -684079.76        3648299.4       -119127.16 
        0.4597431             -2.1      0.091448588       -586445.46        2761625.3       -98955.187 
        0.4597431             -2.3      0.091448588       -448965.56        2032507.3       -67952.271 
        0.4597431             -2.5      0.091448588       -826347.27        1266682.9       -131407.94 
        0.4597431             -2.7      0.091448588       -186655.49           734281        8538.1617 
        0.4597431             -2.9      0.091448588        -170147.8        755091.89        31029.206 
        0.4597431             -3.1      0.091448588       -289446.25        588350.74        30131.217 
        0.4597431             -3.3      0.091448588       -308961.79        323629.43        36583.275 
        0.4597431             -3.5      0.091448588       -335264.05        129592.97          32700.8 
        0.4597431             -3.7      0.091448588       -495030.37        37027.321        1795.6015 
        0.4597431             -3.9      0.091448588       -1738077.8       -1451938.7       -240360.56 
        0.4597431             -4.1      0.091448588       -816268.99       -4707595.5       -52091.261 
        0.4597431             -4.3      0.091448588       -258047.99       -4695276.7        121203.41 
        0.4597431             -4.5      0.091448588       -92110.998       -4348460.2        169444.13 
        0.4597431             -4.7      0.091448588       -5642.2721       -3906803.2        172283.98 
        0.4597431             -4.9      0.091448588        61001.747       -3258928.7        162342.65 
     -0.091448588             -4.9        0.4597431         77141.07       -3134827.4        546718.76 
     -0.091448588             -4.7        0.4597431        105372.91       -3765439.1        581709.83 
     -0.091448588             -4.5        0.4597431        139811.76       -4288444.4        603612.77 
     -0.091448588             -4.3        0.4597431        190494.42       -4880686.1        479516.85 
     -0.091448588             -4.1        0.4597431         345595.8       -5159902.9       -357460.29 
     -0.091448588             -3.9        0.4597431        502041.13       -1459851.4       -1408249.7 
     -0.091448588             -3.7        0.4597431        245228.58        22899.555       -170611.01 
     -0.091448588             -3.5        0.4597431        210451.95        149856.51        4116.2684 
     -0.091448588             -3.3        0.4597431        201360.42        323871.71        55301.947 
     -0.091448588             -3.1        0.4597431        184436.58        508888.24         60497.66 
     -0.091448588             -2.9        0.4597431        138694.94        635059.47        61503.823 
     -0.091448588             -2.7        0.4597431        118513.99           646770       -41365.265 
     -0.091448588             -2.5        0.4597431        224621.51          1208029       -702648.96 
     -0.091448588             -2.3        0.4597431        134619.15        2006269.7       -383780.88 
     -0.091448588             -2.1        0.4597431        151973.75          2757858       -528941.93 
     -0.091448588             -1.9        0.4597431        165857.85        3656534.6       -629628.93 
     -0.091448588             -1.7        0.4597431        222364.02        4934049.7       -924947.84 
     -0.091448588             -1.5        0.4597431        216803.24        6882337.4       -889813.32 
     -0.091448588             -1.3        0.4597431        46330.144        7761697.1       -23530.457 
     -0.091448588             -1.1        0.4597431        -34072.93        7256027.3        366958.76 
     -0.091448588             -0.9        0.4597431       -45400.336          6566494        391841.58 
     -0.091448588             -0.7        0.4597431       -38162.116          6023756        316275.82 
     -0.091448588             -0.5        0.4597431        -27408.41        5643486.8        221835.52 
     -0.091448588             -0.3        0.4597431       -16829.329          5404891        129185.85 
     -0.091448588             -0.1        0.4597431       -6890.9458        5291153.3        40996.698 
     -0.091448588              0.1        0.4597431        2853.2566        5293882.9       -45363.044 
     -0.091448588              0.3        0.4597431        13045.524        5413174.2       -133673.81 
     -0.091448588              0.5        0.4597431        24145.044          5657615       -226557.86 
     -0.091448588              0.7        0.4597431        35710.998        6044239.4       -321303.32 
     -0.091448588              0.9        0.4597431        44084.748        6594065.6       -397085.62 
     -0.091448588              1.1        0.4597431        34211.007        7291400.1       -371773.24 
     -0.091448588              1.3        0.4597431       -44648.079        7803559.1        21535.235 
     -0.091448588              1.5        0.4597431       -213821.96        6921730.6        893832.25 
     -0.091448588              1.7        0.4597431       -217345.08        4963524.7        929911.96 
     -0.091448588              1.9        0.4597431       -158470.71        3679458.1        633238.68 
     -0.091448588              2.1        0.4597431       -142001.01        2776578.2        531914.07 
     -0.091448588              2.3        0.4597431       -121054.14        2026494.2        384161.49 
     -0.091448588              2.5        0.4597431       -214065.88        1210416.1        739851.76 
     -0.091448588              2.7        0.4597431       -94748.611        639151.57        35589.874 
     -0.091448588              2.9        0.4597431       -111892.14        643751.31        -60450.94 
     -0.091448588              3.1        0.4597431       -151142.29        513054.58       -57733.841 
     -0.091448588              3.3        0.4597431       -165485.07        327197.11       -52830.516 
     -0.091448588              3.5        0.4597431       -172247.99        151369.11       -2176.5631 
     -0.091448588              3.7        0.4597431       -207435.14        13732.768        175630.15 
     -0.091448588              3.9        0.4597431       -460973.04       -1422240.2        1392266.1 
     -0.091448588              4.1        0.4597431       -311385.69       -5237571.4        367745.99 
     -0.091448588              4.3        0.4597431       -169954.02       -4943371.3       -488146.39 
     -0.091448588              4.5        0.4597431       -123742.15       -4340775.6       -611383.18 
     -0.091448588              4.7        0.4597431       -92279.697       -3811460.8       -588377.44 
     -0.091448588              4.9        0.4597431       -66141.438       -3173485.5       -552728.27 
      -0.26042355             -4.9       0.38975138        114938.46       -3179577.4        540246.93 
      -0.26042355             -4.7       0.38975138        176874.94       -3822864.5        577482.95 
      -0.26042355             -4.5       0.38975138        250344.38       -4335067.4        592295.68 
      -0.26042355             -4.3       0.38975138        359962.84       -4867544.2         456369.9 
      -0.26042355             -4.1       0.38975138        697805.45         -5056178       -272721.09 
      -0.26042355             -3.9       0.38975138        1165349.5       -1432481.1       -1123057.2 
      -0.26042355             -3.7       0.38975138        468514.87        23599.538       -88326.405 
      -0.26042355             -3.5       0.38975138        370931.27        145980.78        58593.157 
      -0.26042355             -3.3       0.38975138        351614.52        328980.84        91071.947 
      -0.26042355             -3.1       0.38975138        324011.13        551068.75        82713.074 
      -0.26042355             -2.9       0.38975138        231244.17        696027.79         89692.37 
      -0.26042355             -2.7       0.38975138        210534.61        691707.65        413.66773 
      -0.26042355             -2.5       0.38975138        543681.79        1242484.9       -576749.52 
      -0.26042355             -2.3       0.38975138        313019.45        2027438.1       -304839.55 
      -0.26042355             -2.1       0.38975138        377858.02        2767666.6       -433224.03 
      -0.26042355             -1.9       0.38975138        426736.03        3660368.5       -520290.43 
      -0.26042355             -1.7       0.38975138        593616.43          4932147        -770503.4 
      -0.26042355             -1.5       0.38975138        583012.71        6875815.7       -740145.15 
      -0.26042355             -1.3       0.38975138        103735.96        7759558.4       -6106.9624 
      -0.26042355             -1.1       0.38975138       -120174.41        7262049.8        325096.22 
      -0.26042355             -0.9       0.38975138       -147284.28          6576878        344894.53 
      -0.26042355             -0.7       0.38975138       -121319.57        6035526.5        278348.68 
      -0.26042355             -0.5       0.38975138       -85441.659          5655361           195333 
      -0.26042355             -0.3       0.38975138       -50310.389          5416494        113732.45 
      -0.26042355             -0.1       0.38975138       -17280.466        5302505.3        35929.903 
      -0.26042355              0.1       0.38975138        14944.816        5305144.1       -40295.957 
      -0.26042355              0.3       0.38975138        48225.443        5424498.4       -118169.69 
      -0.26042355              0.5       0.38975138          83867.3        5669001.1       -199901.48 
      -0.26042355              0.7       0.38975138        120526.05        6055268.6       -283064.63 
      -0.26042355              0.9       0.38975138        147519.82        6603374.8       -349625.63 
      -0.26042355              1.1       0.38975138        121500.43        7295889.9       -329227.54 
      -0.26042355              1.3       0.38975138       -102042.06        7799373.4        4616.9692 
      -0.26042355              1.5       0.38975138       -582215.15        6913094.2        743913.93 
      -0.26042355              1.7       0.38975138       -591254.33        4959804.6        775434.12 
      -0.26042355              1.9       0.38975138        -421723.2          3681368        524493.25 
      -0.26042355              2.1       0.38975138       -370264.07        2784072.6        437278.95 
      -0.26042355              2.3       0.38975138       -301311.07        2044874.8        307134.74 
      -0.26042355              2.5       0.38975138        -550036.4        1241025.1        611016.05 
      -0.26042355              2.7       0.38975138       -187149.17        680746.77       -2387.5724 
      -0.26042355              2.9       0.38975138       -208573.53        699965.52        -84102.79 
      -0.26042355              3.1       0.38975138       -294585.86        551141.95       -78095.217 
      -0.26042355              3.3       0.38975138       -323281.56        331532.44       -84559.435 
      -0.26042355              3.5       0.38975138        -340352.3        145994.09       -53083.893 
      -0.26042355              3.7       0.38975138       -438285.95        17288.217        96633.655 
      -0.26042355              3.9       0.38975138       -1132179.1       -1392220.7        1118383.2 
      -0.26042355              4.1       0.38975138       -687921.12       -5123512.6        275076.34 
      -0.26042355              4.3       0.38975138       -345389.98       -4925304.5       -461585.47 
      -0.26042355              4.5       0.38975138       -238148.27         -4385258       -597341.09 
      -0.26042355              4.7       0.38975138       -166589.44       -3867382.2       -581937.21 
      -0.26042355              4.9       0.38975138        -106015.2       -3217134.7       -544397.24 
      -0.38975138             -4.9       0.26042355        53594.384       -3237708.1        430803.95 
      -0.38975138             -4.7       0.26042355        125512.72         -3891363        460263.04 
      -0.38975138             -4.5       0.26042355        213567.63         -4372856        462755.51 
      -0.38975138             -4.3       0.26042355         361418.6       -4806170.1         346162.3 
      -0.38975138             -4.1       0.26042355        849881.58       -4899239.6       -137572.15 
      -0.38975138             -3.9       0.26042355        1625990.1       -1453198.1       -714669.33 
      -0.38975138             -3.7       0.26042355        576316.23        31985.404       -14450.185 
      -0.38975138             -3.5       0.26042355        434594.02        143107.88        78847.343 
      -0.38975138             -3.3       0.26042355        409278.66        340020.27        92064.742 
      -0.38975138             -3.1       0.26042355        379336.99         601880.7        77481.486 
      -0.38975138             -2.9       0.26042355        252391.52        764709.13        86794.506 
      -0.38975138             -2.7       0.26042355        242335.16        743150.38        25835.881 
      -0.38975138             -2.5       0.26042355        772146.58          1283049       -374166.99 
      -0.38975138             -2.3       0.26042355        427203.04          2052260       -186652.12 
      -0.38975138             -2.1       0.26042355        534659.15        2778450.5       -276760.22 
      -0.38975138             -1.9       0.26042355        612091.62        3663646.6       -336151.84 
      -0.38975138             -1.7       0.26042355        862933.99        4927660.1       -502867.62 
      -0.38975138             -1.5       0.26042355        847852.25        6864573.9       -481786.37 
      -0.38975138             -1.3       0.26042355        133024.99        7754729.9        8473.8946 
      -0.38975138             -1.1       0.26042355       -201210.16        7269267.8         230103.3 
      -0.38975138             -0.9       0.26042355       -239326.82        6590538.4         242238.6 
      -0.38975138             -0.7       0.26042355       -196467.58          6051283        195523.52 
      -0.38975138             -0.5       0.26042355       -138152.38        5671349.8        137344.85 
      -0.38975138             -0.3       0.26042355       -80836.102        5432169.1        80005.592 
      -0.38975138             -0.1       0.26042355        -26719.35        5317890.9        25212.448 
      -0.38975138              0.1       0.26042355        26115.569        5320467.6        -28510.38 
      -0.38975138              0.3       0.26042355        80467.615        5439981.7       -83337.147 
      -0.38975138              0.5       0.26042355        138258.26          5684650       -140733.98 
      -0.38975138              0.7       0.26042355        197279.42          6070498        -198959.7 
      -0.38975138              0.9       0.26042355         241001.7        6616247.8       -245603.06 
      -0.38975138              1.1       0.26042355        203566.85        7301941.6        -232946.2 
      -0.38975138              1.3       0.26042355        -131350.9        7792929.6       -9417.6437 
      -0.38975138              1.5       0.26042355       -848850.74        6900156.3         484440.6 
      -0.38975138              1.7       0.26042355       -862955.34        4953875.5        506491.18 
      -0.38975138              1.9       0.26042355       -609504.35        3683146.6         339511.2 
      -0.38975138              2.1       0.26042355       -529715.46        2793097.5        280213.45 
      -0.38975138              2.3       0.26042355       -417873.29          2067841        189072.85 
      -0.38975138              2.5       0.26042355       -793804.59        1278569.1        399205.01 
      -0.38975138              2.7       0.26042355       -220053.68        728740.05       -25984.634 
      -0.38975138              2.9       0.26042355       -234196.67         764726.7       -81004.014 
      -0.38975138              3.1       0.26042355       -353075.31        600891.12       -73977.342 
      -0.38975138              3.3       0.26042355       -388590.37        342980.17       -86341.646 
      -0.38975138              3.5       0.26042355       -411584.15        142406.19       -74458.815 
      -0.38975138              3.7       0.26042355       -555456.94        18829.018         22761.16 
      -0.38975138              3.9       0.26042355       -1576831.8       -1374086.6        697971.74 
      -0.38975138              4.1       0.26042355       -858449.32         -4980532        128270.57 
      -0.38975138              4.3       0.26042355       -350452.66       -4865093.8       -351983.17 
      -0.38975138              4.5       0.26042355          -203740       -4422438.7       -466249.52 
      -0.38975138              4.7       0.26042355       -117025.45       -3935273.4       -463118.62 
      -0.38975138              4.9       0.26042355       -46009.469       -3274746.2       -433467.12 
       -0.4597431             -4.9      0.091448588       -28071.776         -3275826        168282.44 
       -0.4597431             -4.7      0.091448588        42281.554         -3932046        179202.87 
       -0.4597431             -4.5      0.091448588        133961.96       -4384788.1        177478.29 
       -0.4597431             -4.3      0.091448588        306500.27       -4750886.9        130353.56 
       -0.4597431             -4.1      0.091448588        880349.86       -4803358.4       -44541.535 
       -0.4597431             -3.9      0.091448588        1859178.5       -1484322.6        -235981.2 
       -0.4597431             -3.7      0.091448588        592647.04        43561.926        12210.398 
       -0.4597431             -3.5      0.091448588        430690.56        143027.97        43793.588 
       -0.4597431             -3.3      0.091448588        403022.32         350822.1        46726.547 
       -0.4597431             -3.1      0.091448588        375621.95         635740.1        39018.248 
       -0.4597431             -2.9      0.091448588        233588.64        808215.03        40721.756 
       -0.4597431             -2.7      0.091448588        236553.99        774616.73         17612.89 
       -0.4597431             -2.5      0.091448588        884992.65        1309542.8       -126904.31 
       -0.4597431             -2.3      0.091448588        477640.55        2068470.4       -61523.029 
       -0.4597431             -2.1      0.091448588        611192.16        2785329.4       -94149.027 
       -0.4597431             -1.9      0.091448588        704921.33        3665486.2       -115265.39 
       -0.4597431             -1.7      0.091448588        1000804.8        4924052.4        -173658.1 
       -0.4597431             -1.5      0.091448588        982863.03        6856047.7       -166034.11 
       -0.4597431             -1.3      0.091448588        140936.23        7750882.1        6084.3953 
       -0.4597431             -1.1      0.091448588       -253331.93          7274186        84007.748 
       -0.4597431             -0.9      0.091448588       -296835.96        6600105.8         88003.01 
       -0.4597431             -0.7      0.091448588       -243434.88        6062352.4        71039.833 
       -0.4597431             -0.5      0.091448588       -171225.64        5682585.9        49936.253 
       -0.4597431             -0.3      0.091448588       -100053.38        5443185.6        29101.257 
       -0.4597431             -0.1      0.091448588       -32665.643        5328709.5        9162.5684 
       -0.4597431              0.1      0.091448588        33177.127          5331255        -10396.32 
       -0.4597431              0.3      0.091448588        100788.06        5450901.4       -30344.251 
       -0.4597431              0.5      0.091448588        172406.43          5695713       -51193.867 
       -0.4597431              0.7      0.091448588        245264.71          6081295       -72304.254 
       -0.4597431              0.9      0.091448588        299409.66        6625399.9       -89226.539 
       -0.4597431              1.1      0.091448588        256318.05        7306229.6       -85024.646 
       -0.4597431              1.3      0.091448588        -139258.9        7788189.4       -6408.4157 
       -0.4597431              1.5      0.091448588       -984855.27        6890684.5        166988.67 
       -0.4597431              1.7      0.091448588       -1002223.3        4949469.2        174989.77 
       -0.4597431              1.9      0.091448588          -703851        3684165.7         116547.1 
       -0.4597431              2.1      0.091448588       -607963.87        2799032.1         95498.77 
       -0.4597431              2.3      0.091448588       -469905.41        2083123.6        62526.361 
       -0.4597431              2.5      0.091448588       -915802.87        1303404.5        136073.32 
       -0.4597431              2.7      0.091448588       -215444.35        758427.13       -17535.532 
       -0.4597431              2.9      0.091448588       -219202.64         806072.7       -38670.851 
       -0.4597431              3.1      0.091448588       -352098.86        635377.21       -38096.813 
       -0.4597431              3.3      0.091448588       -388138.86        354439.68       -44829.672 
       -0.4597431              3.5      0.091448588        -412948.3        142881.43       -42395.641 
       -0.4597431              3.7      0.091448588       -582818.05        20050.372       -9378.1811 
       -0.4597431              3.9      0.091448588       -1780858.6         -1358390        226552.39 
       -0.4597431              4.1      0.091448588       -900005.62       -4906818.6        32075.143 
       -0.4597431              4.3      0.091448588       -295851.67       -4815730.5       -134060.59 
       -0.4597431              4.5      0.091448588       -124825.45       -4434962.5       -179035.47 
       -0.4597431              4.7      0.091448588       -34416.941       -3975882.2       -180262.92 
       -0.4597431              4.9      0.091448588         35197.52         -3312696       -169214.57 
        0.4597431             -4.9     -0.091448588        61003.975       -3258942.8       -162406.33 
       0.38975138             -4.9      -0.26042355       -13092.007         -3223387       -416728.25 
       0.26042355             -4.9      -0.38975138       -63999.464       -3170009.6       -526353.28 
      0.091448588             -4.9       -0.4597431       -19013.809       -3131464.2       -541020.78 
        0.4597431             -4.7     -0.091448588       -5639.4092       -3906867.6       -172286.99 
       0.38975138             -4.7      -0.26042355       -79803.216       -3869892.3          -443625 
       0.26042355             -4.7      -0.38975138       -118571.68       -3808417.4       -560967.91 
      0.091448588             -4.7       -0.4597431       -38330.592         -3760335       -574910.86 
        0.4597431             -4.5     -0.091448588       -92100.483       -4348662.3       -169216.98 
       0.38975138             -4.5      -0.26042355       -160481.43       -4341694.5       -442727.43 
       0.26042355             -4.5      -0.38975138       -181418.05       -4313736.6        -572200.8 
      0.091448588             -4.5       -0.4597431       -59708.299       -4280811.2       -595274.21 
        0.4597431             -4.3     -0.091448588       -257948.55       -4695962.1       -120266.11 
       0.38975138             -4.3      -0.26042355       -298248.31       -4758025.8       -321419.69 
       0.26042355             -4.3      -0.38975138       -275430.43       -4833653.5       -431102.67 
      0.091448588             -4.3       -0.4597431       -90284.621       -4868262.3       -468876.39 
        0.4597431             -4.1     -0.091448588       -816973.28       -4711452.9        55937.072 
       0.38975138             -4.1      -0.26042355       -767556.76         -4817647        166078.53 
       0.26042355             -4.1      -0.38975138       -586236.77       -4996780.9         302227.7 
      0.091448588             -4.1       -0.4597431       -210609.56       -5137295.9        370140.16 
        0.4597431             -3.9     -0.091448588       -1736099.7       -1447059.6        242187.84 
       0.38975138             -3.9      -0.26042355       -1491381.6       -1421988.4        727655.07 
       0.26042355             -3.9      -0.38975138         -1010690       -1410927.8        1136419.9 
      0.091448588             -3.9       -0.4597431       -322412.86       -1451467.9        1413930.5 
        0.4597431             -3.7     -0.091448588       -495056.24        36782.068        -910.7983 
       0.38975138             -3.7      -0.26042355       -459257.85        26229.582        40451.049 
       0.26042355             -3.7      -0.38975138       -320738.69        19259.089        114711.98 
      0.091448588             -3.7       -0.4597431       -66281.337        21031.325        181772.85 
        0.4597431             -3.5     -0.091448588       -334882.03         129807.1       -32669.724 
       0.38975138             -3.5      -0.26042355       -319852.53        131316.41       -53171.295 
       0.26042355             -3.5      -0.38975138       -226552.93        137132.57       -32220.858 
      0.091448588             -3.5       -0.4597431       -36608.856        146239.76        7245.8948 
        0.4597431             -3.3     -0.091448588       -308923.87        323364.57        -36471.13 
       0.38975138             -3.3      -0.26042355       -297868.37         315814.4       -68478.657 
       0.26042355             -3.3      -0.38975138        -213732.6        311351.27       -66470.115 
      0.091448588             -3.3       -0.4597431       -37633.134        316985.88       -44362.795 
        0.4597431             -3.1     -0.091448588       -289959.11        588236.51       -29592.428 
       0.38975138             -3.1      -0.26042355       -278349.95         560298.8       -55792.398 
       0.26042355             -3.1      -0.38975138       -200348.87        521505.53       -59726.167 
      0.091448588             -3.1       -0.4597431       -39415.689        497795.77       -49997.851 
        0.4597431             -2.9     -0.091448588       -170435.13        755267.82       -30715.011 
       0.38975138             -2.9      -0.26042355       -174244.77        718704.09       -63292.428 
       0.26042355             -2.9      -0.38975138       -131499.51        663849.76       -64973.841 
      0.091448588             -2.9       -0.4597431       -20360.754        623271.85       -50475.686 
        0.4597431             -2.7     -0.091448588       -186721.98        734425.84       -8484.8166 
       0.38975138             -2.7      -0.26042355       -179461.98         708461.8       -4383.4985 
       0.26042355             -2.7      -0.38975138       -129318.56        667810.97        21984.447 
      0.091448588             -2.7       -0.4597431       -22080.306        638155.62         51236.64 
        0.4597431             -2.5     -0.091448588       -826361.25          1266709         131350.2 
       0.38975138             -2.5      -0.26042355       -707128.82        1246521.1        384240.39 
       0.26042355             -2.5      -0.38975138       -470570.21        1217760.2        587962.85 
      0.091448588             -2.5       -0.4597431       -143601.31        1199264.4        707839.53 
        0.4597431             -2.3     -0.091448588       -448971.47        2032504.2        67897.975 
       0.38975138             -2.3      -0.26042355       -389470.48        2021655.1        202108.91 
       0.26042355             -2.3      -0.38975138       -262405.77          2006885        320328.35 
      0.091448588             -2.3       -0.4597431       -74854.785        1998998.4        390201.43 
        0.4597431             -2.1     -0.091448588       -586448.04        2761620.7        98911.873 
       0.38975138             -2.1      -0.26042355       -503188.82        2758309.2        288290.79 
       0.26042355             -2.1      -0.38975138       -336871.83        2754167.2        444758.39 
      0.091448588             -2.1       -0.4597431       -104253.94        2753100.2        533714.89 
        0.4597431             -1.9     -0.091448588       -684081.28        3648295.7        119093.44 
       0.38975138             -1.9      -0.26042355       -585875.11        3649049.8        345409.32 
       0.26042355             -1.9      -0.38975138       -392931.77        3650592.4        529536.64 
      0.091448588             -1.9       -0.4597431       -126699.07        3653090.8        633450.49 
        0.4597431             -1.7     -0.091448588       -982281.87        4910498.6        176683.55 
       0.38975138             -1.7      -0.26042355        -840192.6        4916137.6        510173.98 
       0.26042355             -1.7      -0.38975138       -564941.58        4924417.2        777786.33 
      0.091448588             -1.7       -0.4597431       -189515.96        4931323.6        927953.45 
        0.4597431             -1.5     -0.091448588       -966635.22          6842431        168410.11 
       0.38975138             -1.5      -0.26042355       -828379.63        6852976.9        487512.92 
       0.26042355             -1.5      -0.38975138       -558996.75        6868016.6        745837.57 
      0.091448588             -1.5       -0.4597431       -189606.05        6879582.4        892157.85 
        0.4597431             -1.3     -0.091448588       -128773.98          7737197       -4064.6679 
       0.38975138             -1.3      -0.26042355       -118188.67          7743102       -3614.1308 
       0.26042355             -1.3      -0.38975138       -85165.909          7751764        10928.713 
      0.091448588             -1.3       -0.4597431       -25153.522        7758950.4        25514.392 
        0.4597431             -1.1     -0.091448588        262065.02        7262042.3       -82420.709 
       0.38975138             -1.1      -0.26042355         212007.6        7258990.3       -226294.17 
       0.26042355             -1.1      -0.38975138        133837.28        7255198.4       -321329.12 
      0.091448588             -1.1       -0.4597431        49724.186        7253622.7       -365412.06 
        0.4597431             -0.9     -0.091448588         302846.5        6589532.5       -86866.883 
       0.38975138             -0.9      -0.26042355        246801.87        6581609.9       -239516.51 
       0.26042355             -0.9      -0.38975138        156782.19        6570944.5        -342209.4 
      0.091448588             -0.9       -0.4597431         56294.87        6564416.8       -390741.18 
        0.4597431             -0.7     -0.091448588        247084.45          6053020       -70311.583 
       0.38975138             -0.7      -0.26042355        201049.34        6043408.8       -193780.33 
       0.26042355             -0.7      -0.38975138        127184.12        6030299.9       -276632.46 
      0.091448588             -0.7       -0.4597431        44908.873        6021928.1       -315573.63 
        0.4597431             -0.5     -0.091448588        172757.93        5674230.6        -49569.38 
       0.38975138             -0.5      -0.26042355        140147.79        5664301.1       -136467.29 
       0.26042355             -0.5      -0.38975138        88070.528        5650683.3       -194471.64 
      0.091448588             -0.5       -0.4597431        30470.165        5641851.4       -221484.15 
        0.4597431             -0.3     -0.091448588        99662.316        5435624.5       -29056.486 
       0.38975138             -0.3      -0.26042355        80489.941        5425789.7       -79899.067 
       0.26042355             -0.3      -0.38975138        50019.405        5412259.9       -113632.14 
      0.091448588             -0.3       -0.4597431        16571.551        5403410.8       -129146.72 
        0.4597431             -0.1     -0.091448588        30515.415        5321815.9       -9407.5633 
       0.38975138             -0.1      -0.26042355        24236.845        5312073.6       -25799.475 
       0.26042355             -0.1      -0.38975138        14331.506        5298643.3       -36514.283 
      0.091448588             -0.1       -0.4597431        3614.5957        5289803.1       -41238.535 
        0.4597431              0.1     -0.091448588       -36944.037        5324940.1        9888.7686 
       0.38975138              0.1      -0.26042355       -30557.465        5315137.7        27294.911 
       0.26042355              0.1      -0.38975138       -20327.427        5301604.9        39090.939 
      0.091448588              0.1       -0.4597431       -8891.3088        5292645.5        44866.428 
        0.4597431              0.3     -0.091448588       -106046.05        5445106.1        29597.963 
       0.38975138              0.3      -0.26042355       -86712.828        5435089.8         81550.26 
       0.26042355              0.3      -0.38975138       -55843.728        5421249.5        116400.15 
      0.091448588              0.3       -0.4597431       -21618.501        5412038.3        132945.37 
        0.4597431              0.5     -0.091448588       -179042.46        5690407.4        50230.921 
       0.38975138              0.5      -0.26042355       -146165.06        5680171.1         138428.6 
       0.26042355              0.5      -0.38975138       -93539.989        5666026.2        197619.56 
      0.091448588              0.5       -0.4597431       -35044.459          5656575        225618.93 
        0.4597431              0.7     -0.091448588       -253172.42        6076485.6        71146.826 
       0.38975138              0.7      -0.26042355       -206712.27        6066437.3        196188.95 
       0.26042355              0.7      -0.38975138       -132077.59        6052570.8        280322.59 
      0.091448588              0.7       -0.4597431       -48733.868        6043296.4        320175.25 
        0.4597431              0.9     -0.091448588       -308476.88        6621142.6        87898.888 
       0.38975138              0.9      -0.26042355       -251817.13        6612650.3         242424.7 
       0.26042355              0.9      -0.38975138       -160764.71        6600982.1        346479.62 
      0.091448588              0.9       -0.4597431       -59017.422          6593229        395791.16 
        0.4597431              1.1     -0.091448588       -266392.08        7302629.6        83553.073 
       0.38975138              1.1      -0.26042355       -215582.28        7298889.3        229421.65 
       0.26042355              1.1      -0.38975138       -136218.79        7293850.1        325735.44 
      0.091448588              1.1       -0.4597431       -50810.712        7290685.3        370335.22 
        0.4597431              1.3     -0.091448588        128468.61        7785270.9        4807.6123 
       0.38975138              1.3      -0.26042355        118425.49          7790431        5579.3804 
       0.26042355              1.3      -0.38975138        86132.654        7797681.5        -8427.841 
      0.091448588              1.3       -0.4597431        26653.614        7802961.7       -23107.221 
        0.4597431              1.5     -0.091448588        973810.41        6887863.7       -168751.17 
       0.38975138              1.5      -0.26042355        835396.07        6897729.9        -488669.7 
       0.26042355              1.5      -0.38975138        565383.27        6911440.6       -748119.79 
      0.091448588              1.5       -0.4597431        194623.64        6921144.5       -895569.85 
        0.4597431              1.7     -0.091448588        990969.65        4945342.5        -176974.2 
       0.38975138              1.7      -0.26042355        848945.76        4950358.1       -511258.91 
       0.26042355              1.7      -0.38975138        573367.79        4957437.1        -780186.2 
      0.091448588              1.7       -0.4597431        196731.61        4962691.6       -931878.52 
        0.4597431              1.9     -0.091448588        691823.44        3677222.3       -118830.32 
       0.38975138              1.9      -0.26042355        594286.63        3677248.5       -345002.34 
       0.26042355              1.9      -0.38975138        402004.42        3677416.4       -529975.81 
      0.091448588              1.9       -0.4597431         135576.6        3678071.1       -635510.34 
        0.4597431              2.1     -0.091448588        594308.41          2788009       -98209.287 
       0.38975138              2.1      -0.26042355        512254.15        2783733.3       -286736.96 
       0.26042355              2.1      -0.38975138        347420.25        2777797.4       -443801.66 
      0.091448588              2.1       -0.4597431        115350.04          2774375       -534619.78 
        0.4597431              2.3     -0.091448588        454494.75        2064899.3       -66056.483 
       0.38975138              2.3      -0.26042355         397474.3        2052334.7       -197583.77 
       0.26042355              2.3      -0.38975138        273823.06        2034462.6       -315659.79 
      0.091448588              2.3       -0.4597431         88531.46          2022827       -387702.96 
        0.4597431              2.5     -0.091448588        883656.34        1281494.5        -138377.5 
       0.38975138              2.5      -0.26042355        758375.65        1259882.7       -404330.16 
       0.26042355              2.5      -0.38975138        510497.43        1228377.2       -616766.98 
      0.091448588              2.5       -0.4597431        170417.75        1205951.8       -742563.48 
        0.4597431              2.7     -0.091448588        189206.48        737951.47        12600.962 
       0.38975138              2.7      -0.26042355        186797.66        711053.53        14454.873 
       0.26042355              2.7      -0.38975138        144030.24        668535.07       -9644.1056 
      0.091448588              2.7       -0.4597431        43493.378        634764.47       -40911.174 
        0.4597431              2.9     -0.091448588        185753.79        778509.09        33342.571 
       0.38975138              2.9      -0.26042355        192793.38        740770.27        68581.111 
       0.26042355              2.9      -0.38975138        155702.28        683202.56          71065.4 
      0.091448588              2.9       -0.4597431        49203.894        637637.12        54592.108 
        0.4597431              3.1     -0.091448588        307179.73        610316.67        33010.128 
       0.38975138              3.1      -0.26042355        299966.72        579011.23        62334.247 
       0.26042355              3.1      -0.38975138        229328.57        535642.04        65803.981 
      0.091448588              3.1       -0.4597431        74578.772        507286.16        52079.546 
        0.4597431              3.3     -0.091448588        338232.59        339748.05        39367.441 
       0.38975138              3.3      -0.26042355         329575.6        330063.76         73835.96 
       0.26042355              3.3      -0.38975138         250276.1         322171.7        71554.104 
      0.091448588              3.3       -0.4597431        78970.964        323599.71        46934.917 
        0.4597431              3.5     -0.091448588        362259.84        135936.82        36446.187 
       0.38975138              3.5      -0.26042355           350895        136240.76        60756.961 
       0.26042355              3.5      -0.38975138        263944.57        141395.25         39049.92 
      0.091448588              3.5       -0.4597431        80450.391        149528.23       -4009.2014 
        0.4597431              3.7     -0.091448588         531100.1        16843.691         3347.514 
       0.38975138              3.7      -0.26042355        493548.49         15979.64       -36619.174 
       0.26042355              3.7      -0.38975138        360091.99        15090.937       -110700.85 
      0.091448588              3.7       -0.4597431         113004.2        12824.229       -181754.62 
        0.4597431              3.9     -0.091448588        1717344.4       -1341651.5       -230219.55 
       0.38975138              3.9      -0.26042355        1506419.6       -1359410.2       -705665.33 
       0.26042355              3.9      -0.38975138        1050490.6       -1381667.3       -1126064.8 
      0.091448588              3.9       -0.4597431        366165.15       -1418220.8       -1395734.6 
        0.4597431              4.1     -0.091448588        865994.13       -4858535.8       -38537.963 
       0.38975138              4.1      -0.26042355        814327.52       -4938265.1       -143983.03 
       0.26042355              4.1      -0.38975138        628235.76       -5093146.6       -291090.53 
      0.091448588              4.1       -0.4597431        239206.79         -5226104       -374555.81 
        0.4597431              4.3     -0.091448588        269484.53       -4788252.5         128557.5 
       0.38975138              4.3      -0.26042355        316073.76       -4841134.4        338596.57 
       0.26042355              4.3      -0.38975138        299327.97       -4908514.1        447966.28 
      0.091448588              4.3       -0.4597431        115310.34         -4937254        482413.06 
        0.4597431              4.5     -0.091448588        101467.61       -4417560.5        174521.87 
       0.38975138              4.5      -0.26042355        174121.79       -4407438.8         455341.3 
       0.26042355              4.5      -0.38975138         199649.8       -4374994.5        586380.76 
      0.091448588              4.5       -0.4597431        78940.767         -4337121         606823.3 
        0.4597431              4.7     -0.091448588        13371.911       -3964136.3        176422.21 
       0.38975138              4.7      -0.26042355        90793.376       -3925248.9        453882.68 
       0.26042355              4.7      -0.38975138        133091.28       -3860628.8        572734.01 
      0.091448588              4.7       -0.4597431         53694.07       -3809083.8        584573.36 
        0.4597431              4.9     -0.091448588       -54721.996       -3305101.1        165883.91 
       0.38975138              4.9      -0.26042355        22040.515       -3268297.3        425478.52 
       0.26042355              4.9      -0.38975138        75853.712       -3212820.5        536469.96 
      0.091448588              4.9       -0.4597431        31667.596       -3171973.8         549461.4 
       -0.4597431              4.9     -0.091448588        35201.339       -3312706.7        169274.92 
      -0.38975138              4.9      -0.26042355        -45990.88       -3274762.6        433526.85 
      -0.26042355              4.9      -0.38975138       -105959.25         -3217136        544436.63 
     -0.091448588              4.9       -0.4597431       -66045.563       -3173485.5        552737.85 
       -0.4597431              4.7     -0.091448588       -34412.771       -3975929.5        180276.53 
      -0.38975138              4.7      -0.26042355       -117021.61       -3935370.5        463179.15 
      -0.26042355              4.7      -0.38975138       -166548.08       -3867428.5        582009.66 
     -0.091448588              4.7       -0.4597431       -92178.401       -3811471.7        588400.41 
       -0.4597431              4.5     -0.091448588       -124815.14       -4435081.3         178883.5 
      -0.38975138              4.5      -0.26042355       -203820.53       -4422744.9        466254.88 
      -0.26042355              4.5      -0.38975138       -238201.39       -4385398.5        597485.05 
     -0.091448588              4.5       -0.4597431        -123664.2       -4340799.3        611434.97 
       -0.4597431              4.3     -0.091448588       -295754.39       -4815963.3        133515.62 
      -0.38975138              4.3      -0.26042355       -350894.41       -4865776.5        351748.82 
      -0.26042355              4.3      -0.38975138       -345738.01       -4925409.1        461910.63 
     -0.091448588              4.3       -0.4597431       -169896.17       -4943365.3        488242.36 
       -0.4597431              4.1     -0.091448588       -900123.38       -4906790.5       -33459.561 
      -0.38975138              4.1      -0.26042355       -860179.53       -4981877.9        -128900.9 
      -0.26042355              4.1      -0.38975138       -688336.09       -5123464.7       -273732.27 
     -0.091448588              4.1       -0.4597431       -311142.71       -5237529.6       -367613.57 
       -0.4597431              3.9     -0.091448588       -1781365.7       -1358678.7       -228726.33 
      -0.38975138              3.9      -0.26042355       -1579122.8       -1373012.5       -698405.53 
      -0.26042355              3.9      -0.38975138       -1132647.2       -1392282.1       -1117120.6 
     -0.091448588              3.9       -0.4597431       -460620.71       -1422283.8       -1392126.4 
       -0.4597431              3.7     -0.091448588       -582355.71        20742.406        8681.5349 
      -0.38975138              3.7      -0.26042355       -556140.52        19736.259        -23090.89 
      -0.26042355              3.7      -0.38975138       -438707.52        17422.614       -96227.031 
     -0.091448588              3.7       -0.4597431       -207263.53        13734.537       -175519.17 
       -0.4597431              3.5     -0.091448588       -412411.01        142952.57         42545.22 
      -0.38975138              3.5      -0.26042355        -411515.7        142810.22        74390.868 
      -0.26042355              3.5      -0.38975138       -340402.84        146339.54        53328.701 
     -0.091448588              3.5       -0.4597431       -171932.75        151481.95        2260.4903 
       -0.4597431              3.3     -0.091448588       -388035.49        354112.88        44716.659 
      -0.38975138              3.3      -0.26042355       -388897.79        342795.43        86525.797 
      -0.26042355              3.3      -0.38975138       -323148.44        331718.74         85080.12 
     -0.091448588              3.3       -0.4597431       -164895.08        327302.19        52934.738 
       -0.4597431              3.1     -0.091448588       -352501.18        635214.44        37481.937 
      -0.38975138              3.1      -0.26042355       -353871.57        600792.24         74179.36 
      -0.26042355              3.1      -0.38975138       -294544.84        551071.76         78789.37 
     -0.091448588              3.1       -0.4597431       -150472.28        513029.42        57860.881 
       -0.4597431              2.9     -0.091448588       -219484.57        806232.54        38180.455 
      -0.38975138              2.9      -0.26042355       -234786.01        764834.18        81214.687 
      -0.26042355              2.9      -0.38975138       -208528.14        699800.83        84554.293 
     -0.091448588              2.9       -0.4597431       -111450.19        643647.02        60510.421 
       -0.4597431              2.7     -0.091448588       -215504.22        758590.97        17374.607 
      -0.38975138              2.7      -0.26042355       -220197.86        728874.73        26119.033 
      -0.26042355              2.7      -0.38975138       -187142.71        680595.24        2521.0238 
     -0.091448588              2.7       -0.4597431       -94546.395        639072.99       -35579.477 
       -0.4597431              2.5     -0.091448588       -915820.08        1303442.8        -136102.2 
      -0.38975138              2.5      -0.26042355        -793837.3        1278593.1       -399171.07 
      -0.26042355              2.5      -0.38975138        -550013.6          1240977        -610959.4 
     -0.091448588              2.5       -0.4597431       -213963.11        1210389.8       -739841.42 
       -0.4597431              2.3     -0.091448588       -469906.03        2083135.1       -62525.789 
      -0.38975138              2.3      -0.26042355       -417872.89        2067843.7       -189063.77 
      -0.26042355              2.3      -0.38975138       -301294.86        2044860.4       -307131.04 
     -0.091448588              2.3       -0.4597431       -121013.47        2026488.1       -384167.13 
       -0.4597431              2.1     -0.091448588       -607962.91        2799033.6       -95495.129 
      -0.38975138              2.1      -0.26042355       -529710.48        2793096.4       -280210.27 
      -0.26042355              2.1      -0.38975138       -370249.34          2784069       -437280.16 
     -0.091448588              2.1       -0.4597431       -141976.48        2776580.1       -531919.31 
       -0.4597431              1.9     -0.091448588       -703849.83        3684165.7       -116543.63 
      -0.38975138              1.9      -0.26042355       -609499.36        3683145.9       -339510.31 
      -0.26042355              1.9      -0.38975138       -421711.63        3681367.5       -524495.98 
     -0.091448588              1.9       -0.4597431       -158453.81        3679461.1        -633243.4 
       -0.4597431              1.7     -0.091448588       -1002222.2        4949469.6       -174986.22 
      -0.38975138              1.7      -0.26042355          -862951        4953876.5       -506490.62 
      -0.26042355              1.7      -0.38975138        -591244.8        4959806.5       -775436.91 
     -0.091448588              1.7       -0.4597431       -217331.68        4963528.2       -929916.18 
       -0.4597431              1.5     -0.091448588        -984854.2        6890685.5       -166983.52 
      -0.38975138              1.5      -0.26042355       -848846.38          6900159       -484438.49 
      -0.26042355              1.5      -0.38975138       -582205.92          6913098       -743915.32 
     -0.091448588              1.5       -0.4597431       -213809.21        6921734.9       -893835.45 
       -0.4597431              1.3     -0.091448588       -139257.66          7788190        6415.5716 
      -0.38975138              1.3      -0.26042355       -131346.15        7792931.3        9421.8739 
      -0.26042355              1.3      -0.38975138       -102032.51        7799376.1        -4616.296 
     -0.091448588              1.3       -0.4597431        -44635.17        7803562.6       -21536.819 
       -0.4597431              1.1     -0.091448588        256319.06        7306229.4        85032.139 
      -0.38975138              1.1      -0.26042355        203570.92        7301941.4        232950.79 
      -0.26042355              1.1      -0.38975138        121508.94        7295890.3        329228.67 
     -0.091448588              1.1       -0.4597431        34222.746        7291401.9        371772.29 
       -0.4597431              0.9     -0.091448588        299410.41        6625399.4        89233.191 
      -0.38975138              0.9      -0.26042355         241004.9        6616246.7        245607.06 
      -0.26042355              0.9      -0.38975138        147526.81        6603374.1        349626.54 
     -0.091448588              0.9       -0.4597431        44094.606        6594066.3        397084.84 
       -0.4597431              0.7     -0.091448588        245265.28        6081294.5        72309.794 
      -0.38975138              0.7      -0.26042355        197281.96        6070496.8        198962.96 
      -0.26042355              0.7      -0.38975138        120531.73        6055267.6        283065.29 
     -0.091448588              0.7       -0.4597431        35719.089        6044239.6        321302.61 
       -0.4597431              0.5     -0.091448588        172406.89        5695712.6        51198.445 
      -0.38975138              0.5      -0.26042355        138260.35        5684649.1        140736.62 
      -0.26042355              0.5      -0.38975138        83872.023        5669000.3        199901.92 
     -0.091448588              0.5       -0.4597431        24151.789          5657615        226557.19 
       -0.4597431              0.3     -0.091448588        100788.47        5450901.2        30348.149 
      -0.38975138              0.3      -0.26042355        80469.446        5439981.1        83339.351 
      -0.26042355              0.3      -0.38975138        48229.565        5424497.9        118169.98 
     -0.091448588              0.3       -0.4597431        13051.399        5413174.1        133673.15 
       -0.4597431              0.1     -0.091448588        33177.513        5331254.9        10399.838 
      -0.38975138              0.1      -0.26042355        26117.287        5320467.3        28512.333 
      -0.26042355              0.1      -0.38975138         14948.66        5305143.8        40296.151 
     -0.091448588              0.1       -0.4597431        2858.7121        5293882.8        45362.372 
       -0.4597431             -0.1     -0.091448588       -32665.248        5328709.5       -9159.1355 
      -0.38975138             -0.1      -0.26042355       -26717.607          5317891       -25210.568 
      -0.26042355             -0.1      -0.38975138       -17276.597        5302505.3       -35929.763 
     -0.091448588             -0.1       -0.4597431       -6885.4775        5291153.1       -40997.412 
       -0.4597431             -0.3     -0.091448588       -100052.94        5443185.7       -29097.625 
      -0.38975138             -0.3      -0.26042355       -80834.196        5432169.4       -80003.616 
      -0.26042355             -0.3      -0.38975138       -50306.186        5416494.2       -113732.33 
     -0.091448588             -0.3       -0.4597431       -16823.412        5404890.6       -129186.64 
       -0.4597431             -0.5     -0.091448588       -171225.12        5682586.2       -49932.148 
      -0.38975138             -0.5      -0.26042355       -138150.15        5671350.5       -137342.62 
      -0.26042355             -0.5      -0.38975138       -85436.784        5655361.3       -195332.86 
     -0.091448588             -0.5       -0.4597431       -27401.582        5643486.2       -221836.42 
       -0.4597431             -0.7     -0.091448588       -243434.22        6062352.7       -71035.026 
      -0.38975138             -0.7      -0.26042355       -196464.82        6051283.8       -195520.88 
      -0.26042355             -0.7      -0.38975138       -121313.64        6035526.8       -278348.51 
     -0.091448588             -0.7       -0.4597431       -38153.877          6023755       -316276.89 
       -0.4597431             -0.9     -0.091448588       -296835.08        6600106.1       -87997.433 
      -0.38975138             -0.9      -0.26042355       -239323.27          6590539       -242235.53 
      -0.26042355             -0.9      -0.38975138       -147276.88        6576877.8       -344894.32 
     -0.091448588             -0.9       -0.4597431       -45390.215        6566492.2        -391842.9 
       -0.4597431             -1.1     -0.091448588       -253330.71        7274185.9       -84001.789 
      -0.38975138             -1.1      -0.26042355       -201205.55        7269267.3       -230100.07 
      -0.26042355             -1.1      -0.38975138       -120165.26        7262048.2       -325096.16 
     -0.091448588             -1.1       -0.4597431       -34060.718        7256023.9       -366960.53 
       -0.4597431             -1.3     -0.091448588        140937.76        7750881.2       -6079.3721 
      -0.38975138             -1.3      -0.26042355        133030.51        7754727.3       -8471.6229 
      -0.26042355             -1.3      -0.38975138        103746.52        7759554.1        6105.9953 
     -0.091448588             -1.3       -0.4597431        46343.892        7761691.4        23527.535 
       -0.4597431             -1.5     -0.091448588        982864.47        6856046.4        166036.46 
      -0.38975138             -1.5      -0.26042355        847857.65        6864570.3        481785.78 
      -0.26042355             -1.5      -0.38975138        583023.42        6875810.2        740141.32 
     -0.091448588             -1.5       -0.4597431        216817.38        6882330.7        889807.94 
       -0.4597431             -1.7     -0.091448588        1000806.3        4924051.9        173658.36 
      -0.38975138             -1.7      -0.26042355        862939.77        4927658.4        502864.92 
      -0.26042355             -1.7      -0.38975138        593628.13        4932143.7        770497.55 
     -0.091448588             -1.7       -0.4597431        222379.62        4934043.8        924940.89 
       -0.4597431             -1.9     -0.091448588        704923.12        3665486.3        115265.38 
      -0.38975138             -1.9      -0.26042355        612098.57        3663647.1        336149.08 
      -0.26042355             -1.9      -0.38975138        426750.77        3660367.9        520284.11 
     -0.091448588             -1.9       -0.4597431        165878.22        3656528.9        629620.98 
       -0.4597431             -2.1     -0.091448588        611193.83          2785329         94149.53 
      -0.38975138             -2.1      -0.26042355        534666.77        2778452.1        276759.44 
      -0.26042355             -2.1      -0.38975138        377877.51        2767669.6        433218.54 
     -0.091448588             -2.1       -0.4597431        152003.89        2757852.8        528932.71 
       -0.4597431             -2.3     -0.091448588        477640.53        2068465.7        61521.709 
      -0.38975138             -2.3      -0.26042355        427206.67        2052261.1        186657.36 
      -0.26042355             -2.3      -0.38975138        313043.38        2027453.6        304838.24 
     -0.091448588             -2.3       -0.4597431        134669.68        2006270.5        383770.55 
       -0.4597431             -2.5     -0.091448588        884982.53          1309507        126883.07 
      -0.38975138             -2.5      -0.26042355        772131.25        1283028.8        374203.46 
      -0.26042355             -2.5      -0.38975138        543716.21        1242536.2        576793.82 
     -0.091448588             -2.5       -0.4597431        224738.76        1208052.6        702647.66 
       -0.4597431             -2.7     -0.091448588         236495.4        774462.22       -17761.142 
      -0.38975138             -2.7      -0.26042355        242191.52        743048.91       -25714.348 
      -0.26042355             -2.7      -0.38975138        210554.08        691869.18       -287.36788 
     -0.091448588             -2.7       -0.4597431        118746.78        646846.75         41369.53 
       -0.4597431             -2.9     -0.091448588        233311.13         808029.3       -41155.934 
      -0.38975138             -2.9      -0.26042355        251866.11        764646.95       -86543.663 
      -0.26042355             -2.9      -0.38975138        231342.41        696254.95       -89275.177 
     -0.091448588             -2.9       -0.4597431        139184.71         635157.9       -61460.601 
       -0.4597431             -3.1     -0.091448588        375141.54        635880.39       -39692.401 
      -0.38975138             -3.1      -0.26042355        378489.18        601884.51       -77141.171 
      -0.26042355             -3.1      -0.38975138        324199.99        551074.06       -82004.746 
     -0.091448588             -3.1       -0.4597431        185164.42        508885.95       -60398.457 
       -0.4597431             -3.3     -0.091448588        403177.82        351124.22       -46923.441 
      -0.38975138             -3.3      -0.26042355        408920.59        340085.68       -91864.721 
      -0.26042355             -3.3      -0.38975138        351758.15        328689.85       -90600.129 
     -0.091448588             -3.3       -0.4597431         201940.4        323730.55        -55218.12 
       -0.4597431             -3.5     -0.091448588        431245.42        142823.02       -43885.291 
      -0.38975138             -3.5      -0.26042355        434496.61        142555.35       -78912.927 
      -0.26042355             -3.5      -0.38975138        370855.28        145557.92       -58376.048 
     -0.091448588             -3.5       -0.4597431        210710.87        149711.57       -4046.5046 
       -0.4597431             -3.7     -0.091448588        592813.54        43832.816       -13176.989 
      -0.38975138             -3.7      -0.26042355        575203.82        31748.229        13839.902 
      -0.26042355             -3.7      -0.38975138         468023.5        23528.375        88590.551 
     -0.091448588             -3.7       -0.4597431        245288.86        22882.159        170709.22 
       -0.4597431             -3.9     -0.091448588        1861464.6       -1489377.4        234060.61 
      -0.38975138             -3.9      -0.26042355        1625112.7       -1458231.3        715194.99 
      -0.26042355             -3.9      -0.38975138        1164736.6       -1433386.8        1124479.3 
     -0.091448588             -3.9       -0.4597431        502154.14       -1460049.2          1408440 
       -0.4597431             -4.1     -0.091448588        879656.68       -4799427.2        40486.471 
      -0.38975138             -4.1      -0.26042355        846706.92       -4895273.2         137137.8 
      -0.26042355             -4.1      -0.38975138        696398.83       -5055681.1        274365.52 
     -0.091448588             -4.1       -0.4597431        345329.57       -5159748.9        357662.54 
       -0.4597431             -4.3     -0.091448588        306618.27         -4750172       -131389.63 
      -0.38975138             -4.3      -0.26042355        360961.35       -4804781.1       -346346.83 
      -0.26042355             -4.3      -0.38975138         359476.1       -4867083.5        -455882.4 
     -0.091448588             -4.3       -0.4597431         190377.2       -4880586.7       -479363.79 
       -0.4597431             -4.5     -0.091448588        133981.34       -4384572.1       -177762.08 
      -0.38975138             -4.5      -0.26042355        213484.19       -4372386.6       -462771.46 
      -0.26042355             -4.5      -0.38975138        250248.81       -4334817.5       -592121.51 
     -0.091448588             -4.5       -0.4597431        139824.95       -4288377.6        -603546.2 
       -0.4597431             -4.7     -0.091448588        42289.412       -3931973.9       -179234.56 
      -0.38975138             -4.7      -0.26042355        125516.36       -3891216.4       -460219.26 
      -0.26042355             -4.7      -0.38975138        176900.79         -3822778       -577407.07 
     -0.091448588             -4.7       -0.4597431        105447.69       -3765409.4       -581684.04 
       -0.4597431             -4.9     -0.091448588       -28066.469       -3275807.8       -168241.43 
      -0.38975138             -4.9      -0.26042355        53613.176         -3237675       -430754.06 
      -0.26042355             -4.9      -0.38975138        114988.08       -3179560.5       -540208.91 
     -0.091448588             -4.9       -0.4597431        77224.937       -3134818.9       -546709.29 

