%          X (in)           Y (in)           Z (in)         RealPolX         RealPolY         RealPolZ
      0.091448588              4.9        0.4597431        -36072559        -46213777        7316123.6 
      0.091448588              4.7        0.4597431        -70608474   -1.7773484e+08         14299998 
      0.091448588              4.5        0.4597431   -1.6424312e+08   -4.5621242e+08         33049296 
      0.091448588              4.3        0.4597431   -3.9861483e+08   -1.1082631e+09         79812011 
      0.091448588              4.1        0.4597431   -1.6090169e+09   -3.3513496e+09    3.2096399e+08 
      0.091448588              3.9        0.4597431    1.5149907e+09   -3.3315572e+09   -2.7635297e+08 
      0.091448588              3.7        0.4597431    1.1412562e+09    -1.480715e+08    -2.142729e+08 
      0.091448588              3.5        0.4597431    1.2425854e+09    2.7213904e+09   -2.3738743e+08 
      0.091448588              3.3        0.4597431    1.6827766e+09     6.202185e+09   -3.2135541e+08 
      0.091448588              3.1        0.4597431    2.4822389e+09    1.1110445e+10   -4.6870756e+08 
      0.091448588              2.9        0.4597431   -9.0215218e+08    1.3332442e+10    2.4805947e+08 
      0.091448588              2.7        0.4597431   -1.6909133e+08    1.2512943e+10         54307654 
      0.091448588              2.5        0.4597431   -5.0823241e+08    1.1802465e+10    1.1972762e+08 
      0.091448588              2.3        0.4597431   -2.2033484e+09    8.6907507e+09     4.411985e+08 
      0.091448588              2.1        0.4597431   -6.4108158e+08    5.3816962e+09    1.3011921e+08 
      0.091448588              1.9        0.4597431   -2.4828596e+08     4.303734e+09         51599958 
      0.091448588              1.7        0.4597431        -94513052    3.8701758e+09         20877382 
      0.091448588              1.5        0.4597431        -33892560    3.6973759e+09        8506506.9 
      0.091448588              1.3        0.4597431        -10728734    3.6296872e+09        3248754.6 
      0.091448588              1.1        0.4597431       -2256906.8    3.6036196e+09        1187518.1 
      0.091448588              0.9        0.4597431        487722.41    3.5945089e+09        458558.64 
      0.091448588              0.7        0.4597431        1130493.4     3.592217e+09        220321.11 
      0.091448588              0.5        0.4597431        1080148.6    3.5925308e+09        152229.91 
      0.091448588              0.3        0.4597431        860342.01    3.5937193e+09        134515.94 
      0.091448588              0.1        0.4597431        651074.74    3.5950789e+09        123983.82 
      0.091448588             -0.1        0.4597431        505577.78    3.5963259e+09         105776.4 
      0.091448588             -0.3        0.4597431        436433.21    3.5973452e+09         74309.46 
      0.091448588             -0.5        0.4597431        450567.59     3.598087e+09        25257.299 
      0.091448588             -0.7        0.4597431        566909.78    3.5985287e+09       -49105.276 
      0.091448588             -0.9        0.4597431        834094.86    3.5986687e+09       -165944.45 
      0.091448588             -1.1        0.4597431        1365522.9    3.5985457e+09       -366868.67 
      0.091448588             -1.3        0.4597431          2419120    3.5982771e+09       -760256.65 
      0.091448588             -1.5        0.4597431        4329693.4    3.5981386e+09       -1434976.4 
      0.091448588             -1.7        0.4597431        8447689.4    3.6008534e+09       -2329845.3 
      0.091448588             -1.9        0.4597431         16988035    3.6133784e+09       -3984900.5 
      0.091448588             -2.1        0.4597431         35229052    3.6491076e+09       -7621428.8 
      0.091448588             -2.3        0.4597431    1.2955357e+08     3.798194e+09        -26356494 
      0.091448588             -2.5        0.4597431        -32487172    3.8504169e+09        3950332.6 
      0.091448588             -2.7        0.4597431   -5.9740529e+08    3.0158624e+09    1.1581683e+08 
      0.091448588             -2.9        0.4597431    4.5836465e+08    2.6760338e+09   -1.2529059e+08 
      0.091448588             -3.1        0.4597431         40023859    3.0604297e+09        -44259119 
      0.091448588             -3.3        0.4597431   -2.2128072e+08    2.6143658e+09          6500405 
      0.091448588             -3.5        0.4597431   -3.0629968e+08     1.730333e+09         24578215 
      0.091448588             -3.7        0.4597431   -5.3125003e+08    4.6787698e+08         70281232 
      0.091448588             -3.9        0.4597431   -1.2503363e+09   -1.8506727e+09    2.1015632e+08 
      0.091448588             -4.1        0.4597431    1.1684221e+09   -2.1258049e+09   -2.3334321e+08 
      0.091448588             -4.3        0.4597431    2.2566729e+08   -5.8421983e+08        -45482544 
      0.091448588             -4.5        0.4597431         81093387   -2.2491501e+08        -16609204 
      0.091448588             -4.7        0.4597431         31539931        -84139953       -6647918.6 
      0.091448588             -4.9        0.4597431         13945547        -20651666       -3061742.7 
       0.26042355              4.9       0.38975138        -80653915        -19240973         54206370 
       0.26042355              4.7       0.38975138   -1.5381898e+08        -74638489    1.0326022e+08 
       0.26042355              4.5       0.38975138   -3.5302494e+08   -1.9671011e+08    2.3656835e+08 
       0.26042355              4.3       0.38975138   -8.2853301e+08   -4.6531051e+08    5.5454945e+08 
       0.26042355              4.1       0.38975138   -1.6370493e+09    7.8186711e+08    1.0955993e+09 
       0.26042355              3.9       0.38975138    1.7736156e+09      1.38056e+09   -1.0848169e+09 
       0.26042355              3.7       0.38975138    2.0795406e+09    9.1809041e+08   -1.2903492e+09 
       0.26042355              3.5       0.38975138    2.2809328e+09    1.6895955e+09   -1.4270684e+09 
       0.26042355              3.3       0.38975138    2.8313307e+09    2.2149105e+09   -1.8011994e+09 
       0.26042355              3.1       0.38975138    3.2647833e+09    1.1977942e+09   -2.1116051e+09 
       0.26042355              2.9       0.38975138     2.579627e+08    2.3151374e+09   -1.5944065e+08 
       0.26042355              2.7       0.38975138   -7.5213187e+08    4.1179599e+09     5.672296e+08 
       0.26042355              2.5       0.38975138   -1.2390787e+09    3.3576945e+09    8.6995396e+08 
       0.26042355              2.3       0.38975138   -3.2147869e+09    3.7700131e+09     2.151512e+09 
       0.26042355              2.1       0.38975138   -1.3543268e+09     4.276625e+09    9.0811831e+08 
       0.26042355              1.9       0.38975138    -5.507173e+08     3.869232e+09    3.7064255e+08 
       0.26042355              1.7       0.38975138   -2.2149895e+08    3.6944502e+09    1.5048832e+08 
       0.26042355              1.5       0.38975138        -87438343    3.6266795e+09         60539493 
       0.26042355              1.3       0.38975138        -33602831    3.6016756e+09         23801749 
       0.26042355              1.1       0.38975138        -12099919    3.5928499e+09        8986193.8 
       0.26042355              0.9       0.38975138       -3799083.3    3.5905792e+09        3217427.9 
       0.26042355              0.7       0.38975138        -759770.3     3.590926e+09        1049997.9 
       0.26042355              0.5       0.38975138        235829.63    3.5922061e+09        286763.12 
       0.26042355              0.3       0.38975138        474033.03    3.5937097e+09        49819.267 
       0.26042355              0.1       0.38975138        459340.36    3.5951392e+09       -6807.7214 
       0.26042355             -0.1       0.38975138        384626.13    3.5963668e+09       -17228.866 
       0.26042355             -0.3       0.38975138        323589.11    3.5973309e+09       -34529.267 
       0.26042355             -0.5       0.38975138        311581.78    3.5979906e+09       -85998.514 
       0.26042355             -0.7       0.38975138        385741.32    3.5983043e+09       -201251.55 
       0.26042355             -0.9       0.38975138        620623.49    3.5982156e+09       -438863.66 
       0.26042355             -1.1       0.38975138        1194481.9    3.5976325e+09       -939609.32 
       0.26042355             -1.3       0.38975138        2543664.4    3.5963657e+09       -2059104.3 
       0.26042355             -1.5       0.38975138        5190372.2    3.5941159e+09       -4168109.2 
       0.26042355             -1.7       0.38975138         11736533     3.592155e+09       -8626447.6 
       0.26042355             -1.9       0.38975138         26437525    3.5941716e+09        -18397611 
       0.26042355             -2.1       0.38975138         59309935    3.6059247e+09        -40375782 
       0.26042355             -2.3       0.38975138    1.1359351e+08     3.493453e+09        -76598418 
       0.26042355             -2.5       0.38975138   -2.0915549e+08    3.1908292e+09    1.3507064e+08 
       0.26042355             -2.7       0.38975138   -1.2422525e+09    2.7763772e+09    8.2306041e+08 
       0.26042355             -2.9       0.38975138    7.7875325e+08    2.2951845e+09   -5.9108006e+08 
       0.26042355             -3.1       0.38975138    1.6185715e+08    1.9874518e+09   -1.9558653e+08 
       0.26042355             -3.3       0.38975138   -3.3033233e+08    1.7254534e+09    1.2115456e+08 
       0.26042355             -3.5       0.38975138   -5.8549047e+08    1.2638028e+09    2.8779789e+08 
       0.26042355             -3.7       0.38975138   -9.2392143e+08    7.3802028e+08    5.1236133e+08 
       0.26042355             -3.9       0.38975138   -1.2081905e+09    1.4915841e+09    7.0201766e+08 
       0.26042355             -4.1       0.38975138    9.4735799e+08    1.1289908e+09   -6.3478964e+08 
       0.26042355             -4.3       0.38975138    4.2799271e+08   -1.6756219e+08   -2.8700014e+08 
       0.26042355             -4.5       0.38975138    1.7375819e+08        -84483323   -1.1689746e+08 
       0.26042355             -4.7       0.38975138         73103301        -31869094        -49461252 
       0.26042355             -4.9       0.38975138         36025646       -7317781.4        -24552218 
       0.38975138              4.9       0.26042355        -54615135         19579664         82545230 
       0.38975138              4.7       0.26042355   -1.0428746e+08         74579249    1.5720419e+08 
       0.38975138              4.5       0.26042355   -2.4199669e+08    1.8768594e+08    3.6372338e+08 
       0.38975138              4.3       0.26042355   -5.9055274e+08     3.799378e+08    8.8593588e+08 
       0.38975138              4.1       0.26042355   -1.3610756e+09   -1.4530838e+09    2.0405057e+09 
       0.38975138              3.9       0.26042355    1.4442994e+09    -1.577962e+09   -1.9900551e+09 
       0.38975138              3.7       0.26042355    1.5572689e+09    6.7585156e+08   -2.1604839e+09 
       0.38975138              3.5       0.26042355    1.6365553e+09    1.3917619e+09   -2.2822808e+09 
       0.38975138              3.3       0.26042355    1.9177384e+09    2.0340513e+09   -2.7143532e+09 
       0.38975138              3.1       0.26042355    1.9923876e+09    3.4940421e+09   -2.8622797e+09 
       0.38975138              2.9       0.26042355    2.0344102e+08    2.4491377e+09   -2.9125584e+08 
       0.38975138              2.7       0.26042355   -2.6140171e+08    1.4742308e+09    5.0453841e+08 
       0.38975138              2.5       0.26042355   -8.1997793e+08    3.2638298e+09    1.2992494e+09 
       0.38975138              2.3       0.26042355   -2.0844373e+09    3.1556194e+09    3.1251589e+09 
       0.38975138              2.1       0.26042355   -9.0184825e+08    2.8175238e+09    1.3547289e+09 
       0.38975138              1.9       0.26042355   -3.7104329e+08    3.2530803e+09    5.5941305e+08 
       0.38975138              1.7       0.26042355   -1.5035474e+08    3.4412927e+09     2.288259e+08 
       0.38975138              1.5       0.26042355        -59803197    3.5232378e+09         92742134 
       0.38975138              1.3       0.26042355        -23335077    3.5597877e+09         37020650 
       0.38975138              1.1       0.26042355       -8625855.8     3.576151e+09         14327704 
       0.38975138              0.9       0.26042355       -2842465.8    3.5840728e+09        5325186.2 
       0.38975138              0.7       0.26042355       -660074.65    3.5884903e+09        1840198.6 
       0.38975138              0.5       0.26042355        95735.796    3.5913588e+09        549270.51 
       0.38975138              0.3       0.26042355        303812.31    3.5934545e+09        109535.78 
       0.38975138              0.1       0.26042355         314359.1     3.595082e+09       -16771.214 
       0.38975138             -0.1       0.26042355        264289.64    3.5963528e+09       -42842.827 
       0.38975138             -0.3       0.26042355        207019.76    3.5972943e+09       -54830.571 
       0.38975138             -0.5       0.26042355        167169.95    3.5978886e+09       -95497.789 
       0.38975138             -0.7       0.26042355        167394.02    3.5980769e+09       -206229.76 
       0.38975138             -0.9       0.26042355        251105.97    3.5977375e+09       -464950.59 
       0.38975138             -1.1       0.26042355        523396.12    3.5966105e+09       -1059596.5 
       0.38975138             -1.3       0.26042355        1248356.2    3.5940856e+09       -2473904.9 
       0.38975138             -1.5       0.26042355        2748940.6    3.5890747e+09       -5213573.1 
       0.38975138             -1.7       0.26042355        6899760.7    3.5807825e+09        -11540495 
       0.38975138             -1.9       0.26042355         16608708    3.5678333e+09        -25992939 
       0.38975138             -2.1       0.26042355         39651617    3.5472321e+09        -60506680 
       0.38975138             -2.3       0.26042355         87999178    3.6766343e+09   -1.3280898e+08 
       0.38975138             -2.5       0.26042355   -1.2794033e+08     4.008649e+09    1.8482471e+08 
       0.38975138             -2.7       0.26042355   -9.6649832e+08    4.1295607e+09    1.4370431e+09 
       0.38975138             -2.9       0.26042355    4.7258484e+08    3.7916077e+09   -8.3123782e+08 
       0.38975138             -3.1       0.26042355         74433142     3.173593e+09   -2.6925421e+08 
       0.38975138             -3.3       0.26042355   -2.8780692e+08      2.32852e+09    2.5055808e+08 
       0.38975138             -3.5       0.26042355   -4.5551631e+08    1.5460921e+09     4.951941e+08 
       0.38975138             -3.7       0.26042355   -6.2343147e+08    9.2351265e+08    7.4503197e+08 
       0.38975138             -3.9       0.26042355   -7.3840245e+08   -7.2316305e+08    9.1770278e+08 
       0.38975138             -4.1       0.26042355     5.629023e+08   -8.8289954e+08   -8.4608412e+08 
       0.38975138             -4.3       0.26042355    2.7040588e+08    2.3145376e+08   -4.0693529e+08 
       0.38975138             -4.5       0.26042355    1.1417722e+08    1.0459078e+08   -1.7258886e+08 
       0.38975138             -4.7       0.26042355         48975665         41129180        -74612962 
       0.38975138             -4.9       0.26042355         24471917         11579329        -37666545 
        0.4597431              4.9      0.091448588       -7528463.1         47359290         40854386 
        0.4597431              4.7      0.091448588        -14699794    1.8245483e+08         77957065 
        0.4597431              4.5      0.091448588        -35106714    4.7481993e+08    1.8197863e+08 
        0.4597431              4.3      0.091448588        -92982808    1.2078374e+09    4.7481134e+08 
        0.4597431              4.1      0.091448588    -4.111238e+08    4.0633421e+09    2.0792965e+09 
        0.4597431              3.9      0.091448588    5.4781735e+08    4.8223354e+09   -1.8777863e+09 
        0.4597431              3.7      0.091448588    4.5991052e+08    2.3104018e+09   -1.3611532e+09 
        0.4597431              3.5      0.091448588    4.6106093e+08    4.1593681e+08   -1.3669467e+09 
        0.4597431              3.3      0.091448588    5.0296897e+08   -1.8699735e+09   -1.6608849e+09 
        0.4597431              3.1      0.091448588     5.411254e+08   -5.1812767e+09   -2.1046705e+09 
        0.4597431              2.9      0.091448588   -1.7377006e+08   -6.2991753e+09    7.8870102e+08 
        0.4597431              2.7      0.091448588      1.26163e+08   -5.4305975e+09   -1.5444113e+08 
        0.4597431              2.5      0.091448588        -55528509   -4.5268979e+09    5.6654213e+08 
        0.4597431              2.3      0.091448588   -4.2288611e+08   -1.3858561e+09    2.1418722e+09 
        0.4597431              2.1      0.091448588   -1.2999407e+08    1.7552051e+09    6.6831733e+08 
        0.4597431              1.9      0.091448588        -52247062    2.8179056e+09    2.7460205e+08 
        0.4597431              1.7      0.091448588        -20226818    3.2613846e+09    1.1268661e+08 
        0.4597431              1.5      0.091448588       -7244912.4    3.4493826e+09         45805355 
        0.4597431              1.3      0.091448588         -2435291    3.5296972e+09         18379409 
        0.4597431              1.1      0.091448588       -594280.37    3.5640421e+09        7171989.5 
        0.4597431              0.9      0.091448588        92534.203     3.579278e+09        2700778.8 
        0.4597431              0.7      0.091448588        310092.89    3.5866434e+09        953973.35 
        0.4597431              0.5      0.091448588        344842.43    3.5906803e+09        296937.52 
        0.4597431              0.3      0.091448588        312962.86    3.5932244e+09        66977.785 
        0.4597431              0.1      0.091448588        259615.04    3.5950119e+09       -2597.8416 
        0.4597431             -0.1      0.091448588         201089.1    3.5963271e+09       -18245.591 
        0.4597431             -0.3      0.091448588        142286.78    3.5972633e+09       -23269.342 
        0.4597431             -0.5      0.091448588        83913.172    3.5978208e+09       -38975.277 
        0.4597431             -0.7      0.091448588        25554.907     3.597931e+09       -85245.185 
        0.4597431             -0.9      0.091448588       -32763.546    3.5974288e+09        -198806.4 
        0.4597431             -1.1      0.091448588       -90025.224    3.5959405e+09       -468419.73 
        0.4597431             -1.3      0.091448588       -147161.31    3.5925567e+09       -1125795.4 
        0.4597431             -1.5      0.091448588       -164840.19    3.5856314e+09       -2409943.1 
        0.4597431             -1.7      0.091448588        381977.78     3.572841e+09       -5461342.1 
        0.4597431             -1.9      0.091448588        1840417.6    3.5487177e+09        -12569429 
        0.4597431             -2.1      0.091448588        5459952.1    3.4963203e+09        -30858115 
        0.4597431             -2.3      0.091448588         27820019    3.2986165e+09    -1.430036e+08 
        0.4597431             -2.5      0.091448588       -9676196.6    3.1486372e+09         21015958 
        0.4597431             -2.7      0.091448588    -1.829007e+08    4.1000578e+09    8.7545686e+08 
        0.4597431             -2.9      0.091448588        -13757046    4.1225282e+09   -4.7558884e+08 
        0.4597431             -3.1      0.091448588   -1.1784043e+08    2.7709998e+09        -91613627 
        0.4597431             -3.3      0.091448588   -1.9939713e+08     2.067861e+09    2.2170945e+08 
        0.4597431             -3.5      0.091448588    -2.201457e+08    1.7552925e+09    3.0115129e+08 
        0.4597431             -3.7      0.091448588   -2.4366051e+08    1.6845058e+09    4.2258444e+08 
        0.4597431             -3.9      0.091448588   -3.5425409e+08    2.4235162e+09    1.0049053e+09 
        0.4597431             -4.1      0.091448588    2.0505456e+08    1.9603147e+09   -1.0435196e+09 
        0.4597431             -4.3      0.091448588         38731757     5.657256e+08   -2.0250816e+08 
        0.4597431             -4.5      0.091448588         15175889    2.3304844e+08        -82236240 
        0.4597431             -4.7      0.091448588          6234801         91753408        -35919402 
        0.4597431             -4.9      0.091448588        2901641.8         24763518        -18233301 
     -0.091448588             -4.9        0.4597431        -25761504        -20219115       -5421868.6 
     -0.091448588             -4.7        0.4597431        -45756349        -82988742         -9485329 
     -0.091448588             -4.5        0.4597431        -98408623   -2.2359188e+08        -20063793 
     -0.091448588             -4.3        0.4597431   -2.4545636e+08   -5.8378565e+08        -49430701 
     -0.091448588             -4.1        0.4597431   -1.1844111e+09   -2.1840302e+09   -2.3654358e+08 
     -0.091448588             -3.9        0.4597431     1.393042e+09   -1.9087727e+09    2.3795071e+08 
     -0.091448588             -3.7        0.4597431    6.6155492e+08    4.7285146e+08         95586461 
     -0.091448588             -3.5        0.4597431    4.0571996e+08    1.7432854e+09         43671968 
     -0.091448588             -3.3        0.4597431    2.8128447e+08    2.6360958e+09         17730075 
     -0.091448588             -3.1        0.4597431        -32023349     3.094417e+09        -43314550 
     -0.091448588             -2.9        0.4597431   -5.0179659e+08    2.7352596e+09   -1.3452025e+08 
     -0.091448588             -2.7        0.4597431    7.3000397e+08     3.065031e+09      1.42202e+08 
     -0.091448588             -2.5        0.4597431         83247749    3.8670811e+09         14055554 
     -0.091448588             -2.3        0.4597431        -98151027    3.8076156e+09        -20111014 
     -0.091448588             -2.1        0.4597431        -15374369    3.6534329e+09         -3673210 
     -0.091448588             -1.9        0.4597431       -4286722.8    3.6160962e+09       -1459742.2 
     -0.091448588             -1.7        0.4597431       -218731.68    3.6025641e+09       -694450.85 
     -0.091448588             -1.5        0.4597431        1048275.7    3.5992328e+09       -366781.12 
     -0.091448588             -1.3        0.4597431        1119166.3    3.5989808e+09       -57911.634 
     -0.091448588             -1.1        0.4597431        998624.15    3.5989954e+09        102304.34 
     -0.091448588             -0.9        0.4597431        784133.34    3.5989482e+09        155376.41 
     -0.091448588             -0.7        0.4597431        600865.56    3.5986875e+09        183170.73 
     -0.091448588             -0.5        0.4597431        485909.97    3.5981514e+09        212074.76 
     -0.091448588             -0.3        0.4597431        452448.79     3.597324e+09        252185.42 
     -0.091448588             -0.1        0.4597431        518131.62    3.5962117e+09        310965.84 
     -0.091448588              0.1        0.4597431           722592    3.5948471e+09         399243.9 
     -0.091448588              0.3        0.4597431          1151398    3.5933231e+09         537119.3 
     -0.091448588              0.5        0.4597431        1985098.9    3.5918923e+09        764771.43 
     -0.091448588              0.7        0.4597431          3610032    3.5912118e+09        1166432.4 
     -0.091448588              0.9        0.4597431        6875729.7    3.5929418e+09        1926677.5 
     -0.091448588              1.1        0.4597431         13701750    3.6011852e+09        3467648.7 
     -0.091448588              1.3        0.4597431         28513218    3.6259064e+09        6789875.1 
     -0.091448588              1.5        0.4597431         61493663    3.6914922e+09         13999986 
     -0.091448588              1.7        0.4597431    1.3745249e+08    3.8609788e+09         29421872 
     -0.091448588              1.9        0.4597431    3.1523307e+08    4.2892441e+09         64920370 
     -0.091448588              2.1        0.4597431    7.4601593e+08    5.3578527e+09    1.5099746e+08 
     -0.091448588              2.3        0.4597431    2.3733601e+09    8.6638598e+09    4.7502301e+08 
     -0.091448588              2.5        0.4597431    5.7792968e+08    1.1771898e+10    1.3376707e+08 
     -0.091448588              2.7        0.4597431    1.7365376e+08    1.2427138e+10         55549201 
     -0.091448588              2.9        0.4597431    7.8083942e+08    1.3282984e+10    2.2361812e+08 
     -0.091448588              3.1        0.4597431   -2.6301401e+09    1.1133814e+10   -4.9805052e+08 
     -0.091448588              3.3        0.4597431   -1.8321251e+09    6.2101113e+09   -3.5101058e+08 
     -0.091448588              3.5        0.4597431   -1.3869212e+09    2.7237643e+09   -2.6606182e+08 
     -0.091448588              3.7        0.4597431   -1.2817267e+09   -1.5104608e+08   -2.4219304e+08 
     -0.091448588              3.9        0.4597431   -1.6429663e+09   -3.3929115e+09   -3.0170098e+08 
     -0.091448588              4.1        0.4597431    1.6484284e+09   -3.4058584e+09     3.288159e+08 
     -0.091448588              4.3        0.4597431    4.2631083e+08   -1.1026959e+09         85328393 
     -0.091448588              4.5        0.4597431    1.8263077e+08   -4.5277916e+08         36713420 
     -0.091448588              4.7        0.4597431         83598824   -1.7590798e+08         16890270 
     -0.091448588              4.9        0.4597431         46175624        -45635201        9332481.2 
      -0.26042355             -4.9       0.38975138        -44887216       -5979848.8        -30507164 
      -0.26042355             -4.7       0.38975138        -84101281        -28117395        -56843192 
      -0.26042355             -4.5       0.38975138   -1.8832157e+08        -79147469   -1.2666467e+08 
      -0.26042355             -4.3       0.38975138   -4.4843646e+08   -1.6576832e+08     -3.00702e+08 
      -0.26042355             -4.1       0.38975138   -9.7179219e+08    1.1706367e+09   -6.5118735e+08 
      -0.26042355             -3.9       0.38975138    1.3390441e+09    1.5412613e+09    7.8652199e+08 
      -0.26042355             -3.7       0.38975138    1.0364173e+09    7.5920182e+08    5.8442565e+08 
      -0.26042355             -3.5       0.38975138    6.6640421e+08    1.2952738e+09      3.38628e+08 
      -0.26042355             -3.3       0.38975138    3.7630442e+08    1.7580284e+09    1.4861339e+08 
      -0.26042355             -3.1       0.38975138   -1.5840613e+08    2.0169576e+09   -1.9624385e+08 
      -0.26042355             -2.9       0.38975138   -8.0488133e+08    2.3266288e+09   -6.1094163e+08 
      -0.26042355             -2.7       0.38975138    1.3279148e+09    2.8068176e+09    8.8024024e+08 
      -0.26042355             -2.5       0.38975138     2.479785e+08    3.2131541e+09    1.6099491e+08 
      -0.26042355             -2.3       0.38975138        -91818372    3.5111051e+09        -62051257 
      -0.26042355             -2.1       0.38975138        -45537052     3.618284e+09        -31176916 
      -0.26042355             -1.9       0.38975138        -17460667    3.6017786e+09        -12403879 
      -0.26042355             -1.7       0.38975138         -5862569    3.5969887e+09       -4706536.2 
      -0.26042355             -1.5       0.38975138       -1333473.3    3.5972215e+09       -1596355.8 
      -0.26042355             -1.3       0.38975138       -1694.2952    3.5983665e+09       -365746.34 
      -0.26042355             -1.1       0.38975138         506468.3    3.5989125e+09        193082.52 
      -0.26042355             -0.9       0.38975138        543812.08     3.599011e+09        337137.94 
      -0.26042355             -0.7       0.38975138        453972.72    3.5987559e+09         359697.6 
      -0.26042355             -0.5       0.38975138        360878.11    3.5981736e+09        365088.53 
      -0.26042355             -0.3       0.38975138        313682.09    3.5972701e+09        394853.72 
      -0.26042355             -0.1       0.38975138        348592.16    3.5960414e+09        477961.79 
      -0.26042355              0.1       0.38975138        524408.21    3.5944789e+09        657357.96 
      -0.26042355              0.3       0.38975138        967137.19    3.5925816e+09        1021071.6 
      -0.26042355              0.5       0.38975138          1960806    3.5903885e+09        1764110.6 
      -0.26042355              0.7       0.38975138        4157371.1    3.5880656e+09        3330955.9 
      -0.26042355              0.9       0.38975138        9075373.2    3.5861221e+09        6754627.7 
      -0.26042355              1.1       0.38975138         20295160    3.5859304e+09         14474364 
      -0.26042355              1.3       0.38975138         46321949     3.590939e+09         32312515 
      -0.26042355              1.5       0.38975138    1.0713434e+08    3.6099948e+09         73711019 
      -0.26042355              1.7       0.38975138    2.5204025e+08    3.6684188e+09    1.7090649e+08 
      -0.26042355              1.9       0.38975138    5.9810197e+08    3.8283668e+09    4.0231674e+08 
      -0.26042355              2.1       0.38975138    1.4277784e+09    4.2122635e+09     9.572155e+08 
      -0.26042355              2.3       0.38975138    3.3270979e+09    3.6462449e+09    2.2265769e+09 
      -0.26042355              2.5       0.38975138    1.2862339e+09    3.1782446e+09    9.0216663e+08 
      -0.26042355              2.7       0.38975138    7.3789694e+08    3.9473027e+09    5.5899112e+08 
      -0.26042355              2.9       0.38975138   -3.0988857e+08    2.1516122e+09   -1.9489568e+08 
      -0.26042355              3.1       0.38975138   -3.3711369e+09    1.0527477e+09   -2.1813709e+09 
      -0.26042355              3.3       0.38975138   -2.9414639e+09    2.1229118e+09   -1.8726854e+09 
      -0.26042355              3.5       0.38975138   -2.3852503e+09    1.6363299e+09   -1.4942261e+09 
      -0.26042355              3.7       0.38975138   -2.1803898e+09    9.0410628e+08   -1.3549973e+09 
      -0.26042355              3.9       0.38975138    -1.872104e+09    1.4477225e+09   -1.1479312e+09 
      -0.26042355              4.1       0.38975138    1.6761105e+09    8.5533733e+08    1.1217426e+09 
      -0.26042355              4.3       0.38975138    8.4855559e+08   -4.4923985e+08    5.6795305e+08 
      -0.26042355              4.5       0.38975138     3.658848e+08   -1.8679444e+08    2.4518359e+08 
      -0.26042355              4.7       0.38975138     1.628407e+08        -69465626    1.0930995e+08 
      -0.26042355              4.9       0.38975138         87678983        -17617320         58923307 
      -0.38975138             -4.9       0.26042355        -28790786         13853359        -44209007 
      -0.38975138             -4.7       0.26042355        -54622525         47893331        -83142160 
      -0.38975138             -4.5       0.26042355    -1.225445e+08    1.1619005e+08   -1.8519673e+08 
      -0.38975138             -4.3       0.26042355    -2.850237e+08    2.4782451e+08    -4.289113e+08 
      -0.38975138             -4.1       0.26042355   -5.9484189e+08   -9.3841624e+08   -8.9404574e+08 
      -0.38975138             -3.9       0.26042355    8.3963239e+08   -7.7605328e+08    1.0641816e+09 
      -0.38975138             -3.7       0.26042355    6.9957128e+08    9.5657808e+08    8.5353703e+08 
      -0.38975138             -3.5       0.26042355    5.0538674e+08    1.5928004e+09    5.6398253e+08 
      -0.38975138             -3.3       0.26042355    3.1404508e+08    2.3885248e+09    2.8378895e+08 
      -0.38975138             -3.1       0.26042355        -75945062    3.2508721e+09   -2.7710479e+08 
      -0.38975138             -2.9       0.26042355   -4.9114202e+08    3.8837069e+09   -8.6343389e+08 
      -0.38975138             -2.7       0.26042355     1.014972e+09    4.2184876e+09    1.5095848e+09 
      -0.38975138             -2.5       0.26042355    1.4399628e+08    4.0690419e+09    2.0886831e+08 
      -0.38975138             -2.3       0.26042355        -80236444    3.7088903e+09   -1.2119806e+08 
      -0.38975138             -2.1       0.26042355        -33950974    3.5645444e+09        -51984004 
      -0.38975138             -1.9       0.26042355        -12707175      3.57891e+09        -20163994 
      -0.38975138             -1.7       0.26042355       -4303193.3    3.5879333e+09       -7665797.1 
      -0.38975138             -1.5       0.26042355       -1030292.1    3.5936993e+09       -2653851.5 
      -0.38975138             -1.3       0.26042355       -111431.99    3.5970731e+09       -784570.06 
      -0.38975138             -1.1       0.26042355        239424.42    3.5985243e+09        72773.571 
      -0.38975138             -0.9       0.26042355        270947.73    3.5989269e+09        311273.48 
      -0.38975138             -0.7       0.26042355        207956.02    3.5987518e+09        354907.18 
      -0.38975138             -0.5       0.26042355        131744.13    3.5981615e+09        355641.02 
      -0.38975138             -0.3       0.26042355        74481.786    3.5972025e+09        374434.28 
      -0.38975138             -0.1       0.26042355        58411.583    3.5958653e+09        452001.88 
      -0.38975138              0.1       0.26042355        118567.72    3.5940938e+09        646669.57 
      -0.38975138              0.3       0.26042355        331568.64    3.5917667e+09        1079301.2 
      -0.38975138              0.5       0.26042355        874656.15    3.5886406e+09        2023426.8 
      -0.38975138              0.7       0.26042355        2162985.7    3.5842154e+09        4113974.6 
      -0.38975138              0.9       0.26042355        5176979.8    3.5774173e+09        8845712.4 
      -0.38975138              1.1       0.26042355         12247978    3.5658314e+09         19776626 
      -0.38975138              1.3       0.26042355         28941620    3.5438043e+09         45439052 
      -0.38975138              1.5       0.26042355         68439578    3.4984668e+09    1.0569245e+08 
      -0.38975138              1.7       0.26042355    1.6363331e+08    3.4027913e+09    2.4872365e+08 
      -0.38975138              1.9       0.26042355    3.9139125e+08    3.1929485e+09    5.8989443e+08 
      -0.38975138              2.1       0.26042355     9.330874e+08    2.7232787e+09    1.4015224e+09 
      -0.38975138              2.3       0.26042355    2.1326157e+09    3.0324082e+09    3.1973126e+09 
      -0.38975138              2.5       0.26042355    8.3747708e+08    3.1131689e+09    1.3266906e+09 
      -0.38975138              2.7       0.26042355    2.5684349e+08    1.2866553e+09    4.9993302e+08 
      -0.38975138              2.9       0.26042355    -2.214011e+08    2.2970583e+09   -3.1935134e+08 
      -0.38975138              3.1       0.26042355   -2.0442289e+09    3.3917199e+09   -2.9377129e+09 
      -0.38975138              3.3       0.26042355   -1.9688754e+09    1.9446232e+09   -2.7874054e+09 
      -0.38975138              3.5       0.26042355   -1.6814755e+09    1.3345087e+09   -2.3452869e+09 
      -0.38975138              3.7       0.26042355   -1.5976841e+09    6.5606912e+08    -2.216436e+09 
      -0.38975138              3.9       0.26042355   -1.4760494e+09   -1.5846251e+09   -2.0330882e+09 
      -0.38975138              4.1       0.26042355    1.3714278e+09    -1.443162e+09    2.0560821e+09 
      -0.38975138              4.3       0.26042355    5.9886311e+08    4.0592567e+08    8.9842992e+08 
      -0.38975138              4.5       0.26042355    2.4701416e+08    2.0254723e+08    3.7128424e+08 
      -0.38975138              4.7       0.26042355    1.0787073e+08         82086257    1.6261647e+08 
      -0.38975138              4.9       0.26042355         57460063         21915666         86855372 
       -0.4597431             -4.9      0.091448588       -3549918.8         27817904        -21763982 
       -0.4597431             -4.7      0.091448588       -7183086.9    1.0122382e+08        -40956176 
       -0.4597431             -4.5      0.091448588        -16825873    2.5091465e+08        -90825137 
       -0.4597431             -4.3      0.091448588        -41940467    5.9706722e+08   -2.1897537e+08 
       -0.4597431             -4.1      0.091448588   -2.1512286e+08    2.0811008e+09   -1.0946357e+09 
       -0.4597431             -3.9      0.091448588    3.8928981e+08    2.5441327e+09    1.1517712e+09 
       -0.4597431             -3.7      0.091448588    2.6989868e+08    1.7112142e+09    5.2424135e+08 
       -0.4597431             -3.5      0.091448588    2.3832804e+08     1.769213e+09    3.6262299e+08 
       -0.4597431             -3.3      0.091448588    2.1087932e+08    2.0875277e+09    2.5063907e+08 
       -0.4597431             -3.1      0.091448588    1.2220504e+08    2.8180469e+09        -94935894 
       -0.4597431             -2.9      0.091448588         14213091    4.2258646e+09   -4.9340045e+08 
       -0.4597431             -2.7      0.091448588     1.892012e+08     4.191803e+09    9.0663239e+08 
       -0.4597431             -2.5      0.091448588         10876773    3.1832609e+09         26864397 
       -0.4597431             -2.3      0.091448588        -27406430    3.3233277e+09   -1.4094389e+08 
       -0.4597431             -2.1      0.091448588       -4807957.9    3.5154466e+09        -27610664 
       -0.4597431             -1.9      0.091448588       -1369543.7    3.5614811e+09        -10236571 
       -0.4597431             -1.7      0.091448588       -60420.794    3.5811976e+09       -3883417.1 
       -0.4597431             -1.5      0.091448588        382394.36     3.591064e+09       -1358978.6 
       -0.4597431             -1.3      0.091448588        294103.04    3.5960737e+09       -429698.76 
       -0.4597431             -1.1      0.091448588         189607.2    3.5981958e+09       -511.50442 
       -0.4597431             -0.9      0.091448588        100275.14    3.5988304e+09         122326.9 
       -0.4597431             -0.7      0.091448588        21211.502    3.5987261e+09        147025.33 
       -0.4597431             -0.5      0.091448588       -49213.303    3.5981419e+09        147775.94 
       -0.4597431             -0.3      0.091448588       -112262.79    3.5971543e+09        154362.43 
       -0.4597431             -0.1      0.091448588       -168373.25    3.5957516e+09        186370.59 
       -0.4597431              0.1      0.091448588       -215568.04    3.5938463e+09        271429.01 
       -0.4597431              0.3      0.091448588       -246143.81    3.5912347e+09        466890.16 
       -0.4597431              0.5      0.091448588       -238989.02    3.5874776e+09        903394.56 
       -0.4597431              0.7      0.091448588        -141297.7    3.5816102e+09        1885924.9 
       -0.4597431              0.9      0.091448588        174767.13    3.5714504e+09          4135379 
       -0.4597431              1.1      0.091448588          1012950    3.5519256e+09          9372196 
       -0.4597431              1.3      0.091448588        3083079.7    3.5109776e+09         21729928 
       -0.4597431              1.5      0.091448588        8229472.7    3.4204824e+09         50839746 
       -0.4597431              1.7      0.091448588         21691385     3.216716e+09    1.2013338e+08 
       -0.4597431              1.9      0.091448588         54358809     2.748611e+09    2.8531388e+08 
       -0.4597431              2.1      0.091448588    1.3293003e+08    1.6466118e+09    6.8321309e+08 
       -0.4597431              2.3      0.091448588    4.2852535e+08   -1.5740754e+09    2.1703759e+09 
       -0.4597431              2.5      0.091448588         55033005   -4.7881297e+09    5.6896173e+08 
       -0.4597431              2.7      0.091448588   -1.3387213e+08   -5.7300639e+09   -1.8433393e+08 
       -0.4597431              2.9      0.091448588    1.8141743e+08   -6.5879429e+09    8.2192309e+08 
       -0.4597431              3.1      0.091448588   -5.5038531e+08   -5.3913363e+09   -2.1408869e+09 
       -0.4597431              3.3      0.091448588   -5.1159021e+08   -1.9927856e+09   -1.6885896e+09 
       -0.4597431              3.5      0.091448588   -4.6768232e+08    3.6017147e+08   -1.3824005e+09 
       -0.4597431              3.7      0.091448588   -4.6497367e+08    2.3134458e+09   -1.3684366e+09 
       -0.4597431              3.9      0.091448588   -5.5459466e+08    4.8805251e+09   -1.8947712e+09 
       -0.4597431              4.1      0.091448588    4.1498334e+08    4.1265683e+09     2.098973e+09 
       -0.4597431              4.3      0.091448588         92937917    1.2394506e+09    4.7477855e+08 
       -0.4597431              4.5      0.091448588         35179302    4.9133063e+08    1.8252018e+08 
       -0.4597431              4.7      0.091448588         14873330    1.9063363e+08         78998694 
       -0.4597431              4.9      0.091448588        7713981.2         49906266         41965637 
        0.4597431             -4.9     -0.091448588        3059052.9         24591958         19025173 
       0.38975138             -4.9      -0.26042355         24621046         11162761         37890148 
       0.26042355             -4.9      -0.38975138         35615820       -7732830.3         24278639 
      0.091448588             -4.9       -0.4597431         12953347        -20803223        2864461.8 
        0.4597431             -4.7     -0.091448588        6540392.8         91108812         37456659 
       0.38975138             -4.7      -0.26042355         49306886         39537652         75109433 
       0.26042355             -4.7      -0.38975138         72415960        -33495276         49002451 
      0.091448588             -4.7       -0.4597431         29729682        -84760436        6287982.8 
        0.4597431             -4.5     -0.091448588         15888939    2.3151827e+08         85822893 
       0.38975138             -4.5      -0.26042355    1.1507631e+08    1.0060019e+08    1.7393602e+08 
       0.26042355             -4.5      -0.38975138    1.7236465e+08        -88864374    1.1596728e+08 
      0.091448588             -4.5       -0.4597431         76898166   -2.2673692e+08         15775017 
        0.4597431             -4.3     -0.091448588         40334267    5.6310947e+08    2.1056867e+08 
       0.38975138             -4.3      -0.26042355    2.7315718e+08     2.227637e+08    4.1105682e+08 
       0.26042355             -4.3      -0.38975138    4.2525275e+08   -1.7985488e+08    2.8517158e+08 
      0.091448588             -4.3       -0.4597431    2.1506337e+08   -5.8918872e+08         43373960 
        0.4597431             -4.1     -0.091448588    2.0775229e+08     1.995757e+09    1.0571013e+09 
       0.38975138             -4.1      -0.26042355    5.7705137e+08   -9.2043119e+08    8.6728299e+08 
       0.26042355             -4.1      -0.38975138    9.3222802e+08    1.0888087e+09    6.2468814e+08 
      0.091448588             -4.1       -0.4597431    1.1423431e+09   -2.1202632e+09    2.2815707e+08 
        0.4597431             -3.9     -0.091448588   -3.7400379e+08     2.452183e+09    -1.103785e+09 
       0.38975138             -3.9      -0.26042355   -7.9824838e+08   -7.5385453e+08   -1.0090593e+09 
       0.26042355             -3.9      -0.38975138   -1.2458773e+09    1.4605489e+09   -7.2802767e+08 
      0.091448588             -3.9       -0.4597431   -1.2753511e+09   -1.8440161e+09   -2.1515795e+08 
        0.4597431             -3.7     -0.091448588   -2.5888768e+08    1.6647114e+09   -4.9875094e+08 
       0.38975138             -3.7      -0.26042355   -6.6100124e+08     9.352243e+08   -8.0271535e+08 
       0.26042355             -3.7      -0.38975138   -9.6086997e+08    7.4972967e+08   -5.3774673e+08 
      0.091448588             -3.7       -0.4597431   -5.6162546e+08    4.6397827e+08        -76349051 
        0.4597431             -3.5     -0.091448588   -2.2865736e+08    1.7353475e+09   -3.4379661e+08 
       0.38975138             -3.5      -0.26042355   -4.7624801e+08    1.5686014e+09    -5.271835e+08 
       0.26042355             -3.5      -0.38975138   -6.1177196e+08     1.289897e+09   -3.0583544e+08 
      0.091448588             -3.5       -0.4597431   -3.3300214e+08    1.7283022e+09        -29912742 
        0.4597431             -3.3     -0.091448588   -2.0266746e+08    2.0538641e+09   -2.3793689e+08 
       0.38975138             -3.3      -0.26042355   -2.9594754e+08    2.3498228e+09   -2.6318804e+08 
       0.26042355             -3.3      -0.38975138   -3.4476756e+08    1.7521491e+09   -1.3104165e+08 
      0.091448588             -3.3       -0.4597431   -2.3963545e+08     2.613013e+09        -10169132 
        0.4597431             -3.1     -0.091448588   -1.1760421e+08    2.7653829e+09         93244281 
       0.38975138             -3.1      -0.26042355         76021064    3.1889306e+09    2.7163696e+08 
       0.26042355             -3.1      -0.38975138    1.5659565e+08       2.0057e+09    1.9204513e+08 
      0.091448588             -3.1       -0.4597431         29330743    3.0602577e+09         42125880 
        0.4597431             -2.9     -0.091448588        -13428123    4.1277839e+09    4.7757487e+08 
       0.38975138             -2.9      -0.26042355    4.7521945e+08    3.8011079e+09    8.3528156e+08 
       0.26042355             -2.9      -0.38975138    7.7778118e+08    2.3028608e+09    5.9046917e+08 
      0.091448588             -2.9       -0.4597431    4.5337136e+08    2.6771572e+09    1.2429807e+08 
        0.4597431             -2.7     -0.091448588   -1.8145273e+08    4.1048904e+09    -8.681344e+08 
       0.38975138             -2.7      -0.26042355   -9.6667109e+08    4.1345678e+09   -1.4372923e+09 
       0.26042355             -2.7      -0.38975138   -1.2451555e+09     2.778895e+09   -8.2499633e+08 
      0.091448588             -2.7       -0.4597431   -6.0165184e+08     3.017073e+09    -1.166628e+08 
        0.4597431             -2.5     -0.091448588         -9413070     3.147572e+09        -19670157 
       0.38975138             -2.5      -0.26042355   -1.2765989e+08    4.0101821e+09   -1.8439922e+08 
       0.26042355             -2.5      -0.38975138    -2.098985e+08    3.1918445e+09   -1.3556468e+08 
      0.091448588             -2.5       -0.4597431        -34094045    3.8514084e+09       -4270570.4 
        0.4597431             -2.3     -0.091448588         27826228    3.2981233e+09    1.4303492e+08 
       0.38975138             -2.3      -0.26042355         88162248    3.6769574e+09    1.3305327e+08 
       0.26042355             -2.3      -0.38975138    1.1356509e+08    3.4937996e+09         76579568 
      0.091448588             -2.3       -0.4597431    1.2911351e+08    3.7985894e+09         26269006 
        0.4597431             -2.1     -0.091448588        5471938.8    3.4963406e+09         30918595 
       0.38975138             -2.1      -0.26042355         39673766    3.5473055e+09         60539998 
       0.26042355             -2.1      -0.38975138         59266578    3.6060632e+09         40346911 
      0.091448588             -2.1       -0.4597431         35078357    3.6491474e+09        7591475.8 
        0.4597431             -1.9     -0.091448588        1844732.7    3.5487307e+09         12591238 
       0.38975138             -1.9      -0.26042355         16610025    3.5678694e+09         25995003 
       0.26042355             -1.9      -0.38975138         26410291    3.5942092e+09         18379470 
      0.091448588             -1.9       -0.4597431         16929820    3.6133795e+09        3973331.9 
        0.4597431             -1.7     -0.091448588         382749.3    3.5728464e+09        5465292.9 
       0.38975138             -1.7      -0.26042355        6896970.6     3.580795e+09         11536378 
       0.26042355             -1.7      -0.38975138         11721672     3.592164e+09        8616553.2 
      0.091448588             -1.7       -0.4597431        8423189.6    3.6008464e+09        2324977.6 
        0.4597431             -1.5     -0.091448588       -165274.76    3.5856331e+09        2407809.4 
       0.38975138             -1.5      -0.26042355        2745842.8    3.5890778e+09        5208978.4 
       0.26042355             -1.5      -0.38975138          5182249    3.5941161e+09        4162706.1 
      0.091448588             -1.5       -0.4597431        4318891.4    3.5981315e+09        1432831.2 
        0.4597431             -1.3     -0.091448588       -147835.11    3.5925569e+09        1122442.3 
       0.38975138             -1.3      -0.26042355        1245843.4    3.5940854e+09        2470172.2 
       0.26042355             -1.3      -0.38975138        2539018.1    3.5963635e+09        2056016.3 
      0.091448588             -1.3       -0.4597431        2414065.7    3.5982716e+09        759253.82 
        0.4597431             -1.1     -0.091448588        -90637.25    3.5959402e+09        465366.21 
       0.38975138             -1.1      -0.26042355        521542.41    3.5966095e+09        1056841.2 
       0.26042355             -1.1      -0.38975138        1191728.6    3.5976302e+09        937780.97 
      0.091448588             -1.1       -0.4597431        1363066.5    3.5985417e+09        366381.92 
        0.4597431             -0.9     -0.091448588       -33241.444    3.5974284e+09        196420.34 
       0.38975138             -0.9      -0.26042355        249789.11    3.5977365e+09         462993.2 
       0.26042355             -0.9      -0.38975138        618916.64    3.5982137e+09        437731.22 
      0.091448588             -0.9       -0.4597431        832816.72     3.598666e+09        165691.53 
        0.4597431             -0.7     -0.091448588        25199.584    3.5979308e+09        83470.792 
       0.38975138             -0.7      -0.26042355        166459.66    3.5980762e+09        204841.13 
       0.26042355             -0.7      -0.38975138        384623.74     3.598303e+09        200510.63 
      0.091448588             -0.7       -0.4597431        566177.87     3.598527e+09        48960.571 
        0.4597431             -0.5     -0.091448588        83648.392    3.5978206e+09        37652.911 
       0.38975138             -0.5      -0.26042355        166484.11     3.597888e+09        94478.515 
       0.26042355             -0.5      -0.38975138        310784.29    3.5979898e+09        85469.897 
      0.091448588             -0.5       -0.4597431        450073.08     3.598086e+09       -25355.093 
        0.4597431             -0.3     -0.091448588        142083.16    3.5972631e+09        22252.212 
       0.38975138             -0.3      -0.26042355         206478.2     3.597294e+09        54025.374 
       0.26042355             -0.3      -0.38975138        322927.96    3.5973305e+09        34090.623 
      0.091448588             -0.3       -0.4597431        435983.93    3.5973448e+09       -74398.486 
        0.4597431             -0.1     -0.091448588        200931.42    3.5963269e+09         17457.71 
       0.38975138             -0.1      -0.26042355        263818.29    3.5963525e+09        42141.333 
       0.26042355             -0.1      -0.38975138        383938.25    3.5963665e+09        16771.517 
      0.091448588             -0.1       -0.4597431        504976.25    3.5963259e+09       -105895.88 
        0.4597431              0.1     -0.091448588        259518.49    3.5950116e+09        2115.9862 
       0.38975138              0.1      -0.26042355        313922.69    3.5950815e+09        16120.935 
       0.26042355              0.1      -0.38975138        458418.78    3.5951388e+09        6193.5535 
      0.091448588              0.1       -0.4597431        649984.68    3.5950791e+09       -124200.61 
        0.4597431              0.3     -0.091448588        313013.11    3.5932238e+09       -66722.666 
       0.38975138              0.3      -0.26042355        303451.57    3.5934531e+09        -110073.7 
       0.26042355              0.3      -0.38975138        472522.26    3.5937087e+09        -50827.69 
      0.091448588              0.3       -0.4597431        858038.11    3.5937197e+09       -134974.31 
        0.4597431              0.5     -0.091448588        345297.89    3.5906786e+09       -294646.33 
       0.38975138              0.5      -0.26042355        95676.727    3.5913548e+09       -549357.85 
       0.26042355              0.5      -0.38975138         233006.7    3.5922028e+09       -288648.89 
      0.091448588              0.5       -0.4597431        1074946.9    3.5925309e+09       -153264.81 
        0.4597431              0.7     -0.091448588         311639.7    3.5866389e+09       -946196.94 
       0.38975138              0.7      -0.26042355        -659134.9    3.5884796e+09       -1838792.3 
       0.26042355              0.7      -0.38975138       -765496.27    3.5909163e+09       -1053824.2 
      0.091448588              0.7       -0.4597431        1118397.3    3.5922153e+09       -222727.59 
        0.4597431              0.9     -0.091448588        96912.956    3.5792664e+09       -2678767.6 
       0.38975138              0.9      -0.26042355       -2838641.3    3.5840454e+09       -5319464.6 
       0.26042355              0.9      -0.38975138       -3811348.8    3.5905532e+09       -3225625.2 
      0.091448588              0.9       -0.4597431         459170.6    3.5945017e+09        -464238.8 
        0.4597431              1.1     -0.091448588       -582746.45    3.5640132e+09       -7114013.1 
       0.38975138              1.1      -0.26042355       -8614304.8    3.5760819e+09        -14310424 
       0.26042355              1.1      -0.38975138        -12127211    3.5927833e+09       -9004434.8 
      0.091448588              1.1       -0.4597431       -2324861.9    3.6035976e+09       -1201037.1 
        0.4597431              1.3     -0.091448588       -2405984.7    3.5296257e+09        -18232105 
       0.38975138              1.3      -0.26042355        -23303702    3.5596165e+09        -36973719 
       0.26042355              1.3      -0.38975138        -33665210    3.6015084e+09        -23843445 
      0.091448588              1.3       -0.4597431        -10891222    3.6296266e+09       -3281080.8 
        0.4597431              1.5     -0.091448588       -7171770.8    3.4492071e+09        -45437727 
       0.38975138              1.5      -0.26042355        -59722185    3.5228172e+09        -92620957 
       0.26042355              1.5      -0.38975138        -87583987    3.6262664e+09        -60636853 
      0.091448588              1.5       -0.4597431        -34282585    3.6972184e+09       -8584102.2 
        0.4597431              1.7     -0.091448588        -20046263    3.2609531e+09   -1.1177906e+08 
       0.38975138              1.7      -0.26042355   -1.5015248e+08    3.4402629e+09   -2.2852333e+08 
       0.26042355              1.7      -0.38975138   -2.2184455e+08    3.6934415e+09   -1.5071933e+08 
      0.091448588              1.7       -0.4597431        -95448263    3.8697815e+09        -21063435 
        0.4597431              1.9     -0.091448588        -51801867    2.8168275e+09   -2.7236423e+08 
       0.38975138              1.9      -0.26042355   -3.7055363e+08    3.2505497e+09   -5.5868049e+08 
       0.26042355              1.9      -0.38975138   -5.5155566e+08    3.8668024e+09   -3.7120291e+08 
      0.091448588              1.9       -0.4597431   -2.5051798e+08    4.3027847e+09        -52043996 
        0.4597431              2.1     -0.091448588   -1.2888359e+08    1.7524405e+09   -6.6273549e+08 
       0.38975138              2.1      -0.26042355   -9.0072783e+08    2.8111242e+09   -1.3530529e+09 
       0.26042355              2.1      -0.38975138   -1.3564523e+09    4.2709909e+09   -9.0953901e+08 
      0.091448588              2.1       -0.4597431   -6.4631064e+08    5.3795263e+09   -1.3115949e+08 
        0.4597431              2.3     -0.091448588   -4.1993299e+08   -1.3964665e+09   -2.1270255e+09 
       0.38975138              2.3      -0.26042355   -2.0823039e+09     3.140679e+09   -3.1219667e+09 
       0.26042355              2.3      -0.38975138   -3.2208187e+09    3.7557698e+09   -2.1555428e+09 
      0.091448588              2.3       -0.4597431   -2.2151034e+09    8.6889713e+09   -4.4353702e+08 
        0.4597431              2.5     -0.091448588        -53608751   -4.5463559e+09   -5.5709646e+08 
       0.38975138              2.5      -0.26042355   -8.1817452e+08    3.2380519e+09   -1.2966475e+09 
       0.26042355              2.5      -0.38975138    -1.241592e+09    3.3350838e+09   -8.7169283e+08 
      0.091448588              2.5       -0.4597431   -5.1369916e+08     1.180095e+10   -1.2082441e+08 
        0.4597431              2.7     -0.091448588    1.3029883e+08   -5.4770812e+09    1.7475674e+08 
       0.38975138              2.7      -0.26042355   -2.6364934e+08    1.4400866e+09   -5.0809593e+08 
       0.26042355              2.7      -0.38975138   -7.5650519e+08    4.0946171e+09   -5.7026757e+08 
      0.091448588              2.7       -0.4597431   -1.7200767e+08    1.2511311e+10        -54903187 
        0.4597431              2.9     -0.091448588   -1.7956276e+08   -6.3388345e+09   -8.1656691e+08 
       0.38975138              2.9      -0.26042355    2.0396874e+08    2.4142709e+09    2.9231653e+08 
       0.26042355              2.9      -0.38975138    2.5573675e+08    2.2876683e+09    1.5808795e+08 
      0.091448588              2.9       -0.4597431    -9.066331e+08    1.3335452e+10   -2.4897775e+08 
        0.4597431              3.1     -0.091448588    5.3941794e+08   -5.1821319e+09    2.0966229e+09 
       0.38975138              3.1      -0.26042355     1.991699e+09    3.4614939e+09    2.8611139e+09 
       0.26042355              3.1      -0.38975138    3.2657532e+09    1.1667681e+09    2.1121159e+09 
      0.091448588              3.1       -0.4597431    2.4840618e+09    1.1115539e+10    4.6903929e+08 
        0.4597431              3.3     -0.091448588    5.0015529e+08   -1.8628984e+09    1.6475523e+09 
       0.38975138              3.3      -0.26042355    1.9129433e+09    2.0055707e+09    2.7067256e+09 
       0.26042355              3.3      -0.38975138    2.8308063e+09    2.1890822e+09    1.8005145e+09 
      0.091448588              3.3       -0.4597431    1.6859553e+09    6.2057163e+09    3.2196896e+08 
        0.4597431              3.5     -0.091448588    4.5642011e+08    4.2266208e+08    1.3446572e+09 
       0.38975138              3.5      -0.26042355    1.6278059e+09    1.3741177e+09    2.2684602e+09 
       0.26042355              3.5      -0.38975138    2.2799392e+09    1.6737495e+09      1.42591e+09 
      0.091448588              3.5       -0.4597431    1.2484595e+09    2.7248336e+09    2.3855658e+08 
        0.4597431              3.7     -0.091448588    4.5352055e+08    2.3134442e+09    1.3303401e+09 
       0.38975138              3.7      -0.26042355    1.5450724e+09    6.7635282e+08    2.1413784e+09 
       0.26042355              3.7      -0.38975138    2.0799429e+09    9.1954146e+08    1.2900446e+09 
      0.091448588              3.7       -0.4597431    1.1512509e+09   -1.4616956e+08    2.1627806e+08 
        0.4597431              3.9     -0.091448588    5.4119133e+08    4.8052526e+09    1.8457923e+09 
       0.38975138              3.9      -0.26042355    1.4289194e+09   -1.5450959e+09    1.9662634e+09 
       0.26042355              3.9      -0.38975138    1.7798504e+09    1.4074719e+09    1.0884507e+09 
      0.091448588              3.9       -0.4597431    1.5271573e+09   -3.3419208e+09    2.7878305e+08 
        0.4597431              4.1     -0.091448588   -4.0778566e+08    4.0482083e+09   -2.0625108e+09 
       0.38975138              4.1      -0.26042355   -1.3522137e+09   -1.4196951e+09   -2.0272476e+09 
       0.26042355              4.1      -0.38975138   -1.6501631e+09    8.0950102e+08   -1.1043675e+09 
      0.091448588              4.1       -0.4597431   -1.6257382e+09   -3.3598448e+09   -3.2429156e+08 
        0.4597431              4.3     -0.091448588        -91410098    1.2109305e+09   -4.6690489e+08 
       0.38975138              4.3      -0.26042355   -5.8852198e+08    3.8899206e+08   -8.8289713e+08 
       0.26042355              4.3      -0.38975138   -8.3150564e+08   -4.5597661e+08   -5.5653655e+08 
      0.091448588              4.3       -0.4597431    -4.067297e+08    -1.105018e+09        -81426482 
        0.4597431              4.5     -0.091448588        -34443012    4.7631568e+08   -1.7864198e+08 
       0.38975138              4.5      -0.26042355   -2.4121143e+08    1.9133975e+08   -3.6254833e+08 
       0.26042355              4.5      -0.38975138   -3.5422636e+08   -1.9301717e+08   -2.3737138e+08 
      0.091448588              4.5       -0.4597431   -1.6765879e+08   -4.5470006e+08        -33728822 
        0.4597431              4.7     -0.091448588        -14410645    1.8304262e+08        -76503402 
       0.38975138              4.7      -0.26042355   -1.0395224e+08         76003498   -1.5670255e+08 
       0.26042355              4.7      -0.38975138   -1.5435551e+08        -73210541   -1.0361881e+08 
      0.091448588              4.7       -0.4597431        -72106975   -1.7715352e+08        -14598108 
        0.4597431              4.9     -0.091448588         -7372473         47513072        -40070175 
       0.38975138              4.9      -0.26042355        -54437485         19951347        -82279387 
       0.26042355              4.9      -0.38975138        -80952242        -18869471        -54405747 
      0.091448588              4.9       -0.4597431        -36891795        -46063376       -7479097.2 
       -0.4597431              4.9     -0.091448588        7881480.6         49749380        -42807708 
      -0.38975138              4.9      -0.26042355         57664761         21535771        -87161694 
      -0.26042355              4.9      -0.38975138         87406644        -17999743        -58741294 
     -0.091448588              4.9       -0.4597431         45366839        -45797308       -9171584.4 
       -0.4597431              4.7     -0.091448588         15176674    1.9003481e+08        -80523718 
      -0.38975138              4.7      -0.26042355    1.0823787e+08         80633690   -1.6316589e+08 
      -0.26042355              4.7      -0.38975138    1.6233265e+08        -70928904   -1.0897039e+08 
     -0.091448588              4.7       -0.4597431         82111071   -1.7652469e+08        -16594296 
       -0.4597431              4.5     -0.091448588         35864030     4.898087e+08   -1.8596255e+08 
      -0.38975138              4.5      -0.26042355    2.4784159e+08    1.9882865e+08    -3.725224e+08 
      -0.26042355              4.5      -0.38975138    3.6471161e+08   -1.9055761e+08   -2.4439942e+08 
     -0.091448588              4.5       -0.4597431    1.7922217e+08   -4.5434685e+08        -36035295 
       -0.4597431              4.3     -0.091448588         94547333     1.236305e+09   -4.8286954e+08 
      -0.38975138              4.3      -0.26042355    6.0095705e+08    3.9671666e+08   -9.0156321e+08 
      -0.26042355              4.3      -0.38975138    8.4558296e+08   -4.5872444e+08   -5.6596592e+08 
     -0.091448588              4.3       -0.4597431     4.181695e+08   -1.1059747e+09        -83708644 
       -0.4597431              4.1     -0.091448588    4.1838821e+08    4.1420081e+09   -2.1160943e+09 
      -0.38975138              4.1      -0.26042355    1.3804725e+09   -1.4771598e+09   -2.0696138e+09 
      -0.26042355              4.1      -0.38975138    1.6627853e+09      8.27244e+08    -1.112833e+09 
     -0.091448588              4.1       -0.4597431    1.6314705e+09   -3.3971039e+09   -3.2544124e+08 
       -0.4597431              3.9     -0.091448588   -5.6135353e+08    4.8979344e+09    1.9274059e+09 
      -0.38975138              3.9      -0.26042355   -1.4917413e+09   -1.6180639e+09     2.057361e+09 
      -0.26042355              3.9      -0.38975138   -1.8657646e+09    1.4203803e+09    1.1442376e+09 
     -0.091448588              3.9       -0.4597431   -1.6306012e+09   -3.3822459e+09    2.9923144e+08 
       -0.4597431              3.7     -0.091448588   -4.7148645e+08     2.310324e+09    1.3998406e+09 
      -0.38975138              3.7      -0.26042355   -1.6101216e+09    6.5562573e+08    2.2359172e+09 
      -0.26042355              3.7      -0.38975138   -2.1800102e+09    9.0269541e+08    1.3553272e+09 
     -0.091448588              3.7       -0.4597431   -1.2716474e+09    -1.529593e+08    2.4017059e+08 
       -0.4597431              3.5     -0.091448588   -4.7240784e+08     3.533045e+08    1.4050956e+09 
      -0.38975138              3.5      -0.26042355   -1.6903928e+09    1.3525222e+09     2.359371e+09 
      -0.26042355              3.5      -0.38975138   -2.3863109e+09    1.6525049e+09    1.4954375e+09 
     -0.091448588              3.5       -0.4597431   -1.3810331e+09    2.7202022e+09    2.6488997e+08 
       -0.4597431              3.3     -0.091448588   -5.1445096e+08   -1.9999929e+09    1.7021451e+09 
      -0.38975138              3.3      -0.26042355   -1.9737586e+09    1.9736203e+09     2.795172e+09 
      -0.26042355              3.3      -0.38975138   -2.9420502e+09    2.1491931e+09    1.8734171e+09 
     -0.091448588              3.3       -0.4597431   -1.8289648e+09    6.2064643e+09    3.5040145e+08 
       -0.4597431              3.1     -0.091448588   -5.5212028e+08   -5.3904861e+09    2.1490658e+09 
      -0.38975138              3.1      -0.26042355   -2.0449403e+09    3.4248156e+09    2.9389154e+09 
      -0.26042355              3.1      -0.38975138   -3.3701824e+09    1.0842778e+09    2.1808727e+09 
     -0.091448588              3.1       -0.4597431   -2.6283127e+09    1.1128615e+10    4.9771899e+08 
       -0.4597431              2.9     -0.091448588      1.75542e+08   -6.5477263e+09   -7.9365886e+08 
      -0.38975138              2.9      -0.26042355   -2.2087062e+08    2.3324804e+09    3.1828217e+08 
      -0.26042355              2.9      -0.38975138   -3.1216476e+08    2.1795325e+09    1.9627962e+08 
     -0.091448588              2.9       -0.4597431    7.7629127e+08    1.3279932e+10   -2.2268575e+08 
       -0.4597431              2.7     -0.091448588    -1.296728e+08    -5.682921e+09    1.6370625e+08 
      -0.38975138              2.7      -0.26042355    2.5457862e+08    1.3213352e+09   -4.9634617e+08 
      -0.26042355              2.7      -0.38975138    7.3347363e+08    3.9710195e+09    -5.559175e+08 
     -0.091448588              2.7       -0.4597431    1.7070937e+08    1.2428829e+10        -54947089 
       -0.4597431              2.5     -0.091448588         56994019   -4.7684027e+09   -5.7861168e+08 
      -0.38975138              2.5      -0.26042355    8.3934566e+08    3.1393683e+09   -1.3293883e+09 
      -0.26042355              2.5      -0.38975138    1.2837462e+09    3.2011997e+09   -9.0044373e+08 
     -0.091448588              2.5       -0.4597431    5.7246756e+08    1.1773494e+10   -1.3267058e+08 
       -0.4597431              2.3     -0.091448588    4.3154412e+08   -1.5633049e+09   -2.1855525e+09 
      -0.38975138              2.3      -0.26042355    2.1348463e+09    3.0475964e+09   -3.2006502e+09 
      -0.26042355              2.3      -0.38975138    3.3210737e+09    3.6607264e+09   -2.2225511e+09 
     -0.091448588              2.3       -0.4597431    2.3615736e+09    8.6657492e+09   -4.7267818e+08 
       -0.4597431              2.1     -0.091448588    1.3407365e+08    1.6494341e+09   -6.8896149e+08 
      -0.38975138              2.1      -0.26042355    9.3427177e+08    2.7297914e+09   -1.4032942e+09 
      -0.26042355              2.1      -0.38975138    1.4257019e+09    4.2180274e+09   -9.5582753e+08 
     -0.091448588              2.1       -0.4597431    7.4080329e+08    5.3601492e+09   -1.4996042e+08 
       -0.4597431              1.9     -0.091448588         54823627    2.7497134e+09   -2.8765034e+08 
      -0.38975138              1.9      -0.26042355    3.9192484e+08    3.1955422e+09   -5.9069272e+08 
      -0.26042355              1.9      -0.38975138    5.9730311e+08    3.8308801e+09   -4.0178277e+08 
     -0.091448588              1.9       -0.4597431    3.1301625e+08    4.2902845e+09        -64479348 
       -0.4597431              1.7     -0.091448588         21884256    3.2171612e+09   -1.2110284e+08 
      -0.38975138              1.7      -0.26042355    1.6386446e+08     3.403859e+09   -2.4906946e+08 
      -0.26042355              1.7      -0.38975138     2.517224e+08    3.6694815e+09   -1.7069401e+08 
     -0.091448588              1.7       -0.4597431    1.3652845e+08    3.8614347e+09        -29238034 
       -0.4597431              1.5     -0.091448588        8310513.1    3.4206663e+09        -51247080 
      -0.38975138              1.5      -0.26042355         68539452    3.4989111e+09   -1.0584185e+08 
      -0.26042355              1.5      -0.38975138    1.0700726e+08    3.6104428e+09        -73626063 
     -0.091448588              1.5       -0.4597431         61111244    3.6916903e+09        -13923900 
       -0.4597431              1.3     -0.091448588        3117495.7    3.5110544e+09        -21902920 
      -0.38975138              1.3      -0.26042355         28985277    3.5439907e+09        -45504365 
      -0.26042355              1.3      -0.38975138         46271780    3.5911288e+09        -32278977 
     -0.091448588              1.3       -0.4597431         28355766    3.6259935e+09       -6758549.7 
       -0.4597431              1.1     -0.091448588        1027807.1     3.551958e+09       -9446879.5 
      -0.38975138              1.1      -0.26042355         12267538    3.5659104e+09        -19805893 
      -0.26042355              1.1      -0.38975138         20275859    3.5860117e+09        -14461463 
     -0.091448588              1.1       -0.4597431         13637100    3.6012245e+09       -3454787.1 
       -0.4597431              0.9     -0.091448588        181318.27    3.5714642e+09       -4168312.1 
      -0.38975138              0.9      -0.26042355        5186045.5    3.5774511e+09       -8859278.7 
      -0.26042355              0.9      -0.38975138        9068344.1    3.5861574e+09       -6749929.9 
     -0.091448588              0.9       -0.4597431        6849345.6    3.5929601e+09       -1921429.1 
       -0.4597431              0.7     -0.091448588        -138317.3    3.5816161e+09       -1900909.4 
      -0.38975138              0.7      -0.26042355        2167385.6    3.5842301e+09       -4120560.4 
      -0.26042355              0.7      -0.38975138          4155104    3.5880813e+09       -3329441.7 
     -0.091448588              0.7       -0.4597431        3599368.4    3.5912206e+09       -1164311.8 
       -0.4597431              0.5     -0.091448588       -237567.92    3.5874802e+09       -910541.49 
      -0.38975138              0.5      -0.26042355         876928.1    3.5886471e+09       -2026829.2 
      -0.26042355              0.5      -0.38975138        1960313.7    3.5903956e+09       -1763783.3 
     -0.091448588              0.5       -0.4597431        1980862.6    3.5918967e+09        -763929.7 
       -0.4597431              0.3     -0.091448588       -245413.94    3.5912359e+09       -470563.34 
      -0.38975138              0.3      -0.26042355        332848.59    3.5917696e+09       -1081220.1 
      -0.26042355              0.3      -0.38975138        967267.02    3.5925849e+09       -1021160.7 
     -0.091448588              0.3       -0.4597431        1149773.7    3.5933253e+09       -536797.48 
       -0.4597431              0.1     -0.091448588       -215143.27    3.5938468e+09       -273569.68 
      -0.38975138              0.1      -0.26042355        119389.87    3.5940951e+09       -647904.51 
      -0.26042355              0.1      -0.38975138        524745.17    3.5944804e+09       -657586.35 
     -0.091448588              0.1       -0.4597431        722023.25    3.5948481e+09       -399132.42 
       -0.4597431             -0.1     -0.091448588       -168070.21    3.5957518e+09       -187900.83 
      -0.38975138             -0.1      -0.26042355        59052.491    3.5958657e+09       -452966.94 
      -0.26042355             -0.1      -0.38975138        349016.53    3.5960418e+09       -478249.54 
     -0.091448588             -0.1       -0.4597431        517990.79     3.596212e+09       -310939.92 
       -0.4597431             -0.3     -0.091448588       -111980.21    3.5971543e+09       -155791.88 
      -0.38975138             -0.3      -0.26042355        75113.997    3.5972024e+09       -375388.08 
      -0.26042355             -0.3      -0.38975138        314194.72    3.5972698e+09       -395201.68 
     -0.091448588             -0.3       -0.4597431        452485.71    3.5973236e+09       -252195.41 
       -0.4597431             -0.5     -0.091448588       -48875.696    3.5981417e+09       -149484.84 
      -0.38975138             -0.5      -0.26042355        132512.59    3.5981609e+09       -356801.11 
      -0.26042355             -0.5      -0.38975138        361534.94    3.5981727e+09       -365534.48 
     -0.091448588             -0.5       -0.4597431        486017.87    3.5981504e+09       -212099.59 
       -0.4597431             -0.7     -0.091448588        21687.196    3.5987256e+09       -149432.33 
      -0.38975138             -0.7      -0.26042355        209027.98    3.5987505e+09       -356524.79 
      -0.26042355             -0.7      -0.38975138        454861.55    3.5987541e+09       -360300.86 
     -0.091448588             -0.7       -0.4597431        600964.76    3.5986856e+09       -183194.85 
       -0.4597431             -0.9     -0.091448588        101012.21    3.5988296e+09       -126053.57 
      -0.38975138             -0.9      -0.26042355        272564.37    3.5989246e+09       -313711.04 
      -0.26042355             -0.9      -0.38975138        545039.18    3.5990079e+09        -337970.5 
     -0.091448588             -0.9       -0.4597431        784070.61     3.598945e+09       -155369.79 
       -0.4597431             -1.1     -0.091448588        190821.61    3.5981942e+09       -5623.5732 
      -0.38975138             -1.1      -0.26042355        241981.44    3.5985201e+09       -76625.826 
      -0.26042355             -1.1      -0.38975138        508127.61     3.598907e+09       -194208.91 
     -0.091448588             -1.1       -0.4597431        997995.99    3.5989901e+09       -102187.56 
       -0.4597431             -1.3     -0.091448588        296209.81    3.5960707e+09        419062.97 
      -0.38975138             -1.3      -0.26042355       -107226.42    3.5970652e+09        778238.18 
      -0.26042355             -1.3      -0.38975138        385.25225    3.5983565e+09        364330.43 
     -0.091448588             -1.3       -0.4597431        1116900.1     3.598972e+09        58350.094 
       -0.4597431             -1.5     -0.091448588        386200.42     3.591058e+09        1339776.9 
      -0.38975138             -1.5      -0.26042355       -1023130.8    3.5936838e+09        2643076.3 
      -0.26042355             -1.5      -0.38975138       -1331307.6    3.5972026e+09        1594868.1 
     -0.091448588             -1.5       -0.4597431        1041744.2    3.5992177e+09        368061.06 
       -0.4597431             -1.7     -0.091448588       -53155.107    3.5811855e+09        3846797.3 
      -0.38975138             -1.7      -0.26042355       -4290220.7    3.5879016e+09        7646303.1 
      -0.26042355             -1.7      -0.38975138       -5861549.9    3.5969509e+09          4705800 
     -0.091448588             -1.7       -0.4597431       -236620.37    3.6025369e+09        697983.52 
       -0.4597431             -1.9     -0.091448588       -1355322.6    3.5614582e+09         10164936 
      -0.38975138             -1.9      -0.26042355        -12681600    3.5788451e+09         20125600 
      -0.26042355             -1.9      -0.38975138        -17463190    3.6016968e+09         12405485 
     -0.091448588             -1.9       -0.4597431       -4334578.1     3.616042e+09        1469226.2 
       -0.4597431             -2.1     -0.091448588       -4781032.8    3.5154123e+09         27475048 
      -0.38975138             -2.1      -0.26042355        -33891270    3.5644287e+09         51894446 
      -0.26042355             -2.1      -0.38975138        -45541172    3.6180773e+09         31179538 
     -0.091448588             -2.1       -0.4597431        -15508496    3.6533102e+09        3699836.2 
       -0.4597431             -2.3     -0.091448588        -27379028    3.3238163e+09    1.4080599e+08 
      -0.38975138             -2.3      -0.26042355        -80012559    3.7085068e+09    1.2086272e+08 
      -0.26042355             -2.3      -0.38975138        -91782640    3.5106511e+09         62027204 
     -0.091448588             -2.3       -0.4597431        -98564325    3.8070891e+09         20193140 
       -0.4597431             -2.5     -0.091448588         11187710    3.1843307e+09        -28451613 
      -0.38975138             -2.5      -0.26042355    1.4438721e+08    4.0673902e+09   -2.0945969e+08 
      -0.26042355             -2.5      -0.38975138    2.4733196e+08    3.2119647e+09   -1.6056571e+08 
     -0.091448588             -2.5       -0.4597431         81678653    3.8658873e+09        -13743140 
       -0.4597431             -2.7     -0.091448588    1.9076016e+08     4.186767e+09   -9.1451469e+08 
      -0.38975138             -2.7      -0.26042355    1.0149549e+09     4.213206e+09   -1.5095693e+09 
      -0.26042355             -2.7      -0.38975138    1.3251153e+09    2.8040245e+09   -8.7837396e+08 
     -0.091448588             -2.7       -0.4597431     7.257913e+08    3.0635402e+09   -1.4136318e+08 
       -0.4597431             -2.9     -0.091448588         14630523    4.2203894e+09    4.9095772e+08 
      -0.38975138             -2.9      -0.26042355   -4.8821202e+08    3.8737277e+09    8.5894394e+08 
      -0.26042355             -2.9      -0.38975138   -8.0564175e+08    2.3184227e+09    6.1140915e+08 
     -0.091448588             -2.9       -0.4597431   -5.0675521e+08     2.733784e+09    1.3550485e+08 
       -0.4597431             -3.1     -0.091448588    1.2254367e+08    2.8238322e+09         92775865 
      -0.38975138             -3.1      -0.26042355        -74040283    3.2348008e+09    2.7424774e+08 
      -0.26042355             -3.1      -0.38975138   -1.6350748e+08    1.9977246e+09    1.9967887e+08 
     -0.091448588             -3.1       -0.4597431        -42737063    3.0942274e+09         45450735 
       -0.4597431             -3.3     -0.091448588    2.0760069e+08    2.1020073e+09   -2.3437612e+08 
      -0.38975138             -3.3      -0.26042355    3.0593079e+08    2.3662588e+09   -2.7118127e+08 
      -0.26042355             -3.3      -0.38975138    3.6183815e+08    1.7300193e+09   -1.3869665e+08 
     -0.091448588             -3.3       -0.4597431    2.6289132e+08    2.6371608e+09        -14055163 
       -0.4597431             -3.5     -0.091448588    2.2963022e+08    1.7898782e+09   -3.1904608e+08 
      -0.38975138             -3.5      -0.26042355    4.8428071e+08    1.5693269e+09   -5.3139639e+08 
      -0.26042355             -3.5      -0.38975138    6.3980484e+08    1.2679468e+09   -3.2036028e+08 
     -0.091448588             -3.5       -0.4597431    3.7891935e+08    1.7451935e+09        -38320455 
       -0.4597431             -3.7     -0.091448588    2.5424067e+08    1.7317742e+09   -4.4592211e+08 
      -0.38975138             -3.7      -0.26042355    6.6103806e+08    9.4439266e+08   -7.9435647e+08 
      -0.26042355             -3.7      -0.38975138    9.9886561e+08    7.4694881e+08   -5.5861123e+08 
     -0.091448588             -3.7       -0.4597431    6.3109769e+08    4.7684872e+08        -89506235 
       -0.4597431             -3.9     -0.091448588     3.689201e+08    2.5144131e+09   -1.0497877e+09 
      -0.38975138             -3.9      -0.26042355    7.7790712e+08   -7.4411812e+08   -9.6994319e+08 
      -0.26042355             -3.9      -0.38975138    1.3007541e+09    1.5737227e+09   -7.6007757e+08 
     -0.091448588             -3.9       -0.4597431    1.3683519e+09   -1.9155743e+09    -2.330183e+08 
       -0.4597431             -4.1     -0.091448588   -2.1220408e+08    2.0443461e+09    1.0799419e+09 
      -0.38975138             -4.1      -0.26042355   -5.7980256e+08   -8.9930608e+08    8.7151359e+08 
      -0.26042355             -4.1      -0.38975138   -9.8704458e+08    1.2127301e+09    6.6137026e+08 
     -0.091448588             -4.1       -0.4597431   -1.2109871e+09   -2.1895092e+09    2.4182842e+08 
       -0.4597431             -4.3     -0.091448588        -40179098    5.9982968e+08    2.1011605e+08 
      -0.38975138             -4.3      -0.26042355    -2.818979e+08    2.5699633e+08    4.2422913e+08 
      -0.26042355             -4.3      -0.38975138   -4.5090071e+08   -1