%    UNITS: X,Y,Z in in;  Magnetic Field Intensity in Amps/meter
%          X (in)           Y (in)           Z (in)        RealScatX        RealScatY        RealScatZ         RealTotX         RealTotY         RealTotZ
                0             0.05                0       -126.45729        244424.17      0.056405703       -6.5897096        365161.29      0.056405703 
          0.00098             0.05          0.00995       -126.43633        244425.48        11.859051       -6.5795172        365161.27      -0.22907277 
          0.00196             0.05           0.0199       -126.41336        244429.09        23.661214       -6.5695154        365161.27      -0.51443639 
          0.00294             0.05          0.02985       -126.38833        244434.97        35.461874       -6.5597085         365161.3       -0.7996945 
          0.00392             0.05           0.0398       -126.36119        244443.15        47.260015        -6.550101        365161.34       -1.0848546 
           0.0049             0.05          0.04975        -126.3319        244453.61        59.054622       -6.5406975         365161.4       -1.3699219 
          0.00588             0.05           0.0597       -126.30042        244466.36        70.844684       -6.5315019        365161.48       -1.6548995 
          0.00686             0.05          0.06965       -126.26668         244481.4        82.629192       -6.5225171        365161.58       -1.9397869 
          0.00784             0.05           0.0796       -126.23065        244498.71        94.407145       -6.5137444         365161.7       -2.2245805 
          0.00882             0.05          0.08955       -126.19228        244518.31        106.17754       -6.5051832        365161.83       -2.5092723 
           0.0098             0.05           0.0995       -126.15151        244540.19         117.9394       -6.4968302        365161.99       -2.7938498 
          0.01078             0.05          0.10945       -126.10828        244564.35        129.69173       -6.4886797        365162.17       -3.0782951 
          0.01176             0.05           0.1194       -126.06254        244590.79        141.43355       -6.4807226        365162.36       -3.3625846 
          0.01274             0.05          0.12935       -126.01422         244619.5        153.16389       -6.4729465        365162.58        -3.646688 
          0.01372             0.05           0.1393       -125.96326        244650.48         164.8818       -6.4653358        365162.81       -3.9305694 
           0.0147             0.05          0.14925        -125.9096        244683.73        176.58633       -6.4578714        365163.07       -4.2141891 
          0.01568             0.05           0.1592       -125.85316        244719.24        188.27651       -6.4505324        365163.34       -4.4975114 
          0.01666             0.05          0.16915       -125.79388        244757.02        199.95136       -6.4432981        365163.63       -4.7805275 
          0.01764             0.05           0.1791        -125.7317        244797.06        211.60983       -6.4361553        365163.94       -5.0633186 
          0.01862             0.05          0.18905       -125.66657        244839.35        223.25058       -6.4291158        365164.28        -5.346227 
           0.0196             0.05            0.199       -125.59854         244883.9        234.87157       -6.4222635        365164.63       -5.6303169 
          0.02058             0.05          0.20895       -125.52785         244930.7        246.46881       -6.4158783           365165        -5.918612 
          0.02156             0.05           0.2189       -125.37669        244982.25        260.26148       -6.3322118         365167.9       -3.9909419 
          0.02254             0.05          0.22885       -126.30977        245040.05        270.12431       -7.3360128        365174.82        -5.971632 
          0.02352             0.05           0.2388       -122.93905        245097.07        285.25733       -4.0392908        365178.75       -2.6596645 
           0.0245             0.05          0.24875       -126.75812         245151.9        291.76876       -7.9356582        365178.28       -7.9458688 
          0.02548             0.05           0.2587       -125.32985        245204.23        302.24146       -6.5880609         365173.1       -9.2464269 
          0.02646             0.05          0.26865       -123.99503        245254.08        323.75772       -5.3373016        365163.23       0.52188954 
          0.02744             0.05           0.2786       -128.09884        245305.14        332.35364        -9.528628        365152.38        -2.603852 
          0.02842             0.05          0.28855       -124.64056        245360.08        354.21978       -6.1613491        365143.21        7.5678316 
           0.0294             0.05           0.2985       -124.63664        245415.09        357.39497       -6.2519613        365131.94      -0.92327921 
          0.03038             0.05          0.30845       -124.22604        245479.11        376.12241        -5.939457        365127.48        6.1669463 
          0.03136             0.05           0.3184       -135.70374        245554.14        383.84173       -17.518861        365131.86        2.2790463 
          0.03234             0.05          0.32835        -128.0658        245643.05        386.51558       -9.9862824        365147.96       -6.6233796 
          0.03332             0.05           0.3383       -110.40661         245720.1        399.75135        7.5638651        365150.02       -4.9320523 
           0.0343             0.05          0.34825       -123.47199        245882.59        387.54315       -5.6142853        365235.37       -28.651937 
          0.03528             0.05           0.3582       -121.32115         245927.2        394.18593       -3.5799849        365200.69       -33.487183 
          0.03626             0.05          0.36815       -141.92825        245974.44        318.21636       -24.307417         365166.5       -120.90022 
          0.03724             0.05           0.3781       -114.22962        246019.79        407.28489        3.2670304        365128.29       -43.239723 
          0.03822             0.05          0.38805       -144.86418        246091.86         321.0937       -27.495573        365114.65       -140.80261 
           0.0392             0.05            0.398        -142.0462        246279.99        399.68301       -24.809551        365214.97       -73.547786 
          0.04018             0.05          0.40795       -116.07838        246367.43        591.13504        1.0223639        365212.47        106.60784 
          0.04116             0.05           0.4179       -24.273346        246724.91        384.95466        92.687526         365477.9       -110.83001 
          0.04214             0.05          0.42785       -277.59374        246107.94        403.40565       -160.77675         364766.8       -103.59668 
          0.04312             0.05           0.4378        281.34164        247653.01        233.28534        398.01071        366215.63         -284.894 
           0.0441             0.05          0.44775        293.76842        246828.89        334.34275        410.28549        365293.19       -194.97211 
          0.04508             0.05           0.4577        1323.9816        246749.83        803.37336        1440.3426        365113.74        262.96531 
          0.04606             0.05          0.46765       -773.63485        268212.13        7253.3588       -657.43411        386473.58        6701.9007 
          0.04704             0.05           0.4776        1717.3367         245538.8        805.46014         1833.373        363695.73        242.99601 
          0.04802             0.05          0.48755        1780.9773        245602.73        1189.9787        1896.8451        363653.09        616.55331 
            0.049             0.05           0.4975        1296.9957        247537.05        3149.1909        1412.6907         365478.8        2564.8499 
          0.04998             0.05          0.50745       -3520.1746        249754.72        -30204.36       -3404.6567        367585.84        -30799.57 
          0.05096             0.05           0.5174       -3225.1097        253254.29       -28555.932        -3109.773        370972.74       -29161.965 
          0.05194             0.05          0.52735       -3301.1889        256419.14       -27795.118       -3186.0378        374022.91       -28411.925 
          0.05292             0.05           0.5373       -3370.2522        259302.58       -27137.068       -3255.2911        376789.67         -27764.6 
           0.0539             0.05          0.54725       -3418.1416        262103.13       -26588.085       -3303.3747        379471.55       -27226.293 
          0.05488             0.05           0.5572       -3488.7534        265040.05       -26115.013       -3374.1851        382287.82       -26763.846 
          0.05586             0.05          0.56715        -3547.858        267843.26       -25682.356       -3433.4926        384968.39       -26341.764 
          0.05684             0.05           0.5771       -3606.2842        270558.81       -25295.985       -3492.1262        387559.35       -25965.916 
          0.05782             0.05          0.58705       -3655.3857        273255.59       -24922.229       -3541.4395        390129.58       -25602.631 
           0.0588             0.05            0.597       -3703.3095        275841.81       -24543.225       -3589.5796        392587.31       -25234.044 
          0.05978             0.05          0.60695       -3738.5897        278398.56       -24184.007       -3625.0805        395013.63       -24885.189 
          0.06076             0.05           0.6169        -3777.363        280917.35       -23838.901        -3664.079        397400.07       -24550.392 
          0.06174             0.05          0.62685       -3825.4324        283383.18        -23512.84        -3712.378        399731.64       -24234.585 
          0.06272             0.05           0.6368       -3861.2592        285812.32       -23195.519       -3748.4389        402024.62       -23927.462 
           0.0637             0.05          0.64675       -3899.3815        288192.77       -22895.847       -3786.7999        404267.02       -23637.931 
          0.06468             0.05           0.6567       -3933.1203        290539.35        -22600.68        -3820.782        406473.67       -23352.847 
          0.06566             0.05          0.66665       -3966.9233         292832.8       -22337.889       -3854.8327        408625.33       -23100.082 
          0.06664             0.05           0.6766       -3998.2901        295080.91       -22075.557       -3886.4517        410729.79       -22847.717 
          0.06762             0.05          0.68655       -4025.8565        297280.85       -21823.084        -3914.275        412784.24       -22605.152 
           0.0686             0.05           0.6965       -4060.0914        299432.44       -21591.377       -3948.7713         414788.5       -22383.293 
          0.06958             0.05          0.70645       -4089.0878        301539.97       -21367.535       -3978.0337        416746.87       -22169.239 
          0.07056             0.05           0.7164       -4113.2413        303601.33       -21150.362       -4002.4578        418657.28       -21961.793 
          0.07154             0.05          0.72635       -4139.7302        305625.62       -20943.606       -4029.2218        420528.81       -21764.701 
          0.07252             0.05           0.7363       -4162.9276        307607.69       -20747.729        -4052.699        422356.35       -21578.427 
           0.0735             0.05          0.74625       -4186.6425        309548.31       -20561.058       -4076.6983        424140.65       -21401.296 
          0.07448             0.05           0.7562       -4210.4153        311448.34        -20383.11       -4100.7601        425882.61       -21232.825 
          0.07546             0.05          0.76615        -4231.811        313308.08       -20212.198       -4122.4492        427582.53       -21071.326 
          0.07644             0.05           0.7761       -4253.0565        315128.12       -20049.772        -4143.993        429241.02       -20918.248 
          0.07742             0.05          0.78605       -4273.3108        316909.12        -19894.39         -4164.55        430858.75       -20772.149 
           0.0784             0.05            0.796       -4292.9124        318651.74       -19746.167       -4184.4591        432436.38       -20633.144 
          0.07938             0.05          0.80595       -4311.8374        320356.24       -19604.688        -4203.696        433974.21       -20500.817 
          0.08036             0.05           0.8159       -4330.1238        322023.13       -19469.654        -4222.299        435472.73       -20374.868 
          0.08134             0.05          0.82585       -4347.8072        323652.88       -19340.779       -4240.3036        436932.44       -20255.011 
          0.08232             0.05           0.8358       -4364.9209        325245.95       -19217.791       -4257.7431        438353.81       -20140.974 
           0.0833             0.05          0.84575        -4381.496         326802.8       -19100.432       -4274.6485        439737.33       -20032.498 
          0.08428             0.05           0.8557       -4397.5616        328323.89       -18988.454       -4291.0491        441083.45       -19929.334 
          0.08526             0.05          0.86565        -4413.145        329809.67       -18881.621        -4306.972        442392.64       -19831.247 
          0.08624             0.05           0.8756       -4428.2716        331260.57       -18779.709       -4322.4427        443665.35       -19738.012 
          0.08722             0.05          0.88555       -4442.9654        332677.02       -18682.502       -4337.4851        444902.02       -19649.412 
           0.0882             0.05           0.8955       -4457.2487        334059.46       -18589.795       -4352.1216         446103.1       -19565.241 
          0.08918             0.05          0.90545       -4471.1426         335408.3       -18501.391       -4366.3733        447269.03       -19485.303 
          0.09016             0.05           0.9154       -4484.6667        336723.96       -18417.101       -4380.2596        448400.22       -19409.409 
          0.09114             0.05          0.92535       -4497.8396        338006.86       -18336.747       -4393.7993        449497.11       -19337.379 
          0.09212             0.05           0.9353       -4510.6785         339257.4       -18260.154       -4407.0094        450560.12       -19269.039 
           0.0931             0.05          0.94525       -4523.1998        340475.97       -18187.158       -4419.9065        451589.67       -19204.224 
          0.09408             0.05           0.9552       -4535.4188        341662.98       -18117.601       -4432.5057        452586.15       -19142.774 
          0.09506             0.05          0.96515       -4547.3499        342818.82        -18051.33       -4444.8214        453549.98       -19084.539 
          0.09604             0.05           0.9751       -4559.0066        343943.87         -17988.2       -4456.8672        454481.57       -19029.372 
          0.09702             0.05          0.98505       -4570.4017        345038.53       -17928.071       -4468.6558         455381.3       -18977.132 
            0.098             0.05            0.995       -4581.5471        346103.16       -17870.809       -4480.1992        456249.58       -18927.686 


