%          X (in)           Y (in)           Z (in)         RealPolX         RealPolY         RealPolZ
      0.091448588              4.9        0.4597431        -36076714        -46218622        7317010.5 
      0.091448588              4.7        0.4597431        -70616636   -1.7775502e+08         14301672 
      0.091448588              4.5        0.4597431   -1.6426223e+08   -4.5626543e+08         33053141 
      0.091448588              4.3        0.4597431   -3.9866115e+08   -1.1083928e+09         79821262 
      0.091448588              4.1        0.4597431   -1.6091999e+09   -3.3517373e+09    3.2100042e+08 
      0.091448588              3.9        0.4597431    1.5151431e+09   -3.3319738e+09    -2.763826e+08 
      0.091448588              3.7        0.4597431    1.1413668e+09   -1.4818206e+08   -2.1429447e+08 
      0.091448588              3.5        0.4597431    1.2427048e+09    2.7215513e+09   -2.3741089e+08 
      0.091448588              3.3        0.4597431    1.6829427e+09     6.202679e+09   -3.2138829e+08 
      0.091448588              3.1        0.4597431    2.4824964e+09    1.1111425e+10   -4.6875872e+08 
      0.091448588              2.9        0.4597431    -9.022538e+08    1.3333612e+10    2.4807935e+08 
      0.091448588              2.7        0.4597431   -1.6911615e+08    1.2513978e+10         54312765 
      0.091448588              2.5        0.4597431   -5.0829013e+08      1.18034e+10    1.1973914e+08 
      0.091448588              2.3        0.4597431   -2.2035878e+09    8.6913406e+09    4.4124609e+08 
      0.091448588              2.1        0.4597431   -6.4115037e+08    5.3819261e+09    1.3013286e+08 
      0.091448588              1.9        0.4597431   -2.4831241e+08    4.3038471e+09         51605193 
      0.091448588              1.7        0.4597431        -94523124    3.8702412e+09         20879355 
      0.091448588              1.5        0.4597431        -33896199    3.6974216e+09        8507205.4 
      0.091448588              1.3        0.4597431        -10729903    3.6297247e+09        3248983.1 
      0.091448588              1.1        0.4597431       -2257167.6    3.6036537e+09        1187577.5 
      0.091448588              0.9        0.4597431         487759.4    3.5945416e+09        458562.51 
      0.091448588              0.7        0.4597431        1130603.8    3.5922492e+09        220311.21 
      0.091448588              0.5        0.4597431        1080257.6    3.5925629e+09        152219.98 
      0.091448588              0.3        0.4597431        860430.65    3.5937513e+09        134509.28 
      0.091448588              0.1        0.4597431        651143.15    3.5951109e+09        123980.23 
      0.091448588             -0.1        0.4597431        505631.93     3.596358e+09        105774.71 
      0.091448588             -0.3        0.4597431        436480.46    3.5973773e+09        74308.419 
      0.091448588             -0.5        0.4597431           450616    3.5981192e+09        25255.757 
      0.091448588             -0.7        0.4597431         566969.2    3.5985609e+09       -49108.388 
      0.091448588             -0.9        0.4597431        834179.89     3.598701e+09       -165950.22 
      0.091448588             -1.1        0.4597431        1365659.7    3.5985781e+09       -366878.01 
      0.091448588             -1.3        0.4597431        2419362.2    3.5983099e+09        -760268.7 
      0.091448588             -1.5        0.4597431          4330134    3.5981719e+09       -1434993.9 
      0.091448588             -1.7        0.4597431        8448552.4    3.6008881e+09       -2329933.4 
      0.091448588             -1.9        0.4597431         16989827    3.6134155e+09       -3985170.7 
      0.091448588             -2.1        0.4597431         35233111    3.6491502e+09       -7622136.6 
      0.091448588             -2.3        0.4597431     1.295702e+08    3.7982577e+09        -26359693 
      0.091448588             -2.5        0.4597431        -32489778     3.850495e+09        3951907.3 
      0.091448588             -2.7        0.4597431     -5.97466e+08    3.0158675e+09    1.1583038e+08 
      0.091448588             -2.9        0.4597431    4.5842138e+08    2.6760331e+09   -1.2530256e+08 
      0.091448588             -3.1        0.4597431         40040308    3.0605148e+09        -44262995 
      0.091448588             -3.3        0.4597431     -2.21291e+08    2.6144559e+09        6501780.1 
      0.091448588             -3.5        0.4597431    -3.063205e+08    1.7303809e+09         24581609 
      0.091448588             -3.7        0.4597431   -5.3129728e+08    4.6783677e+08         70289812 
      0.091448588             -3.9        0.4597431   -1.2504642e+09   -1.8509211e+09     2.101808e+08 
      0.091448588             -4.1        0.4597431    1.1685551e+09   -2.1260541e+09   -2.3336969e+08 
      0.091448588             -4.3        0.4597431    2.2569357e+08    -5.842901e+08        -45487810 
      0.091448588             -4.5        0.4597431         81102743   -2.2494195e+08        -16611111 
      0.091448588             -4.7        0.4597431         31543436        -84149723       -6648668.7 
      0.091448588             -4.9        0.4597431         13947007        -20653762       -3062096.6 
       0.26042355              4.9       0.38975138        -80663484        -19242678         54212834 
       0.26042355              4.7       0.38975138   -1.5383708e+08        -74646596    1.0327237e+08 
       0.26042355              4.5       0.38975138    -3.530664e+08    -1.967327e+08     2.365961e+08 
       0.26042355              4.3       0.38975138    -8.286303e+08   -4.6536549e+08    5.5461449e+08 
       0.26042355              4.1       0.38975138   -1.6372422e+09    7.8194451e+08    1.0957282e+09 
       0.26042355              3.9       0.38975138     1.773784e+09    1.3806743e+09   -1.0849279e+09 
       0.26042355              3.7       0.38975138    2.0797392e+09    9.1809879e+08   -1.2904805e+09 
       0.26042355              3.5       0.38975138    2.2811492e+09    1.6896304e+09   -1.4272119e+09 
       0.26042355              3.3       0.38975138     2.831605e+09    2.2149459e+09   -1.8013819e+09 
       0.26042355              3.1       0.38975138     3.265111e+09    1.1976659e+09   -2.1118239e+09 
       0.26042355              2.9       0.38975138    2.5797497e+08    2.3150891e+09    -1.594501e+08 
       0.26042355              2.7       0.38975138   -7.5222387e+08    4.1180791e+09    5.6729164e+08 
       0.26042355              2.5       0.38975138   -1.2392171e+09    3.3577052e+09    8.7004669e+08 
       0.26042355              2.3       0.38975138   -3.2151326e+09    3.7700645e+09     2.151743e+09 
       0.26042355              2.1       0.38975138   -1.3544709e+09    4.2767354e+09    9.0821458e+08 
       0.26042355              1.9       0.38975138   -5.5077575e+08    3.8692988e+09    3.7068157e+08 
       0.26042355              1.7       0.38975138   -2.2152252e+08     3.694497e+09    1.5050404e+08 
       0.26042355              1.5       0.38975138        -87447728    3.6267178e+09         60545734 
       0.26042355              1.3       0.38975138        -33606476    3.6017102e+09         23804179 
       0.26042355              1.1       0.38975138        -12101262    3.5928829e+09        8987100.2 
       0.26042355              0.9       0.38975138       -3799532.5    3.5906115e+09        3217740.9 
       0.26042355              0.7       0.38975138        -759885.5    3.5909581e+09        1050088.8 
       0.26042355              0.5       0.38975138        235829.79    3.5922381e+09        286776.73 
       0.26042355              0.3       0.38975138        474066.73    3.5937417e+09        49809.607 
       0.26042355              0.1       0.38975138        459379.63    3.5951712e+09       -6822.1621 
       0.26042355             -0.1       0.38975138        384663.81    3.5963988e+09       -17243.281 
       0.26042355             -0.3       0.38975138         323626.2     3.597363e+09        -34544.06 
       0.26042355             -0.5       0.38975138        311623.27    3.5980228e+09        -86016.49 
       0.26042355             -0.7       0.38975138        385796.33    3.5983365e+09       -201277.76 
       0.26042355             -0.9       0.38975138        620709.34    3.5982478e+09       -438907.51 
       0.26042355             -1.1       0.38975138        1194635.6    3.5976648e+09       -939690.54 
       0.26042355             -1.3       0.38975138        2543973.3    3.5963982e+09       -2059267.7 
       0.26042355             -1.5       0.38975138        5190990.2    3.5941489e+09         -4168439 
       0.26042355             -1.7       0.38975138         11737853    3.5921887e+09       -8627230.8 
       0.26042355             -1.9       0.38975138         26440452    3.5942065e+09        -18399466 
       0.26042355             -2.1       0.38975138         59316717    3.6059614e+09        -40380196 
       0.26042355             -2.3       0.38975138    1.1360851e+08    3.4934756e+09        -76608315 
       0.26042355             -2.5       0.38975138   -2.0917454e+08    3.1908216e+09    1.3508457e+08 
       0.26042355             -2.7       0.38975138    -1.242377e+09    2.7763393e+09    8.2314523e+08 
       0.26042355             -2.9       0.38975138    7.7885456e+08    2.2951273e+09   -5.9114868e+08 
       0.26042355             -3.1       0.38975138    1.6189934e+08    1.9874074e+09   -1.9561569e+08 
       0.26042355             -3.3       0.38975138   -3.3034027e+08    1.7254329e+09    1.2115864e+08 
       0.26042355             -3.5       0.38975138    -5.855274e+08    1.2637893e+09     2.878211e+08 
       0.26042355             -3.7       0.38975138   -9.2399843e+08    7.3800846e+08    5.1241113e+08 
       0.26042355             -3.9       0.38975138   -1.2083026e+09    1.4917134e+09    7.0209082e+08 
       0.26042355             -4.1       0.38975138    9.4747156e+08    1.1291097e+09   -6.3486556e+08 
       0.26042355             -4.3       0.38975138    4.2804393e+08   -1.6758353e+08   -2.8703441e+08 
       0.26042355             -4.5       0.38975138    1.7377898e+08        -84493532   -1.1691141e+08 
       0.26042355             -4.7       0.38975138         73112030        -31872638        -49467145 
       0.26042355             -4.9       0.38975138         36029994       -7318303.3        -24555197 
       0.38975138              4.9       0.26042355        -54621656         19582488         82555090 
       0.38975138              4.7       0.26042355   -1.0429979e+08         74588618    1.5722273e+08 
       0.38975138              4.5       0.26042355   -2.4202521e+08    1.8770828e+08    3.6376613e+08 
       0.38975138              4.3       0.26042355   -5.9062228e+08    3.7998244e+08       8.8604e+08 
       0.38975138              4.1       0.26042355   -1.3612364e+09   -1.4532431e+09    2.0407465e+09 
       0.38975138              3.9       0.26042355    1.4444358e+09   -1.5781666e+09   -1.9902567e+09 
       0.38975138              3.7       0.26042355    1.5574142e+09    6.7583865e+08   -2.1606991e+09 
       0.38975138              3.5       0.26042355    1.6367054e+09    1.3917704e+09   -2.2825036e+09 
       0.38975138              3.3       0.26042355    1.9179166e+09    2.0340698e+09   -2.7146185e+09 
       0.38975138              3.1       0.26042355    1.9925729e+09    3.4941527e+09   -2.8625566e+09 
       0.38975138              2.9       0.26042355    2.0345097e+08    2.4491007e+09   -2.9127263e+08 
       0.38975138              2.7       0.26042355   -2.6143932e+08    1.4740715e+09    5.0459561e+08 
       0.38975138              2.5       0.26042355   -8.2007172e+08    3.2638277e+09    1.2993902e+09 
       0.38975138              2.3       0.26042355   -2.0846537e+09    3.1556037e+09    3.1254827e+09 
       0.38975138              2.1       0.26042355   -9.0194328e+08    2.8174803e+09    1.3548711e+09 
       0.38975138              1.9       0.26042355   -3.7108264e+08    3.2530821e+09     5.594719e+08 
       0.38975138              1.7       0.26042355   -1.5037084e+08    3.4413129e+09    2.2884994e+08 
       0.38975138              1.5       0.26042355        -59809711    3.5232651e+09         92751838 
       0.38975138              1.3       0.26042355        -23337666    3.5598178e+09         37024517 
       0.38975138              1.1       0.26042355       -8626848.8    3.5761822e+09         14329202 
       0.38975138              0.9       0.26042355       -2842824.8    3.5841045e+09        5325742.2 
       0.38975138              0.7       0.26042355       -660187.82    3.5885221e+09        1840388.4 
       0.38975138              0.5       0.26042355        95713.942    3.5913907e+09        549323.38 
       0.38975138              0.3       0.26042355         303821.7    3.5934865e+09        109540.76 
       0.38975138              0.1       0.26042355        314377.56    3.5951141e+09       -16781.215 
       0.38975138             -0.1       0.26042355        264310.06    3.5963849e+09       -42857.152 
       0.38975138             -0.3       0.26042355        207041.19    3.5973264e+09       -54847.428 
       0.38975138             -0.5       0.26042355        167194.55    3.5979207e+09       -95519.592 
       0.38975138             -0.7       0.26042355        167426.97    3.5981091e+09       -206262.67 
       0.38975138             -0.9       0.26042355        251158.07    3.5977697e+09       -465007.54 
       0.38975138             -1.1       0.26042355        523491.91    3.5966428e+09       -1059706.8 
       0.38975138             -1.3       0.26042355        1248556.4    3.5941179e+09       -2474139.2 
       0.38975138             -1.5       0.26042355        2749349.4    3.5891072e+09       -5214059.8 
       0.38975138             -1.7       0.26042355        6900620.8     3.580815e+09        -11541634 
       0.38975138             -1.9       0.26042355         16610580    3.5678653e+09        -25995587 
       0.38975138             -2.1       0.26042355         39655796    3.5472625e+09        -60512756 
       0.38975138             -2.3       0.26042355         88007098    3.6766753e+09   -1.3282065e+08 
       0.38975138             -2.5       0.26042355   -1.2795046e+08    4.0087257e+09    1.8484168e+08 
       0.38975138             -2.7       0.26042355   -9.6659412e+08    4.1296618e+09    1.4371889e+09 
       0.38975138             -2.9       0.26042355    4.7265307e+08    3.7917042e+09   -8.3134143e+08 
       0.38975138             -3.1       0.26042355         74463752    3.1736735e+09   -2.6930167e+08 
       0.38975138             -3.3       0.26042355   -2.8781378e+08    2.3285677e+09    2.5056625e+08 
       0.38975138             -3.5       0.26042355   -4.5554213e+08    1.5461147e+09    4.9523022e+08 
       0.38975138             -3.7       0.26042355   -6.2347785e+08    9.2352626e+08    7.4509857e+08 
       0.38975138             -3.9       0.26042355   -7.3846486e+08   -7.2327212e+08    9.1779324e+08 
       0.38975138             -4.1       0.26042355    5.6297129e+08   -8.8299578e+08   -8.4618742e+08 
       0.38975138             -4.3       0.26042355     2.704386e+08    2.3148081e+08   -4.0698433e+08 
       0.38975138             -4.5       0.26042355    1.1419104e+08    1.0460316e+08   -1.7260961e+08 
       0.38975138             -4.7       0.26042355         48981610         41134378        -74621946 
       0.38975138             -4.9       0.26042355         24474942         11581053        -37671179 
        0.4597431              4.9      0.091448588       -7529378.7         47365359         40859270 
        0.4597431              4.7      0.091448588        -14701579    1.8247687e+08         77966268 
        0.4597431              4.5      0.091448588        -35110936    4.7487603e+08    1.8200005e+08 
        0.4597431              4.3      0.091448588        -92993853    1.2079788e+09    4.7486703e+08 
        0.4597431              4.1      0.091448588   -4.1117141e+08    4.0638123e+09    2.0795361e+09 
        0.4597431              3.9      0.091448588    5.4785841e+08    4.8228636e+09    -1.877981e+09 
        0.4597431              3.7      0.091448588    4.5993983e+08    2.3105793e+09   -1.3612881e+09 
        0.4597431              3.5      0.091448588    4.6108932e+08    4.1583442e+08   -1.3670781e+09 
        0.4597431              3.3      0.091448588    5.0300246e+08   -1.8703864e+09   -1.6610445e+09 
        0.4597431              3.1      0.091448588    5.4116633e+08   -5.1820821e+09   -2.1048716e+09 
        0.4597431              2.9      0.091448588   -1.7378882e+08   -6.3000983e+09    7.8879207e+08 
        0.4597431              2.7      0.091448588    1.2616629e+08   -5.4314348e+09   -1.5445511e+08 
        0.4597431              2.5      0.091448588        -55540776   -4.5276818e+09    5.6660485e+08 
        0.4597431              2.3      0.091448588   -4.2292958e+08   -1.3863281e+09    2.1420906e+09 
        0.4597431              2.1      0.091448588   -1.3000793e+08    1.7550524e+09    6.6838692e+08 
        0.4597431              1.9      0.091448588        -52252827    2.8178619e+09     2.746309e+08 
        0.4597431              1.7      0.091448588        -20229206    3.2613859e+09    1.1269847e+08 
        0.4597431              1.5      0.091448588       -7245895.1    3.4494021e+09         45810164 
        0.4597431              1.3      0.091448588       -2435679.9    3.5297241e+09         18381339 
        0.4597431              1.1      0.091448588       -594424.27     3.564072e+09        7172745.4 
        0.4597431              0.9      0.091448588        92487.601    3.5793091e+09        2701064.8 
        0.4597431              0.7      0.091448588        310084.06     3.586675e+09         954074.8 
        0.4597431              0.5      0.091448588        344847.51    3.5907121e+09        296968.66 
        0.4597431              0.3      0.091448588        312972.44    3.5932564e+09        66983.453 
        0.4597431              0.1      0.091448588        259625.58    3.5950439e+09       -2600.7344 
        0.4597431             -0.1      0.091448588        201099.48    3.5963591e+09       -18251.289 
        0.4597431             -0.3      0.091448588        142296.96    3.5972954e+09       -23276.605 
        0.4597431             -0.5      0.091448588        83923.799    3.5978529e+09       -38985.008 
        0.4597431             -0.7      0.091448588        25567.431    3.5979632e+09        -85260.15 
        0.4597431             -0.9      0.091448588       -32746.081    3.5974609e+09        -198832.7 
        0.4597431             -1.1      0.091448588       -89995.767    3.5959726e+09       -468471.48 
        0.4597431             -1.3      0.091448588       -147101.57    3.5925889e+09       -1125907.5 
        0.4597431             -1.5      0.091448588       -164722.25    3.5856635e+09       -2410177.8 
        0.4597431             -1.7      0.091448588        382171.12    3.5728727e+09       -5461889.9 
        0.4597431             -1.9      0.091448588          1840756    3.5487479e+09        -12570693 
        0.4597431             -2.1      0.091448588        5460625.9    3.4963464e+09        -30860995 
        0.4597431             -2.3      0.091448588         27822523    3.2986267e+09   -1.4301564e+08 
        0.4597431             -2.5      0.091448588       -9675193.6    3.1486369e+09         21016236 
        0.4597431             -2.7      0.091448588   -1.8291683e+08    4.1001634e+09    8.7554536e+08 
        0.4597431             -2.9      0.091448588        -13746090    4.1226622e+09   -4.7565009e+08 
        0.4597431             -3.1      0.091448588   -1.1783722e+08    2.7710325e+09        -91636584 
        0.4597431             -3.3      0.091448588   -1.9940109e+08    2.0678728e+09    2.2172077e+08 
        0.4597431             -3.5      0.091448588   -2.2015193e+08    1.7553332e+09    3.0117248e+08 
        0.4597431             -3.7      0.091448588   -2.4366997e+08    1.6846054e+09    4.2262094e+08 
        0.4597431             -3.9      0.091448588   -3.5427691e+08    2.4237668e+09    1.0050089e+09 
        0.4597431             -4.1      0.091448588    2.0507862e+08    1.9605438e+09   -1.0436407e+09 
        0.4597431             -4.3      0.091448588         38736569    5.6579286e+08   -2.0253254e+08 
        0.4597431             -4.5      0.091448588         15177823    2.3307635e+08        -82246170 
        0.4597431             -4.7      0.091448588          6235617         91764710        -35923745 
        0.4597431             -4.9      0.091448588        2902031.3         24766815        -18235556 
     -0.091448588             -4.9        0.4597431        -25765070        -20221136       -5422641.6 
     -0.091448588             -4.7        0.4597431        -45762340        -82998294       -9486573.7 
     -0.091448588             -4.5        0.4597431        -98421074    -2.236185e+08        -20066316 
     -0.091448588             -4.3        0.4597431   -2.4548646e+08    -5.838556e+08        -49436727 
     -0.091448588             -4.1        0.4597431   -1.1845482e+09   -2.1842848e+09   -2.3657088e+08 
     -0.091448588             -3.9        0.4597431    1.3931806e+09   -1.9090266e+09    2.3797733e+08 
     -0.091448588             -3.7        0.4597431    6.6161112e+08    4.7281186e+08         95596820 
     -0.091448588             -3.5        0.4597431    4.0574625e+08    1.7433346e+09         43676449 
     -0.091448588             -3.3        0.4597431    2.8129611e+08     2.636188e+09         17731718 
     -0.091448588             -3.1        0.4597431        -32043505    3.0945053e+09        -43319166 
     -0.091448588             -2.9        0.4597431   -5.0186168e+08    2.7352647e+09   -1.3453389e+08 
     -0.091448588             -2.7        0.4597431    7.3007595e+08    3.0650409e+09     1.422178e+08 
     -0.091448588             -2.5        0.4597431         83254173    3.8671607e+09         14057889 
     -0.091448588             -2.3        0.4597431        -98164986    3.8076801e+09        -20113683 
     -0.091448588             -2.1        0.4597431        -15376768    3.6534759e+09       -3673587.3 
     -0.091448588             -1.9        0.4597431       -4287460.4    3.6161335e+09       -1459802.8 
     -0.091448588             -1.7        0.4597431       -218916.08    3.6025989e+09       -694403.96 
     -0.091448588             -1.5        0.4597431        1048276.5    3.5992663e+09       -366710.72 
     -0.091448588             -1.3        0.4597431        1119213.5    3.5990136e+09        -57866.12 
     -0.091448588             -1.1        0.4597431        998681.62    3.5990279e+09        102333.64 
     -0.091448588             -0.9        0.4597431        784183.93    3.5989805e+09        155397.63 
     -0.091448588             -0.7        0.4597431        600908.68    3.5987197e+09        183188.01 
     -0.091448588             -0.5        0.4597431        485950.34    3.5981836e+09        212090.88 
     -0.091448588             -0.3        0.4597431        452493.38    3.5973561e+09        252202.65 
     -0.091448588             -0.1        0.4597431        518189.76    3.5962438e+09        310986.49 
     -0.091448588              0.1        0.4597431        722677.58    3.5948791e+09        399270.94 
     -0.091448588              0.3        0.4597431        1151534.3    3.5933551e+09        537157.37 
     -0.091448588              0.5        0.4597431        1985328.2    3.5919243e+09        764828.79 
     -0.091448588              0.7        0.4597431        3610437.7    3.5912439e+09        1166525.1 
     -0.091448588              0.9        0.4597431        6876484.8    3.5929744e+09        1926838.9 
     -0.091448588              1.1        0.4597431         13703231    3.6012191e+09        3467950.8 
     -0.091448588              1.3        0.4597431         28516269    3.6259434e+09        6790478.2 
     -0.091448588              1.5        0.4597431         61500212    3.6915373e+09         14001263 
     -0.091448588              1.7        0.4597431    1.3746708e+08    3.8610433e+09         29424743 
     -0.091448588              1.9        0.4597431    3.1526654e+08    4.2893556e+09         64927003 
     -0.091448588              2.1        0.4597431    7.4609573e+08    5.3580802e+09    1.5101331e+08 
     -0.091448588              2.3        0.4597431    2.3736173e+09    8.6644468e+09    4.7507414e+08 
     -0.091448588              2.5        0.4597431    5.7799546e+08     1.177283e+10    1.3378019e+08 
     -0.091448588              2.7        0.4597431    1.7368042e+08    1.2428164e+10         55554678 
     -0.091448588              2.9        0.4597431    7.8093025e+08    1.3284149e+10    2.2363586e+08 
     -0.091448588              3.1        0.4597431   -2.6304105e+09    1.1134797e+10   -4.9810425e+08 
     -0.091448588              3.3        0.4597431   -1.8323039e+09    6.2106059e+09   -3.5104598e+08 
     -0.091448588              3.5        0.4597431   -1.3870526e+09    2.7239254e+09   -2.6608768e+08 
     -0.091448588              3.7        0.4597431    -1.281849e+09    -1.511569e+08   -2.4221694e+08 
     -0.091448588              3.9        0.4597431   -1.6431294e+09   -3.3933342e+09   -3.0173273e+08 
     -0.091448588              4.1        0.4597431    1.6486173e+09   -3.4062514e+09    3.2885351e+08 
     -0.091448588              4.3        0.4597431    4.2636124e+08   -1.1028247e+09         85338456 
     -0.091448588              4.5        0.4597431    1.8265262e+08   -4.5283168e+08         36717810 
     -0.091448588              4.7        0.4597431         83608953   -1.7592789e+08         16892335 
     -0.091448588              4.9        0.4597431         46181357        -45639967        9333681.8 
      -0.26042355             -4.9       0.38975138        -44893126       -5980147.3        -30511186 
      -0.26042355             -4.7       0.38975138        -84111891        -28120263        -56850342 
      -0.26042355             -4.5       0.38975138   -1.8834482e+08        -79156600   -1.2668027e+08 
      -0.26042355             -4.3       0.38975138   -4.4849114e+08   -1.6578867e+08   -3.0073858e+08 
      -0.26042355             -4.1       0.38975138   -9.7191012e+08    1.1707607e+09   -6.5126619e+08 
      -0.26042355             -3.9       0.38975138    1.3391668e+09    1.5413967e+09    7.8660227e+08 
      -0.26042355             -3.7       0.38975138    1.0365026e+09    7.5919323e+08    5.8448105e+08 
      -0.26042355             -3.5       0.38975138    6.6644598e+08    1.2952641e+09    3.3865443e+08 
      -0.26042355             -3.3       0.38975138    3.7631351e+08    1.7580112e+09    1.4861823e+08 
      -0.26042355             -3.1       0.38975138   -1.5845133e+08    2.0169157e+09   -1.9627503e+08 
      -0.26042355             -2.9       0.38975138   -8.0498815e+08    2.3265738e+09   -6.1101394e+08 
      -0.26042355             -2.7       0.38975138    1.3280464e+09    2.8067818e+09    8.8032979e+08 
      -0.26042355             -2.5       0.38975138    2.4800054e+08    3.2131483e+09    1.6101084e+08 
      -0.26042355             -2.3       0.38975138        -91831559    3.5111293e+09        -62059940 
      -0.26042355             -2.1       0.38975138        -45542696    3.6183218e+09        -31180569 
      -0.26042355             -1.9       0.38975138        -17462854    3.6018141e+09        -12405238 
      -0.26042355             -1.7       0.38975138       -5863406.1    3.5970228e+09       -4706996.6 
      -0.26042355             -1.5       0.38975138       -1333775.4    3.5972547e+09       -1596474.4 
      -0.26042355             -1.3       0.38975138       -1795.7783    3.5983992e+09       -365771.05 
      -0.26042355             -1.1       0.38975138        506454.08    3.5989449e+09        193094.55 
      -0.26042355             -0.9       0.38975138        543823.69    3.5990434e+09        337159.23 
      -0.26042355             -0.7       0.38975138        453991.38    3.5987881e+09        359720.64 
      -0.26042355             -0.5       0.38975138        360900.43    3.5982058e+09        365113.19 
      -0.26042355             -0.3       0.38975138           313711    3.5973021e+09        394883.03 
      -0.26042355             -0.1       0.38975138        348635.16    3.5960734e+09        478001.29 
      -0.26042355              0.1       0.38975138        524479.57    3.5945109e+09        657417.44 
      -0.26042355              0.3       0.38975138           967265    3.5926135e+09        1021169.8 
      -0.26042355              0.5       0.38975138        1961048.8    3.5904203e+09        1764286.5 
      -0.26042355              0.7       0.38975138        4157856.6    3.5880974e+09        3331294.3 
      -0.26042355              0.9       0.38975138        9076390.5    3.5861539e+09        6755320.3 
      -0.26042355              1.1       0.38975138         20297377    3.5859626e+09         14475855 
      -0.26042355              1.3       0.38975138         46326940    3.5909724e+09         32315845 
      -0.26042355              1.5       0.38975138     1.071458e+08    3.6100313e+09         73718646 
      -0.26042355              1.7       0.38975138    2.5206704e+08     3.668463e+09    1.7092435e+08 
      -0.26042355              1.9       0.38975138    5.9816539e+08    3.8284293e+09    4.0235908e+08 
      -0.26042355              2.1       0.38975138    1.4279302e+09    4.2123672e+09    9.5731692e+08 
      -0.26042355              2.3       0.38975138    3.3274555e+09    3.6462835e+09    2.2268158e+09 
      -0.26042355              2.5       0.38975138    1.2863778e+09    3.1782368e+09    9.0226303e+08 
      -0.26042355              2.7       0.38975138    7.3798849e+08    3.9474046e+09    5.5905286e+08 
      -0.26042355              2.9       0.38975138   -3.0990497e+08    2.1515469e+09   -1.9490789e+08 
      -0.26042355              3.1       0.38975138   -3.3714739e+09    1.0526038e+09   -2.1815959e+09 
      -0.26042355              3.3       0.38975138   -2.9417475e+09     2.122937e+09   -1.8728742e+09 
      -0.26042355              3.5       0.38975138   -2.3854753e+09    1.6363592e+09   -1.4943752e+09 
      -0.26042355              3.7       0.38975138   -2.1805967e+09    9.0411364e+08   -1.3551341e+09 
      -0.26042355              3.9       0.38975138   -1.8722806e+09    1.4478448e+09   -1.1480477e+09 
      -0.26042355              4.1       0.38975138    1.6763087e+09     8.554235e+08    1.1218751e+09 
      -0.26042355              4.3       0.38975138     8.486558e+08   -4.4929248e+08    5.6802005e+08 
      -0.26042355              4.5       0.38975138    3.6592818e+08   -1.8681562e+08    2.4521263e+08 
      -0.26042355              4.7       0.38975138    1.6286017e+08        -69472999    1.0932302e+08 
      -0.26042355              4.9       0.38975138         87689659        -17618801         58930510 
      -0.38975138             -4.9       0.26042355        -28794555         13855449        -44214753 
      -0.38975138             -4.7       0.26042355        -54629400         47899674        -83152536 
      -0.38975138             -4.5       0.26042355   -1.2255964e+08    1.1620446e+08   -1.8521947e+08 
      -0.38975138             -4.3       0.26042355   -2.8505861e+08    2.4785458e+08   -4.2896362e+08 
      -0.38975138             -4.1       0.26042355   -5.9491531e+08   -9.3851643e+08   -8.9415568e+08 
      -0.38975138             -3.9       0.26042355    8.3970404e+08   -7.7616611e+08     1.064286e+09 
      -0.38975138             -3.7       0.26042355    6.9962391e+08    9.5659633e+08      8.53613e+08 
      -0.38975138             -3.5       0.26042355    5.0541583e+08    1.5928283e+09    5.6402354e+08 
      -0.38975138             -3.3       0.26042355     3.140527e+08    2.3885785e+09    2.8379823e+08 
      -0.38975138             -3.1       0.26042355        -75977660    3.2509596e+09   -2.7715524e+08 
      -0.38975138             -2.9       0.26042355   -4.9121367e+08    3.8838114e+09   -8.6354265e+08 
      -0.38975138             -2.7       0.26042355     1.015072e+09    4.2185963e+09     1.509737e+09 
      -0.38975138             -2.5       0.26042355    1.4400761e+08    4.0691239e+09    2.0888708e+08 
      -0.38975138             -2.3       0.26042355        -80243764    3.7089341e+09   -1.2120883e+08 
      -0.38975138             -2.1       0.26042355        -33954693    3.5645762e+09        -51989393 
      -0.38975138             -1.9       0.26042355        -12708728     3.578943e+09        -20166166 
      -0.38975138             -1.7       0.26042355       -4303841.1    3.5879664e+09       -7666617.8 
      -0.38975138             -1.5       0.26042355       -1030560.9    3.5937321e+09       -2654128.4 
      -0.38975138             -1.3       0.26042355       -111539.95    3.5971057e+09       -784666.13 
      -0.38975138             -1.1       0.26042355        239390.82    3.5985567e+09        72756.483 
      -0.38975138             -0.9       0.26042355         270939.1    3.5989592e+09        311281.62 
      -0.38975138             -0.7       0.26042355        207955.94     3.598784e+09         354923.5 
      -0.38975138             -0.5       0.26042355        131747.99    3.5981937e+09        355661.84 
      -0.38975138             -0.3       0.26042355        74489.798    3.5972346e+09        374461.51 
      -0.38975138             -0.1       0.26042355        58427.161    3.5958973e+09        452041.44 
      -0.38975138              0.1       0.26042355         118598.6    3.5941257e+09        646733.42 
      -0.38975138              0.3       0.26042355        331631.26    3.5917985e+09          1079414 
      -0.38975138              0.5       0.26042355        874786.25    3.5886722e+09        2023641.7 
      -0.38975138              0.7       0.26042355        2163263.7    3.5842467e+09        4114411.1 
      -0.38975138              0.9       0.26042355        5177591.2    3.5774482e+09          8846646 
      -0.38975138              1.1       0.26042355         12249358    3.5658616e+09         19778703 
      -0.38975138              1.3       0.26042355         28944803    3.5438328e+09         45443808 
      -0.38975138              1.5       0.26042355         68447002    3.4984915e+09    1.0570351e+08 
      -0.38975138              1.7       0.26042355     1.636508e+08    3.4028075e+09    2.4874977e+08 
      -0.38975138              1.9       0.26042355    3.9143273e+08    3.1929441e+09    5.8995647e+08 
      -0.38975138              2.1       0.26042355     9.331857e+08    2.7232253e+09    1.4016695e+09 
      -0.38975138              2.3       0.26042355    2.1328372e+09    3.0323795e+09     3.197644e+09 
      -0.38975138              2.5       0.26042355    8.3757299e+08     3.113151e+09    1.3268345e+09 
      -0.38975138              2.7       0.26042355    2.5688118e+08    1.2864767e+09    4.9999034e+08 
      -0.38975138              2.9       0.26042355   -2.2141237e+08    2.2970053e+09    -3.193701e+08 
      -0.38975138              3.1       0.26042355   -2.0444188e+09     3.391819e+09   -2.9379965e+09 
      -0.38975138              3.3       0.26042355   -1.9690579e+09    1.9446316e+09   -2.7876771e+09 
      -0.38975138              3.5       0.26042355   -1.6816292e+09     1.334511e+09   -2.3455149e+09 
      -0.38975138              3.7       0.26042355   -1.5978324e+09     6.560546e+08   -2.2166556e+09 
      -0.38975138              3.9       0.26042355   -1.4761879e+09   -1.5848288e+09   -2.0332929e+09 
      -0.38975138              4.1       0.26042355    1.3715902e+09   -1.4433184e+09    2.0563252e+09 
      -0.38975138              4.3       0.26042355    5.9893385e+08    4.0597397e+08    8.9853585e+08 
      -0.38975138              4.5       0.26042355    2.4704345e+08    2.0257167e+08    3.7132813e+08 
      -0.38975138              4.7       0.26042355    1.0788362e+08         82096691    1.6263584e+08 
      -0.38975138              4.9       0.26042355         57467044         21918813         86865922 
       -0.4597431             -4.9      0.091448588       -3550419.6         27821676        -21766796 
       -0.4597431             -4.7      0.091448588       -7184053.5    1.0123665e+08        -40961275 
       -0.4597431             -4.5      0.091448588        -16828051    2.5094544e+08        -90836293 
       -0.4597431             -4.3      0.091448588        -41945726    5.9713943e+08   -2.1900198e+08 
       -0.4597431             -4.1      0.091448588   -2.1514815e+08    2.0813454e+09    -1.094763e+09 
       -0.4597431             -3.9      0.091448588    3.8931558e+08    2.5443988e+09    1.1518896e+09 
       -0.4597431             -3.7      0.091448588    2.6991012e+08    1.7113179e+09     5.242877e+08 
       -0.4597431             -3.5      0.091448588    2.3833537e+08    1.7692554e+09    3.6264952e+08 
       -0.4597431             -3.3      0.091448588    2.1088367e+08    2.0875409e+09    2.5065223e+08 
       -0.4597431             -3.1      0.091448588    1.2220156e+08    2.8180831e+09        -94960301 
       -0.4597431             -2.9      0.091448588         14201607    4.2260073e+09   -4.9346446e+08 
       -0.4597431             -2.7      0.091448588    1.8921787e+08    4.1919162e+09    9.0672362e+08 
       -0.4597431             -2.5      0.091448588         10875826    3.1832632e+09         26864974 
       -0.4597431             -2.3      0.091448588        -27408914    3.3233398e+09   -1.4095583e+08 
       -0.4597431             -2.1      0.091448588       -4808581.2    3.5154742e+09        -27613289 
       -0.4597431             -1.9      0.091448588       -1369844.7    3.5615123e+09        -10237646 
       -0.4597431             -1.7      0.091448588        -60588.67      3.58123e+09       -3883836.1 
       -0.4597431             -1.5      0.091448588        382293.39    3.5910966e+09       -1359127.3 
       -0.4597431             -1.3      0.091448588        294054.53    3.5961062e+09       -429753.95 
       -0.4597431             -1.1      0.091448588        189585.35    3.5982282e+09       -524.80762 
       -0.4597431             -0.9      0.091448588        100262.99    3.5988627e+09         122327.5 
       -0.4597431             -0.7      0.091448588        21203.006    3.5987583e+09        147030.73 
       -0.4597431             -0.5      0.091448588       -49220.438    3.5981741e+09        147783.85 
       -0.4597431             -0.3      0.091448588       -112269.35    3.5971864e+09        154373.41 
       -0.4597431             -0.1      0.091448588        -168379.2    3.5957836e+09        186387.17 
       -0.4597431              0.1      0.091448588       -215572.52    3.5938782e+09        271456.62 
       -0.4597431              0.3      0.091448588       -246144.55    3.5912665e+09        466940.27 
       -0.4597431              0.5      0.091448588       -238980.85    3.5875091e+09        903492.32 
       -0.4597431              0.7      0.091448588       -141268.77    3.5816413e+09        1886127.4 
       -0.4597431              0.9      0.091448588         174844.3    3.5714807e+09        4135818.7 
       -0.4597431              1.1      0.091448588        1013140.3    3.5519543e+09        9373185.1 
       -0.4597431              1.3      0.091448588        3083538.7    3.5110026e+09         21732210 
       -0.4597431              1.5      0.091448588        8230559.9    3.4204989e+09         50845080 
       -0.4597431              1.7      0.091448588         21693926    3.2167125e+09      1.20146e+08 
       -0.4597431              1.9      0.091448588         54364791      2.74856e+09    2.8534382e+08 
       -0.4597431              2.1      0.091448588     1.329442e+08    1.6464477e+09    6.8328419e+08 
       -0.4597431              2.3      0.091448588    4.2856939e+08   -1.5745673e+09    2.1705972e+09 
       -0.4597431              2.5      0.091448588         55045334   -4.7889411e+09    5.6902476e+08 
       -0.4597431              2.7      0.091448588   -1.3387599e+08   -5.7309325e+09   -1.8435078e+08 
       -0.4597431              2.9      0.091448588    1.8143698e+08   -6.5888967e+09    8.2201811e+08 
       -0.4597431              3.1      0.091448588   -5.5042691e+08   -5.3921648e+09   -2.1410913e+09 
       -0.4597431              3.3      0.091448588   -5.1162417e+08    -1.993212e+09   -1.6887515e+09 
       -0.4597431              3.5      0.091448588    -4.677109e+08    3.6006327e+08   -1.3825328e+09 
       -0.4597431              3.7      0.091448588   -4.6500297e+08    2.3136245e+09   -1.3685715e+09 
       -0.4597431              3.9      0.091448588   -5.5463591e+08    4.8810608e+09   -1.8949668e+09 
       -0.4597431              4.1      0.091448588    4.1503138e+08    4.1270466e+09    2.0992147e+09 
       -0.4597431              4.3      0.091448588         92948983    1.2395964e+09    4.7483434e+08 
       -0.4597431              4.5      0.091448588         35183556    4.9138906e+08    1.8254177e+08 
       -0.4597431              4.7      0.091448588         14875156    1.9065684e+08         79008102 
       -0.4597431              4.9      0.091448588        7714937.8         49912691         41970726 
        0.4597431             -4.9     -0.091448588        3059461.5         24595235         19027523 
       0.38975138             -4.9      -0.26042355         24624090         11164435         37894809 
       0.26042355             -4.9      -0.38975138         35620121       -7733401.9         24281586 
      0.091448588             -4.9       -0.4597431         12954688        -20805336        2864792.3 
        0.4597431             -4.7     -0.091448588        6541245.7         91120037         37461187 
       0.38975138             -4.7      -0.26042355         49312871         39542659         75118477 
       0.26042355             -4.7      -0.38975138         72424607        -33499015         49008290 
      0.091448588             -4.7       -0.4597431         29732971        -84770281          6288690 
        0.4597431             -4.5     -0.091448588         15890958      2.31546e+08         85833255 
       0.38975138             -4.5      -0.26042355    1.1509023e+08    1.0061209e+08    1.7395693e+08 
       0.26042355             -4.5      -0.38975138    1.7238527e+08        -88875106    1.1598111e+08 
      0.091448588             -4.5       -0.4597431         76907023   -2.2676408e+08         15776825 
        0.4597431             -4.3     -0.091448588         40339274     5.631764e+08    2.1059402e+08 
       0.38975138             -4.3      -0.26042355    2.7319023e+08     2.227897e+08    4.1110635e+08 
       0.26042355             -4.3      -0.38975138    4.2530363e+08   -1.7987767e+08    2.8520562e+08 
      0.091448588             -4.3       -0.4597431    2.1508839e+08   -5.8925957e+08         43378976 
        0.4597431             -4.1     -0.091448588    2.0777668e+08      1.99599e+09    1.0572241e+09 
       0.38975138             -4.1      -0.26042355    5.7712199e+08   -9.2053186e+08    8.6738875e+08 
       0.26042355             -4.1      -0.38975138    9.3233982e+08    1.0889229e+09    6.2476288e+08 
      0.091448588             -4.1       -0.4597431     1.142473e+09   -2.1205119e+09    2.2818293e+08 
        0.4597431             -3.9     -0.091448588   -3.7402876e+08    2.4524369e+09   -1.1038994e+09 
       0.38975138             -3.9      -0.26042355   -7.9831751e+08   -7.5396724e+08   -1.0091598e+09 
       0.26042355             -3.9      -0.38975138   -1.2459938e+09    1.4606745e+09   -7.2810376e+08 
      0.091448588             -3.9       -0.4597431    -1.275482e+09   -1.8442638e+09   -2.1518305e+08 
        0.4597431             -3.7     -0.091448588   -2.5889879e+08    1.6648088e+09   -4.9879569e+08 
       0.38975138             -3.7      -0.26042355   -6.6105183e+08    9.3523929e+08   -8.0278828e+08 
       0.26042355             -3.7      -0.38975138   -9.6095126e+08    7.4971921e+08    -5.377994e+08 
      0.091448588             -3.7       -0.4597431   -5.6167637e+08    4.6393763e+08        -76358360 
        0.4597431             -3.5     -0.091448588   -2.2866449e+08     1.735386e+09   -3.4382229e+08 
       0.38975138             -3.5      -0.26042355   -4.7627611e+08    1.5686266e+09   -5.2722305e+08 
       0.26042355             -3.5      -0.38975138   -6.1181195e+08    1.2898865e+09    -3.058607e+08 
      0.091448588             -3.5       -0.4597431   -3.3302619e+08    1.7283498e+09        -29916779 
        0.4597431             -3.3     -0.091448588   -2.0267174e+08    2.0538744e+09   -2.3794982e+08 
       0.38975138             -3.3      -0.26042355   -2.9595526e+08    2.3498731e+09    -2.631975e+08 
       0.26042355             -3.3      -0.38975138   -3.4477718e+08    1.7521318e+09   -1.3104686e+08 
      0.091448588             -3.3       -0.4597431   -2.3964796e+08     2.613103e+09        -10170949 
        0.4597431             -3.1     -0.091448588   -1.1760095e+08     2.765415e+09         93267496 
       0.38975138             -3.1      -0.26042355         76051868    3.1890129e+09    2.7168471e+08 
       0.26042355             -3.1      -0.38975138    1.5663722e+08    2.0056577e+09    1.9207387e+08 
      0.091448588             -3.1       -0.4597431         29345910    3.0603428e+09         42129501 
        0.4597431             -2.9     -0.091448588        -13417111    4.1279185e+09     4.776364e+08 
       0.38975138             -2.9      -0.26042355    4.7528797e+08    3.8012055e+09    8.3538561e+08 
       0.26042355             -2.9      -0.38975138    7.7788235e+08    2.3028044e+09    5.9053769e+08 
      0.091448588             -2.9       -0.4597431     4.534275e+08    2.6771566e+09    1.2430992e+08 
        0.4597431             -2.7     -0.091448588   -1.8146872e+08    4.1049965e+09   -8.6822215e+08 
       0.38975138             -2.7      -0.26042355   -9.6676689e+08    4.1346694e+09   -1.4374382e+09 
       0.26042355             -2.7      -0.38975138   -1.2452802e+09    2.7788574e+09   -8.2508135e+08 
      0.091448588             -2.7       -0.4597431     -6.01713e+08    3.0170783e+09   -1.1667645e+08 
        0.4597431             -2.5     -0.091448588       -9412038.4    3.1475715e+09        -19670291 
       0.38975138             -2.5      -0.26042355   -1.2766999e+08    4.0102591e+09   -1.8441615e+08 
       0.26042355             -2.5      -0.38975138   -2.0991764e+08     3.191837e+09   -1.3557866e+08 
      0.091448588             -2.5       -0.4597431        -34096824    3.8514866e+09       -4272179.4 
        0.4597431             -2.3     -0.091448588         27828734    3.2981335e+09    1.4304697e+08 
       0.38975138             -2.3      -0.26042355         88170184    3.6769984e+09    1.3306496e+08 
       0.26042355             -2.3      -0.38975138    1.1358009e+08    3.4938222e+09         76589462 
      0.091448588             -2.3       -0.4597431    1.2913009e+08    3.7986532e+09         26272197 
        0.4597431             -2.1     -0.091448588        5472613.9    3.4963667e+09         30921482 
       0.38975138             -2.1      -0.26042355         39677947    3.5473359e+09         60546078 
       0.26042355             -2.1      -0.38975138         59273356       3.6061e+09         40351322 
      0.091448588             -2.1       -0.4597431         35082401      3.64919e+09        7592180.4 
        0.4597431             -1.9     -0.091448588        1845071.6    3.5487608e+09         12592504 
       0.38975138             -1.9      -0.26042355         16611897    3.5679014e+09         25997652 
       0.26042355             -1.9      -0.38975138         26413215     3.594244e+09         18381322 
      0.091448588             -1.9       -0.4597431         16931605    3.6134166e+09        3973600.8 
        0.4597431             -1.7     -0.091448588        382942.73    3.5728781e+09        5465841.1 
       0.38975138             -1.7      -0.26042355        6897830.4    3.5808275e+09         11537516 
       0.26042355             -1.7      -0.38975138         11722991    3.5921977e+09        8617335.4 
      0.091448588             -1.7       -0.4597431        8424049.9    3.6008811e+09        2325065.2 
        0.4597431             -1.5     -0.091448588       -165156.87    3.5856651e+09        2408043.8 
       0.38975138             -1.5      -0.26042355        2746251.3    3.5891103e+09        5209464.6 
       0.26042355             -1.5      -0.38975138        5182866.2     3.594149e+09        4163035.3 
      0.091448588             -1.5       -0.4597431        4319330.9    3.5981649e+09        1432848.4 
        0.4597431             -1.3     -0.091448588       -147775.44    3.5925891e+09        1122553.9 
       0.38975138             -1.3      -0.26042355        1246043.4    3.5941178e+09        2470406.1 
       0.26042355             -1.3      -0.38975138        2539326.6    3.5963961e+09        2056179.3 
      0.091448588             -1.3       -0.4597431        2414307.3    3.5983043e+09        759265.77 
        0.4597431             -1.1     -0.091448588       -90607.859    3.5959724e+09        465417.63 
       0.38975138             -1.1      -0.26042355        521638.01    3.5966418e+09        1056951.2 
       0.26042355             -1.1      -0.38975138        1191882.1    3.5976625e+09        937861.99 
      0.091448588             -1.1       -0.4597431          1363203    3.5985741e+09        366391.21 
        0.4597431             -0.9     -0.091448588       -33224.029    3.5974606e+09        196446.39 
       0.38975138             -0.9      -0.26042355        249841.07    3.5977687e+09        463049.95 
       0.26042355             -0.9      -0.38975138         619002.3     3.598246e+09        437774.95 
      0.091448588             -0.9       -0.4597431        832901.62    3.5986983e+09        165697.27 
        0.4597431             -0.7     -0.091448588         25212.07    3.5979629e+09        83485.564 
       0.38975138             -0.7      -0.26042355        166492.51    3.5981083e+09        204873.89 
       0.26042355             -0.7      -0.38975138        384678.63    3.5983352e+09        200536.76 
      0.091448588             -0.7       -0.4597431        566237.22    3.5985592e+09        48963.669 
        0.4597431             -0.5     -0.091448588        83658.989    3.5978527e+09        37662.493 
       0.38975138             -0.5      -0.26042355        166508.64    3.5979202e+09        94500.212 
       0.26042355             -0.5      -0.38975138        310825.68     3.598022e+09        85487.813 
      0.091448588             -0.5       -0.4597431        450121.44    3.5981182e+09       -25353.562 
        0.4597431             -0.3     -0.091448588        142093.32    3.5972952e+09        22259.358 
       0.38975138             -0.3      -0.26042355        206499.57    3.5973261e+09        54042.141 
       0.26042355             -0.3      -0.38975138        322964.98    3.5973626e+09        34105.374 
      0.091448588             -0.3       -0.4597431        436031.14    3.5973769e+09       -74397.454 
        0.4597431             -0.1     -0.091448588        200941.78     3.596359e+09        17463.323 
       0.38975138             -0.1      -0.26042355        263838.65    3.5963846e+09        42155.576 
       0.26042355             -0.1      -0.38975138        383975.86    3.5963986e+09        16785.882 
      0.091448588             -0.1       -0.4597431        505030.33    3.5963579e+09        -105894.2 
        0.4597431              0.1     -0.091448588        259529.02    3.5950436e+09        2118.8297 
       0.38975138              0.1      -0.26042355        313941.09    3.5951135e+09        16130.863 
       0.26042355              0.1      -0.38975138        458457.94    3.5951708e+09        6207.9214 
      0.091448588              0.1       -0.4597431        650052.97    3.5951112e+09       -124197.05 
        0.4597431              0.3     -0.091448588         313022.7    3.5932557e+09       -66728.292 
       0.38975138              0.3      -0.26042355        303460.93    3.5934851e+09       -110078.75 
       0.26042355              0.3      -0.38975138        472555.78    3.5937407e+09       -50818.152 
      0.091448588              0.3       -0.4597431        858126.47    3.5937517e+09       -134967.71 
        0.4597431              0.5     -0.091448588        345303.03    3.5907104e+09       -294677.19 
       0.38975138              0.5      -0.26042355        95654.868    3.5913867e+09       -549410.73 
       0.26042355              0.5      -0.38975138        233006.53    3.5922348e+09       -288662.71 
      0.091448588              0.5       -0.4597431        1075055.4    3.5925629e+09          -153255 
        0.4597431              0.7     -0.091448588        311631.05    3.5866705e+09       -946297.46 
       0.38975138              0.7      -0.26042355       -659247.95    3.5885115e+09       -1838981.9 
       0.26042355              0.7      -0.38975138       -765612.14    3.5909484e+09       -1053915.6 
      0.091448588              0.7       -0.4597431        1118506.3    3.5922475e+09       -222717.98 
        0.4597431              0.9     -0.091448588        96866.876    3.5792975e+09         -2679051 
       0.38975138              0.9      -0.26042355       -2838999.8     3.584077e+09       -5320019.9 
       0.26042355              0.9      -0.38975138       -3811799.5    3.5905856e+09       -3225939.2 
      0.091448588              0.9       -0.4597431        459204.22    3.5945345e+09       -464243.34 
        0.4597431              1.1     -0.091448588       -582888.98    3.5640431e+09         -7114762 
       0.38975138              1.1      -0.26042355       -8615296.4    3.5761131e+09        -14311920 
       0.26042355              1.1      -0.38975138        -12128558    3.5928162e+09       -9005343.4 
      0.091448588              1.1       -0.4597431       -2325130.7    3.6036317e+09       -1201098.2 
        0.4597431              1.3     -0.091448588       -2406370.1    3.5296527e+09        -18234017 
       0.38975138              1.3      -0.26042355        -23306288    3.5596466e+09        -36977580 
       0.26042355              1.3      -0.38975138        -33668862     3.601543e+09        -23845880 
      0.091448588              1.3       -0.4597431        -10892409    3.6296641e+09       -3281313.1 
        0.4597431              1.5     -0.091448588       -7172744.9    3.4492267e+09        -45442492 
       0.38975138              1.5      -0.26042355        -59728689    3.5228445e+09        -92630646 
       0.26042355              1.5      -0.38975138        -87593388    3.6263046e+09        -60643105 
      0.091448588              1.5       -0.4597431        -34286271    3.6972641e+09         -8584810 
        0.4597431              1.7     -0.091448588        -20048630    3.2609543e+09    -1.117908e+08 
       0.38975138              1.7      -0.26042355   -1.5016855e+08     3.440283e+09   -2.2854734e+08 
       0.26042355              1.7      -0.38975138   -2.2186817e+08    3.6934883e+09   -1.5073508e+08 
      0.091448588              1.7       -0.4597431        -95458445     3.869847e+09        -21065431 
        0.4597431              1.9     -0.091448588        -51807579    2.8167836e+09   -2.7239282e+08 
       0.38975138              1.9      -0.26042355   -3.7059292e+08    3.2505513e+09   -5.5873924e+08 
       0.26042355              1.9      -0.38975138   -5.5161421e+08    3.8668689e+09     -3.71242e+08 
      0.091448588              1.9       -0.4597431    -2.505447e+08    4.3028977e+09        -52049284 
        0.4597431              2.1     -0.091448588   -1.2889732e+08    1.7522874e+09   -6.6280441e+08 
       0.38975138              2.1      -0.26042355   -9.0082271e+08      2.81108e+09   -1.3531948e+09 
       0.26042355              2.1      -0.38975138   -1.3565966e+09    4.2711007e+09   -9.0963545e+08 
      0.091448588              2.1       -0.4597431   -6.4638005e+08     5.379756e+09   -1.3117328e+08 
        0.4597431              2.3     -0.091448588   -4.1997611e+08   -1.3969397e+09   -2.1272422e+09 
       0.38975138              2.3      -0.26042355   -2.0825199e+09    3.1406615e+09     -3.12229e+09 
       0.26042355              2.3      -0.38975138   -3.2211651e+09    3.7558195e+09   -2.1557743e+09 
      0.091448588              2.3       -0.4597431   -2.2153442e+09    8.6895609e+09    -4.435849e+08 
        0.4597431              2.5     -0.091448588        -53620803   -4.5471419e+09    -5.571581e+08 
       0.38975138              2.5      -0.26042355   -8.1826811e+08    3.2380468e+09   -1.2967879e+09 
       0.26042355              2.5      -0.38975138   -1.2417307e+09    3.3350918e+09   -8.7178576e+08 
      0.091448588              2.5       -0.4597431   -5.1375755e+08    1.1801885e+10   -1.2083606e+08 
        0.4597431              2.7     -0.091448588    1.3030256e+08   -5.4779235e+09    1.7477291e+08 
       0.38975138              2.7      -0.26042355   -2.6368718e+08    1.4399234e+09   -5.0815348e+08 
       0.26042355              2.7      -0.38975138   -7.5659765e+08    4.0947335e+09   -5.7032992e+08 
      0.091448588              2.7       -0.4597431   -1.7203293e+08    1.2512346e+10        -54908385 
        0.4597431              2.9     -0.091448588   -1.7958211e+08   -6.3397616e+09   -8.1666092e+08 
       0.38975138              2.9      -0.26042355    2.0397878e+08    2.4142298e+09    2.9233346e+08 
       0.26042355              2.9      -0.38975138    2.5574877e+08    2.2876168e+09    1.5809723e+08 
      0.091448588              2.9       -0.4597431   -9.0673509e+08    1.3336623e+10    -2.489977e+08 
        0.4597431              3.1     -0.091448588    5.3945869e+08   -5.1829374e+09    2.0968231e+09 
       0.38975138              3.1      -0.26042355    1.9918842e+09    3.4616007e+09    2.8613906e+09 
       0.26042355              3.1      -0.38975138     3.266081e+09    1.1666361e+09    2.1123347e+09 
      0.091448588              3.1       -0.4597431    2.4843195e+09     1.111652e+10    4.6909049e+08 
        0.4597431              3.3     -0.091448588    5.0018849e+08   -1.8633105e+09    1.6477105e+09 
       0.38975138              3.3      -0.26042355    1.9131209e+09    2.0055857e+09    2.7069901e+09 
       0.26042355              3.3      -0.38975138    2.8310804e+09    2.1891145e+09    1.8006969e+09 
      0.091448588              3.3       -0.4597431    1.6861216e+09    6.2062106e+09    3.2200188e+08 
        0.4597431              3.5     -0.091448588    4.5644802e+08    4.2256046e+08    1.3447862e+09 
       0.38975138              3.5      -0.26042355    1.6279551e+09    1.3741241e+09    2.2686815e+09 
       0.26042355              3.5      -0.38975138    2.2801554e+09    1.6737826e+09    1.4260533e+09 
      0.091448588              3.5       -0.4597431    1.2485793e+09    2.7249948e+09    2.3858014e+08 
        0.4597431              3.7     -0.091448588    4.5354917e+08    2.3136221e+09    1.3304717e+09 
       0.38975138              3.7      -0.26042355    1.5452163e+09    6.7633996e+08    2.1415914e+09 
       0.26042355              3.7      -0.38975138    2.0801414e+09    9.1955001e+08    1.2901759e+09 
      0.091448588              3.7       -0.4597431    1.1513624e+09   -1.4627991e+08    2.1629981e+08 
        0.4597431              3.9     -0.091448588    5.4123167e+08    4.8057789e+09    1.8459835e+09 
       0.38975138              3.9      -0.26042355     1.429054e+09   -1.5452966e+09    1.9664624e+09 
       0.26042355              3.9      -0.38975138    1.7800195e+09    1.4075893e+09    1.0885621e+09 
      0.091448588              3.9       -0.4597431    1.5273109e+09   -3.3423386e+09     2.788129e+08 
        0.4597431              4.1     -0.091448588   -4.0783287e+08    4.0486768e+09   -2.0627484e+09 
       0.38975138              4.1      -0.26042355   -1.3523736e+09   -1.4198504e+09   -2.0274869e+09 
       0.26042355              4.1      -0.38975138   -1.6503575e+09    8.0958168e+08   -1.1044975e+09 
      0.091448588              4.1       -0.4597431   -1.6259232e+09   -3.3602334e+09   -3.2432838e+08 
        0.4597431              4.3     -0.091448588        -91420956    1.2110723e+09   -4.6695964e+08 
       0.38975138              4.3      -0.26042355   -5.8859128e+08    3.8903777e+08    -8.830009e+08 
       0.26042355              4.3      -0.38975138   -8.3160328e+08   -4.5603048e+08   -5.5660184e+08 
      0.091448588              4.3       -0.4597431   -4.0677699e+08   -1.1051473e+09        -81435926 
        0.4597431              4.5     -0.091448588        -34447155    4.7637196e+08     -1.78663e+08 
       0.38975138              4.5      -0.26042355   -2.4123986e+08    1.9136253e+08   -3.6259094e+08 
       0.26042355              4.5      -0.38975138   -3.5426797e+08   -1.9303933e+08   -2.3739923e+08 
      0.091448588              4.5       -0.4597431    -1.676783e+08   -4.5475289e+08        -33732748 
        0.4597431              4.7     -0.091448588        -14412396    1.8306473e+08        -76512432 
       0.38975138              4.7      -0.26042355   -1.0396453e+08         76013037   -1.5672103e+08 
       0.26042355              4.7      -0.38975138   -1.5437367e+08        -73218478     -1.03631e+08 
      0.091448588              4.7       -0.4597431        -72115315   -1.7717363e+08        -14599817 
        0.4597431              4.9     -0.091448588       -7373370.1         47519159        -40074966 
       0.38975138              4.9      -0.26042355        -54443984         19954215        -82289215 
       0.26042355              4.9      -0.38975138        -80961848        -18871132        -54412234 
      0.091448588              4.9       -0.4597431        -36896047        -46068204       -7480003.4 
       -0.4597431              4.9     -0.091448588        7882457.1         49755785        -42812898 
      -0.38975138              4.9      -0.26042355         57671767         21538873        -87172280 
      -0.26042355              4.9      -0.38975138         87417288        -18001270        -58748475 
     -0.091448588              4.9       -0.4597431         45372476        -45802093         -9172766 
       -0.4597431              4.7     -0.091448588         15178536    1.9005795e+08        -80533307 
      -0.38975138              4.7      -0.26042355    1.0825081e+08         80643951   -1.6318533e+08 
      -0.26042355              4.7      -0.38975138    1.6235206e+08        -70936452   -1.0898342e+08 
     -0.091448588              4.7       -0.4597431         82121024   -1.7654468e+08        -16596326 
       -0.4597431              4.5     -0.091448588         35868366    4.8986695e+08   -1.8598454e+08 
      -0.38975138              4.5      -0.26042355    2.4787097e+08    1.9885265e+08   -3.7256645e+08 
      -0.26042355              4.5      -0.38975138    3.6475485e+08   -1.9057924e+08   -2.4442836e+08 
     -0.091448588              4.5       -0.4597431    1.7924362e+08   -4.5439955e+08        -36039604 
       -0.4597431              4.3     -0.091448588         94558590    1.2364504e+09    -4.829263e+08 
      -0.38975138              4.3      -0.26042355    6.0102804e+08    3.9676386e+08   -9.0166951e+08 
      -0.26042355              4.3      -0.38975138    8.4568281e+08    -4.587782e+08   -5.6603268e+08 
     -0.091448588              4.3       -0.4597431    4.1821894e+08    -1.106104e+09        -83718515 
       -0.4597431              4.1     -0.091448588    4.1843665e+08    4.1424882e+09    -2.116338e+09 
      -0.38975138              4.1      -0.26042355     1.380636e+09   -1.4773202e+09   -2.0698584e+09 
      -0.26042355              4.1      -0.38975138     1.662982e+09    8.2732686e+08   -1.1129644e+09 
     -0.091448588              4.1       -0.4597431    1.6316574e+09   -3.3974959e+09   -3.2547845e+08 
       -0.4597431              3.9     -0.091448588    -5.613955e+08    4.8984721e+09    1.9276052e+09 
      -0.38975138              3.9      -0.26042355   -1.4918816e+09   -1.6182716e+09    2.0575685e+09 
      -0.26042355              3.9      -0.38975138   -1.8659407e+09    1.4204994e+09    1.1443537e+09 
     -0.091448588              3.9       -0.4597431    -1.630763e+09   -3.3826675e+09    2.9926295e+08 
       -0.4597431              3.7     -0.091448588   -4.7151644e+08    2.3105023e+09    1.3999789e+09 
      -0.38975138              3.7      -0.26042355   -1.6102713e+09    6.5561117e+08    2.2361389e+09 
      -0.26042355              3.7      -0.38975138   -2.1802171e+09     9.027026e+08    1.3554641e+09 
     -0.091448588              3.7       -0.4597431   -1.2717688e+09   -1.5307034e+08     2.401943e+08 
       -0.4597431              3.5     -0.091448588   -4.7243691e+08     3.531955e+08    1.4052303e+09 
      -0.38975138              3.5      -0.26042355   -1.6905475e+09    1.3525267e+09    2.3596005e+09 
      -0.26042355              3.5      -0.38975138   -2.3865362e+09    1.6525361e+09    1.4955869e+09 
     -0.091448588              3.5       -0.4597431   -1.3811641e+09    2.7203629e+09    2.6491574e+08 
       -0.4597431              3.3     -0.091448588    -5.144852e+08   -2.0004202e+09    1.7023084e+09 
      -0.38975138              3.3      -0.26042355   -1.9739415e+09    1.9736321e+09    2.7954445e+09 
      -0.26042355              3.3      -0.38975138    -2.942334e+09    2.1492214e+09    1.8736059e+09 
     -0.091448588              3.3       -0.4597431   -1.8291434e+09    6.2069585e+09    3.5043681e+08 
       -0.4597431              3.1     -0.091448588   -5.5216205e+08   -5.3913146e+09    2.1492711e+09 
      -0.38975138              3.1      -0.26042355   -2.0451303e+09    3.4249187e+09    2.9391992e+09 
      -0.26042355              3.1      -0.38975138   -3.3705193e+09    1.0841377e+09    2.1810976e+09 
     -0.091448588              3.1       -0.4597431   -2.6285829e+09    1.1129597e+10    4.9777268e+08 
       -0.4597431              2.9     -0.091448588    1.7556095e+08   -6.5486758e+09   -7.9375089e+08 
      -0.38975138              2.9      -0.26042355    -2.208818e+08    2.3324314e+09    3.1830078e+08 
      -0.26042355              2.9      -0.38975138   -3.1218143e+08    2.1794706e+09      1.96292e+08 
     -0.091448588              2.9       -0.4597431    7.7638173e+08    1.3281097e+10   -2.2270341e+08 
       -0.4597431              2.7     -0.091448588   -1.2967622e+08   -5.6837846e+09    1.6372087e+08 
      -0.38975138              2.7      -0.26042355    2.5461608e+08    1.3211605e+09   -4.9640316e+08 
      -0.26042355              2.7      -0.38975138    7.3356471e+08    3.9711242e+09   -5.5597892e+08 
     -0.091448588              2.7       -0.4597431    1.7073559e+08    1.2429856e+10        -54952479 
       -0.4597431              2.5     -0.091448588         57006568    -4.769212e+09   -5.7867582e+08 
      -0.38975138              2.5      -0.26042355    8.3944177e+08    3.1393534e+09   -1.3295325e+09 
      -0.26042355              2.5      -0.38975138    1.2838899e+09    3.2011946e+09   -9.0053994e+08 
     -0.091448588              2.5       -0.4597431    5.7253268e+08    1.1774426e+10   -1.3268357e+08 
       -0.4597431              2.3     -0.091448588    4.3158851e+08   -1.5637955e+09   -2.1857756e+09 
      -0.38975138              2.3      -0.26042355     2.135068e+09    3.0475695e+09    -3.200982e+09 
      -0.26042355              2.3      -0.38975138    3.3214305e+09    3.6607667e+09   -2.2227896e+09 
     -0.091448588              2.3       -0.4597431    2.3618294e+09    8.6663365e+09   -4.7272904e+08 
       -0.4597431              2.1     -0.091448588    1.3408795e+08    1.6492703e+09   -6.8903326e+08 
      -0.38975138              2.1      -0.26042355    9.3437021e+08    2.7297388e+09   -1.4034415e+09 
      -0.26042355              2.1      -0.38975138    1.4258535e+09    4.2181318e+09   -9.5592879e+08 
     -0.091448588              2.1       -0.4597431    7.4088246e+08    5.3603769e+09   -1.4997614e+08 
       -0.4597431              1.9     -0.091448588         54829664    2.7496625e+09   -2.8768056e+08 
      -0.38975138              1.9      -0.26042355    3.9196638e+08     3.195538e+09   -5.9075485e+08 
      -0.26042355              1.9      -0.38975138    5.9736644e+08    3.8309429e+09   -4.0182505e+08 
     -0.091448588              1.9       -0.4597431    3.1304947e+08    4.2903962e+09        -64485929 
       -0.4597431              1.7     -0.091448588         21886820    3.2171578e+09   -1.2111558e+08 
      -0.38975138              1.7      -0.26042355    1.6388198e+08    3.4038753e+09   -2.4909562e+08 
      -0.26042355              1.7      -0.38975138    2.5174915e+08    3.6695257e+09   -1.7071185e+08 
     -0.091448588              1.7       -0.4597431    1.3654293e+08    3.8614993e+09        -29240883 
       -0.4597431              1.5     -0.091448588        8311609.8    3.4206828e+09        -51252462 
      -0.38975138              1.5      -0.26042355         68546887    3.4989359e+09   -1.0585293e+08 
      -0.26042355              1.5      -0.38975138    1.0701871e+08    3.6104794e+09        -73633680 
     -0.091448588              1.5       -0.4597431         61117747    3.6917355e+09        -13925168 
       -0.4597431              1.3     -0.091448588        3117958.7    3.5110794e+09        -21905222 
      -0.38975138              1.3      -0.26042355         28988466    3.5440192e+09        -45509129 
      -0.26042355              1.3      -0.38975138         46276765    3.5911623e+09        -32282303 
     -0.091448588              1.3       -0.4597431         28358799    3.6260306e+09         -6759149 
       -0.4597431              1.1     -0.091448588        1027999.2    3.5519867e+09       -9447877.4 
      -0.38975138              1.1      -0.26042355         12268921    3.5659405e+09        -19807974 
      -0.26042355              1.1      -0.38975138         20278074    3.5860439e+09        -14462952 
     -0.091448588              1.1       -0.4597431         13638572    3.6012584e+09       -3455087.6 
       -0.4597431              0.9     -0.091448588        181396.21    3.5714945e+09       -4168755.7 
      -0.38975138              0.9      -0.26042355          5186658     3.577482e+09       -8860213.9 
      -0.26042355              0.9      -0.38975138        9069360.5    3.5861893e+09         -6750622 
     -0.091448588              0.9       -0.4597431        6850097.5    3.5929927e+09       -1921589.9 
       -0.4597431              0.7     -0.091448588       -138288.03    3.5816472e+09       -1901113.6 
      -0.38975138              0.7      -0.26042355        2167664.1    3.5842615e+09       -4120997.6 
      -0.26042355              0.7      -0.38975138        4155589.3    3.5881131e+09         -3329780 
     -0.091448588              0.7       -0.4597431        3599772.7    3.5912527e+09       -1164404.3 
       -0.4597431              0.5     -0.091448588       -237559.59    3.5875117e+09       -910640.08 
      -0.38975138              0.5      -0.26042355        877058.46    3.5886787e+09       -2027044.5 
      -0.26042355              0.5      -0.38975138        1960556.5    3.5904274e+09       -1763959.2 
     -0.091448588              0.5       -0.4597431        1981091.4    3.5919287e+09       -763986.97 
       -0.4597431              0.3     -0.091448588        -245414.6    3.5912676e+09       -470613.87 
      -0.38975138              0.3      -0.26042355        332911.35    3.5918014e+09       -1081333.1 
      -0.26042355              0.3      -0.38975138        967394.83    3.5926168e+09         -1021259 
     -0.091448588              0.3       -0.4597431        1149909.7    3.5933573e+09       -536835.51 
       -0.4597431              0.1     -0.091448588        -215147.7    3.5938787e+09       -273597.54 
      -0.38975138              0.1      -0.26042355        119420.85     3.594127e+09       -647968.51 
      -0.26042355              0.1      -0.38975138        524816.56    3.5945123e+09       -657645.86 
     -0.091448588              0.1       -0.4597431        722108.76    3.5948801e+09       -399159.45 
       -0.4597431             -0.1     -0.091448588       -168076.13    3.5957837e+09       -187917.59 
      -0.38975138             -0.1      -0.26042355        59068.139    3.5958977e+09        -453006.6 
      -0.26042355             -0.1      -0.38975138        349059.57    3.5960738e+09       -478289.07 
     -0.091448588             -0.1       -0.4597431        518048.91     3.596244e+09       -310960.56 
       -0.4597431             -0.3     -0.091448588       -111986.75    3.5971864e+09       -155803.02 
      -0.38975138             -0.3      -0.26042355        75122.079    3.5972345e+09       -375415.41 
      -0.26042355             -0.3      -0.38975138        314223.68    3.5973019e+09       -395231.02 
     -0.091448588             -0.3       -0.4597431         452530.3    3.5973557e+09       -252212.64 
       -0.4597431             -0.5     -0.091448588       -48882.794    3.5981738e+09       -149492.93 
      -0.38975138             -0.5      -0.26042355        132516.53    3.5981931e+09       -356822.05 
      -0.26042355             -0.5      -0.38975138        361557.32    3.5982048e+09       -365559.19 
     -0.091448588             -0.5       -0.4597431        486058.27    3.5981826e+09       -212115.72 
       -0.4597431             -0.7     -0.091448588         21678.75    3.5987578e+09       -149437.98 
      -0.38975138             -0.7      -0.26042355        209028.02    3.5987828e+09       -356541.27 
      -0.26042355             -0.7      -0.38975138        454880.31    3.5987863e+09       -360323.95 
     -0.091448588             -0.7       -0.4597431        601007.89    3.5987178e+09       -183212.14 
       -0.4597431             -0.9     -0.091448588        101000.14    3.5988619e+09       -126054.57 
      -0.38975138             -0.9      -0.26042355        272555.91    3.5989569e+09       -313719.44 
      -0.26042355             -0.9      -0.38975138        545050.92    3.5990402e+09       -337991.87 
     -0.091448588             -0.9       -0.4597431        784121.21    3.5989773e+09       -155391.01 
       -0.4597431             -1.1     -0.091448588        190799.89    3.5982266e+09       -5610.9201 
      -0.38975138             -1.1      -0.26042355        241948.11    3.5985525e+09       -76609.146 
      -0.26042355             -1.1      -0.38975138        508113.57    3.5989394e+09       -194221.06 
     -0.091448588             -1.1       -0.4597431         998053.4    3.5990226e+09       -102216.85 
       -0.4597431             -1.3     -0.091448588        296161.53    3.5961032e+09        419117.05 
      -0.38975138             -1.3      -0.26042355       -107333.94    3.5970977e+09        778333.59 
      -0.26042355             -1.3      -0.38975138        283.99295    3.5983892e+09           364355 
     -0.091448588             -1.3       -0.4597431          1116947    3.5990048e+09        58304.626 
       -0.4597431             -1.5     -0.091448588        386099.86    3.5910906e+09        1339923.6 
      -0.38975138             -1.5      -0.26042355       -1023398.8    3.5937166e+09          2643352 
      -0.26042355             -1.5      -0.38975138       -1331609.4    3.5972358e+09        1594986.5 
     -0.091448588             -1.5       -0.4597431        1041744.3    3.5992512e+09        367990.79 
       -0.4597431             -1.7     -0.091448588       -53322.203    3.5812179e+09        3847212.4 
      -0.38975138             -1.7      -0.26042355       -4290867.1    3.5879347e+09        7647121.8 
      -0.26042355             -1.7      -0.38975138       -5862386.9     3.596985e+09        4706260.3 
     -0.091448588             -1.7       -0.4597431       -236806.68    3.6025717e+09        697937.01 
       -0.4597431             -1.9     -0.091448588       -1355622.1    3.5614894e+09         10166004 
      -0.38975138             -1.9      -0.26042355        -12683150     3.578878e+09         20127768 
      -0.26042355             -1.9      -0.38975138        -17465377    3.6017323e+09         12406845 
     -0.091448588             -1.9       -0.4597431       -4335320.8    3.6160794e+09        1469287.8 
       -0.4597431             -2.1     -0.091448588       -4781653.2      3.51544e+09         27477659 
      -0.38975138             -2.1      -0.26042355        -33894982    3.5644605e+09         51899825 
      -0.26042355             -2.1      -0.38975138        -45546818     3.618115e+09         31183192 
     -0.091448588             -2.1       -0.4597431        -15510909    3.6533531e+09        3700216.3 
       -0.4597431             -2.3     -0.091448588        -27381509    3.3238285e+09    1.4081791e+08 
      -0.38975138             -2.3      -0.26042355        -80019858    3.7085505e+09    1.2087345e+08 
      -0.26042355             -2.3      -0.38975138        -91795824    3.5106752e+09         62035886 
     -0.091448588             -2.3       -0.4597431        -98578327    3.8071536e+09         20195818 
       -0.4597431             -2.5     -0.091448588         11186797     3.184333e+09        -28452360 
      -0.38975138             -2.5      -0.26042355    1.4439858e+08    4.0674721e+09   -2.0947852e+08 
      -0.26042355             -2.5      -0.38975138    2.4735394e+08    3.2119588e+09   -1.6058159e+08 
     -0.091448588             -2.5       -0.4597431         81684909    3.8659667e+09        -13745441 
       -0.4597431             -2.7     -0.091448588    1.9077699e+08    4.1868796e+09   -9.1460673e+08 
      -0.38975138             -2.7      -0.26042355    1.0150549e+09    4.2133142e+09   -1.5097215e+09 
      -0.26042355             -2.7      -0.38975138    1.3252466e+09    2.8039884e+09   -8.7846333e+08 
     -0.091448588             -2.7       -0.4597431    7.2586281e+08    3.0635499e+09   -1.4137889e+08 
       -0.4597431             -2.9     -0.091448588         14619105    4.2205317e+09     4.910214e+08 
      -0.38975138             -2.9      -0.26042355   -4.8828335e+08    3.8738311e+09    8.5905221e+08 
      -0.26042355             -2.9      -0.38975138   -8.0574869e+08    2.3183667e+09    6.1148153e+08 
     -0.091448588             -2.9       -0.4597431   -5.0682088e+08    2.7337889e+09    1.3551861e+08 
       -0.4597431             -3.1     -0.091448588    1.2254025e+08    2.8238689e+09         92799955 
      -0.38975138             -3.1      -0.26042355        -74072651    3.2348864e+09    2.7429785e+08 
      -0.26042355             -3.1      -0.38975138    -1.635533e+08    1.9976805e+09    1.9971046e+08 
     -0.091448588             -3.1       -0.4597431        -42758504    3.0943157e+09         45455606 
       -0.4597431             -3.3     -0.091448588    2.0760472e+08     2.102022e+09   -2.3438767e+08 
      -0.38975138             -3.3      -0.26042355    3.0593754e+08    2.3663099e+09   -2.7118926e+08 
      -0.26042355             -3.3      -0.38975138    3.6184555e+08    1.7299989e+09   -1.3870036e+08 
     -0.091448588             -3.3       -0.4597431    2.6290073e+08    2.6372531e+09        -14056363 
       -0.4597431             -3.5     -0.091448588    2.2963664e+08    1.7899229e+09   -3.1906805e+08 
      -0.38975138             -3.5      -0.26042355    4.8430749e+08    1.5693521e+09   -5.3143392e+08 
      -0.26042355             -3.5      -0.38975138    6.3984352e+08    1.2679339e+09   -3.2038464e+08 
     -0.091448588             -3.5       -0.4597431     3.789424e+08     1.745243e+09        -38324290 
       -0.4597431             -3.7     -0.091448588    2.5425043e+08    1.7318802e+09   -4.4596001e+08 
      -0.38975138             -3.7      -0.26042355    6.6108638e+08    9.4440949e+08   -7.9442596e+08 
      -0.26042355             -3.7      -0.38975138    9.9894664e+08     7.469388e+08   -5.5866372e+08 
     -0.091448588             -3.7       -0.4597431    6.3115021e+08    4.7680956e+08        -89515863 
       -0.4597431             -3.9     -0.091448588    3.6894367e+08     2.514676e+09    -1.049895e+09 
      -0.38975138             -3.9      -0.26042355    7.7797187e+08   -7.4422718e+08   -9.7003716e+08 
      -0.26042355             -3.9      -0.38975138    1.3008724e+09    1.5738619e+09   -7.6015487e+08 
     -0.091448588             -3.9       -0.4597431    1.3684874e+09   -1.9158289e+09   -2.3304432e+08 
       -0.4597431             -4.1     -0.091448588     -2.12229e+08    2.0445867e+09    1.0800674e+09 
      -0.38975138             -4.1      -0.26042355   -5.7987424e+08   -8.9940166e+08    8.7162093e+08 
      -0.26042355             -4.1      -0.38975138   -9.8716429e+08     1.212859e+09    6.6145029e+08 
     -0.091448588             -4.1       -0.4597431   -1.2111274e+09   -2.1897643e+09    2.4185635e+08 
       -0.4597431             -4.3     -0.091448588        -40184145    5.9990223e+08     2.101416e+08 
      -0.38975138             -4.3      -0.26042355   -2.8193245e+08    2.5702751e+08     4.242809e+08 
      -0.26042355             -4.3      -0.38975138    -4.509557e+08   -1.5277267e+08      3.02383e+08 
     -0.091448588             -4.3       -0.4597431   -2.5603791e+08   -5.7832854e+08         51534794 
       -0.4597431             -4.5     -0.091448588        -16008629    2.5257222e+08         86714777 
      -0.38975138             -4.5      -0.26042355   -1.2141329e+08    1.2046491e+08    1.8350217e+08 
      -0.26042355             -4.5      -0.38975138   -1.8951032e+08        -74401264    1.2745802e+08 
     -0.091448588             -4.5       -0.4597431   -1.0252948e+08   -2.2139596e+08         20883186 
       -0.4597431             -4.7     -0.091448588         -6801208    1.0193033e+08         39035589 
      -0.38975138             -4.7      -0.26042355        -54114579         49627488         82381243 
      -0.26042355             -4.7      -0.38975138        -84620177        -26298777         57189465 
     -0.091448588             -4.7       -0.4597431        -47500011        -82155818        9832039.7 
       -0.4597431             -4.9     -0.091448588         -3328618         28008229         20651182 
      -0.38975138             -4.9      -0.26042355        -28490922         14313931         43759892 
      -0.26042355             -4.9      -0.38975138        -45149842       -5504084.3         30682437 
     -0.091448588             -4.9       -0.4597431        -26694347        -19999134        5607384.1 

