%             X (in)              Y (in)              Z (in)         RealPolX         RealPolY         RealPolZ
      0.091448588              4.9        0.4597431         293000.2        -45860985       -3991245.4 
      0.091448588              4.7        0.4597431        446948.34        -71899774       -3250231.7 
      0.091448588              4.5        0.4597431        739807.23        -86584701       -2817413.7 
      0.091448588              4.3        0.4597431        1276517.9        -95359534       -2246027.3 
      0.091448588              4.1        0.4597431        2380016.8        -95272758        -755994.4 
      0.091448588              3.9        0.4597431        9130347.1        -47794705        8523464.6 
      0.091448588              3.7        0.4597431        7223157.9        1290182.5         -2335780 
      0.091448588              3.5        0.4597431        7622680.6         16414948       -2956879.2 
      0.091448588              3.3        0.4597431        8517546.6         31605606       -3135435.9 
      0.091448588              3.1        0.4597431        8097230.3         49656667       -2041024.8 
      0.091448588              2.9        0.4597431        4771589.4         31699064        -13305248 
      0.091448588              2.7        0.4597431        6141620.7         47551593         19765434 
      0.091448588              2.5        0.4597431        3596967.1    1.6912844e+08         17000621 
      0.091448588              2.3        0.4597431        1083165.3    2.2099936e+08        3317073.9 
      0.091448588              2.1        0.4597431        759084.22    2.4463464e+08        3750742.5 
      0.091448588              1.9        0.4597431        703108.16      2.67922e+08        3785811.7 
      0.091448588              1.7        0.4597431        826551.28    2.9258395e+08        4286621.2 
      0.091448588              1.5        0.4597431        770202.43     3.178512e+08        3730823.8 
      0.091448588              1.3        0.4597431           294288    3.3286035e+08        1082694.5 
      0.091448588              1.1        0.4597431        45541.041    3.3545864e+08       -273097.29 
      0.091448588              0.9        0.4597431       -34298.986    3.3313261e+08          -630849 
      0.091448588              0.7        0.4597431        -59364.05    3.2974759e+08       -637942.37 
      0.091448588              0.5        0.4597431       -62723.499    3.2665425e+08       -510333.26 
      0.091448588              0.3        0.4597431       -55119.912    3.2438057e+08       -326259.08 
      0.091448588              0.1        0.4597431       -41242.556    3.2315005e+08        -118811.1 
      0.091448588             -0.1        0.4597431       -23934.144    3.2304803e+08        94816.461 
      0.091448588             -0.3        0.4597431       -5503.7289    3.2407475e+08        301470.02 
      0.091448588             -0.5        0.4597431        11534.041    3.2614549e+08        483980.38 
      0.091448588             -0.7        0.4597431        23197.854     3.290382e+08        609362.71 
      0.091448588             -0.9        0.4597431        19945.034    3.3222855e+08        599764.93 
      0.091448588             -1.1        0.4597431       -29401.924    3.3437569e+08           240577 
      0.091448588             -1.3        0.4597431       -236073.27    3.3164309e+08       -1111057.8 
      0.091448588             -1.5        0.4597431       -656406.38    3.1660272e+08       -3746701.3 
      0.091448588             -1.7        0.4597431       -645303.82    2.9140645e+08       -4305021.7 
      0.091448588             -1.9        0.4597431       -430197.78    2.6686164e+08       -3818036.7 
      0.091448588             -2.1        0.4597431       -334360.54    2.4377941e+08       -3803572.2 
      0.091448588             -2.3        0.4597431       -260743.61    2.2068359e+08       -3493162.6 
      0.091448588             -2.5        0.4597431       -2875530.4    1.7464181e+08        -14336211 
      0.091448588             -2.7        0.4597431       -4298889.9         81285606        -13841201 
      0.091448588             -2.9        0.4597431         -2827342         51082051        4198162.1 
      0.091448588             -3.1        0.4597431       -5390711.9         47263168        1871683.1 
      0.091448588             -3.3        0.4597431       -5523459.8         31191557        2178696.3 
      0.091448588             -3.5        0.4597431       -4728704.6         16105698        2200712.1 
      0.091448588             -3.7        0.4597431       -4394558.4        1233681.6        1617673.9 
      0.091448588             -3.9        0.4597431       -6306699.2        -47275614       -9131081.8 
      0.091448588             -4.1        0.4597431       -815212.45        -93978813        458257.48 
      0.091448588             -4.3        0.4597431       -222321.85        -94076288        2012439.8 
      0.091448588             -4.5        0.4597431        10114.346        -85442179        2637889.2 
      0.091448588             -4.7        0.4597431        130473.28        -70967312        3099176.6 
      0.091448588             -4.9        0.4597431        205159.71        -45277489        3846164.6 
       0.26042355              4.9       0.38975138        962007.05        -45712164       -4967780.3 
       0.26042355              4.7       0.38975138        1506204.3        -72188833       -4357459.3 
       0.26042355              4.5       0.38975138        2415009.7        -87253633       -4282961.6 
       0.26042355              4.3       0.38975138        3987355.4        -96704809       -4425419.7 
       0.26042355              4.1       0.38975138          7402393        -98234697       -4777818.8 
       0.26042355              3.9       0.38975138         20940374        -50296597        2541684.6 
       0.26042355              3.7       0.38975138         16053267        541033.17       -8075736.3 
       0.26042355              3.5       0.38975138         16506687         15913708       -8844153.1 
       0.26042355              3.3       0.38975138         17443477         31911990         -8647761 
       0.26042355              3.1       0.38975138         16417014         51739968       -6935642.6 
       0.26042355              2.9       0.38975138        7154141.2         38887013        -13886936 
       0.26042355              2.7       0.38975138         17242613         57167136         12076830 
       0.26042355              2.5       0.38975138         12023133    1.7213977e+08         12481199 
       0.26042355              2.3       0.38975138        3368061.3    2.2249969e+08        1978189.7 
       0.26042355              2.1       0.38975138        2749728.4    2.4501629e+08        2810388.1 
       0.26042355              1.9       0.38975138        2509080.1    2.6801242e+08        2994437.2 
       0.26042355              1.7       0.38975138          2742660    2.9256715e+08        3458767.9 
       0.26042355              1.5       0.38975138        2477196.7    3.1779223e+08        2978864.3 
       0.26042355              1.3       0.38975138        1041826.1    3.3282411e+08        719031.45 
       0.26042355              1.1       0.38975138        278434.18    3.3547347e+08       -431205.11 
       0.26042355              0.9       0.38975138         20773.86    3.3318074e+08       -711562.66 
       0.26042355              0.7       0.38975138       -66672.668    3.2980959e+08       -680732.12 
       0.26042355              0.5       0.38975138       -86729.643    3.2671947e+08       -530534.34 
       0.26042355              0.3       0.38975138       -75009.259    3.2444465e+08       -331662.82 
       0.26042355              0.1       0.38975138       -47591.068    3.2321192e+08       -113676.02 
       0.26042355             -0.1       0.38975138       -14283.385    3.2310786e+08        108714.79 
       0.26042355             -0.3       0.38975138        16703.216    3.2413257e+08        324590.01 
       0.26042355             -0.5       0.38975138         35819.66    3.2619982e+08        519174.76 
       0.26042355             -0.7       0.38975138        27561.329    3.2908397e+08        662826.09 
       0.26042355             -0.9       0.38975138        -42639.23    3.3225402e+08         684906.9 
       0.26042355             -1.1       0.38975138       -275665.06    3.3435992e+08        394380.45 
       0.26042355             -1.3       0.38975138       -1002956.6    3.3156674e+08        -763998.3 
       0.26042355             -1.5       0.38975138       -2387778.8    3.1649231e+08       -3028281.7 
       0.26042355             -1.7       0.38975138       -2598120.8    2.9132003e+08       -3531403.6 
       0.26042355             -1.9       0.38975138         -2290008      2.66842e+08         -3111282 
       0.26042355             -2.1       0.38975138       -2397746.7    2.4392861e+08       -3004618.6 
       0.26042355             -2.3       0.38975138       -2724510.5    2.2120805e+08         -2412106 
       0.26042355             -2.5       0.38975138        -10684812    1.7589797e+08        -10666427 
       0.26042355             -2.7       0.38975138        -13834653         85100980       -8416070.9 
       0.26042355             -2.9       0.38975138       -8021937.8         54818749        6930844.6 
       0.26042355             -3.1       0.38975138        -13644122         49058741        6087206.9 
       0.26042355             -3.3       0.38975138        -14695117         31316032        7155160.9 
       0.26042355             -3.5       0.38975138        -13911146         15585152        7430771.7 
       0.26042355             -3.7       0.38975138        -13594496        519308.24        6703481.7 
       0.26042355             -3.9       0.38975138        -18344553        -49456267       -3738255.1 
       0.26042355             -4.1       0.38975138       -6093323.3        -96367052          3936736 
       0.26042355             -4.3       0.38975138       -3153949.8        -95044725        3858294.8 
       0.26042355             -4.5       0.38975138       -1831507.1        -85894871        3870831.6 
       0.26042355             -4.7       0.38975138       -1063187.1        -71143665          4029689 
       0.26042355             -4.9       0.38975138       -583879.37        -45096895          4670350 
       0.38975138              4.9       0.26042355       -595753.14        -45503945       -4898073.6 
       0.38975138              4.7       0.26042355        190845.69        -72628034       -4498309.7 
       0.38975138              4.5       0.26042355        1121704.7        -88247251       -4708175.4 
       0.38975138              4.3       0.26042355        2538865.9        -98730466       -5393931.8 
       0.38975138              4.1       0.26042355        5550425.1    -1.041761e+08       -7310156.7 
       0.38975138              3.9       0.26042355         22506137        -55132121       -5663446.5 
       0.38975138              3.7       0.26042355         13034986        -106207.8        -13207090 
       0.38975138              3.5       0.26042355         13102551         15259888        -13893818 
       0.38975138              3.3       0.26042355         13849293         32562786        -13467418 
       0.38975138              3.1       0.26042355         13321131         55028349        -11354498 
       0.38975138              2.9       0.26042355        1080239.3         44260906        -13531151 
       0.38975138              2.7       0.26042355         21356873         62173396        3920907.7 
       0.38975138              2.5       0.26042355         16889066    1.7498343e+08        6022469.6 
       0.38975138              2.3       0.26042355        3741252.2    2.2381237e+08        850273.78 
       0.38975138              2.1       0.26042355        3702302.7    2.4550715e+08        1519144.3 
       0.38975138              1.9       0.26042355        3557015.3    2.6817707e+08        1759301.2 
       0.38975138              1.7       0.26042355        3942999.1    2.9257691e+08        2111318.6 
       0.38975138              1.5       0.26042355        3518896.6    3.1773221e+08        1787975.6 
       0.38975138              1.3       0.26042355        1339704.1    3.3279066e+08        268157.08 
       0.38975138              1.1       0.26042355        186721.56    3.3550966e+08       -497560.67 
       0.38975138              0.9       0.26042355       -175099.82    3.3326225e+08       -659713.96 
       0.38975138              0.7       0.26042355       -261709.55    3.2990963e+08       -601079.32 
       0.38975138              0.5       0.26042355       -239666.24    3.2682364e+08       -458019.83 
       0.38975138              0.3       0.26042355       -168804.33    3.2454741e+08       -281758.77 
       0.38975138              0.1       0.26042355        -75649.74    3.2331226e+08       -93326.389 
       0.38975138             -0.1       0.26042355        24607.218    3.2320655e+08        97460.291 
       0.38975138             -0.3       0.26042355        119658.07    3.2423029e+08        283675.27 
       0.38975138             -0.5       0.26042355        194477.77    3.2629528e+08        455421.06 
       0.38975138             -0.7       0.26042355        222931.87    3.2917111e+08        591535.78 
       0.38975138             -0.9       0.26042355        145993.61    3.3231769e+08        640725.95 
       0.38975138             -1.1       0.26042355       -201067.39    3.3437239e+08        467023.28 
       0.38975138             -1.3       0.26042355         -1329447    3.3150248e+08       -310198.08 
       0.38975138             -1.5       0.26042355       -3471123.4     3.163924e+08       -1840826.9 
       0.38975138             -1.7       0.26042355       -3863460.7    2.9127442e+08       -2190764.2 
       0.38975138             -1.9       0.26042355       -3441655.9    2.6692027e+08       -1883769.3 
       0.38975138             -2.1       0.26042355       -3533994.5    2.4427285e+08       -1705859.5 
       0.38975138             -2.3       0.26042355       -3591704.6    2.2247598e+08       -1076371.8 
       0.38975138             -2.5       0.26042355        -14747928    1.7854007e+08         -5188646 
       0.38975138             -2.7       0.26042355        -16880842         89052229       -1912190.4 
       0.38975138             -2.9       0.26042355       -5654864.3         59520286        9064481.5 
       0.38975138             -3.1       0.26042355        -11649892         52261804        9906507.4 
       0.38975138             -3.3       0.26042355        -12420649         31795042         11521762 
       0.38975138             -3.5       0.26042355        -11695553         14984684         11960543 
       0.38975138             -3.7       0.26042355        -11711276       -76782.352         11341533 
       0.38975138             -3.9       0.26042355        -20835100        -54030266        3683088.8 
       0.38975138             -4.1       0.26042355       -4840203.9   -1.0172575e+08        6361404.4 
       0.38975138             -4.3       0.26042355       -2136624.6        -96757984        4801698.3 
       0.38975138             -4.5       0.26042355       -844645.98        -86708784        4282424.3 
       0.38975138             -4.7       0.26042355        13693.836        -71490468        4163220.7 
       0.38975138             -4.9       0.26042355        763152.69        -44865373        4596790.3 
        0.4597431              4.9      0.091448588       -2581872.7        -45348875       -2118029.7 
        0.4597431              4.7      0.091448588       -1677753.5        -72923317       -1975465.4 
        0.4597431              4.5      0.091448588       -939222.08        -88916850       -2105618.3 
        0.4597431              4.3      0.091448588       -58236.878   -1.0015231e+08       -2487158.2 
        0.4597431              4.1      0.091448588        1518494.8   -1.0767959e+08       -3475060.6 
        0.4597431              3.9      0.091448588         21463857        -57917978       -5875628.8 
        0.4597431              3.7      0.091448588        8056095.5       -649361.05       -7822585.2 
        0.4597431              3.5      0.091448588        7840936.2         15036744       -8135862.4 
        0.4597431              3.3      0.091448588        8897501.6         33200862       -8006834.7 
        0.4597431              3.1      0.091448588        9111453.2         57198532       -6858516.7 
        0.4597431              2.9      0.091448588       -4400904.3         46417923         -6354201 
        0.4597431              2.7      0.091448588         21746582         62849523       -186116.93 
        0.4597431              2.5      0.091448588         18345272    1.7547531e+08          1255119 
        0.4597431              2.3      0.091448588        3636922.9    2.2392286e+08        292730.96 
        0.4597431              2.1      0.091448588        3952291.7    2.4577194e+08         452977.6 
        0.4597431              1.9      0.091448588        3939543.1    2.6829086e+08        556207.56 
        0.4597431              1.7      0.091448588        4440153.2    2.9258872e+08        689334.64 
        0.4597431              1.5      0.091448588        3930917.5    3.1769343e+08        575249.61 
        0.4597431              1.3      0.091448588        1344370.5    3.3277016e+08        39274.057 
        0.4597431              1.1      0.091448588       -16286.945    3.3553857e+08       -228654.46 
        0.4597431              0.9      0.091448588        -415895.8    3.3332301e+08       -279005.33 
        0.4597431              0.7      0.091448588       -474469.39    3.2998324e+08       -248640.13 
        0.4597431              0.5      0.091448588       -398768.36    3.2690003e+08       -187499.47 
        0.4597431              0.3      0.091448588       -264516.03    3.2462277e+08       -114552.77 
        0.4597431              0.1      0.091448588       -104769.32    3.2338601e+08       -37488.227 
        0.4597431             -0.1      0.091448588         62403.47    3.2327938e+08         40265.38 
        0.4597431             -0.3      0.091448588        222767.94    3.2430283e+08        116383.97 
        0.4597431             -0.5      0.091448588        358358.07    3.2636678e+08        187403.68 
        0.4597431             -0.7      0.091448588        436387.18    3.2923753e+08         245577.2 
        0.4597431             -0.9      0.091448588        381785.58    3.3236859e+08        271893.77 
        0.4597431             -1.1      0.091448588       -10462.821     3.343883e+08        216535.14 
        0.4597431             -1.3      0.091448588       -1355295.8    3.3146526e+08       -56622.693 
        0.4597431             -1.5      0.091448588       -3914734.4    3.1633196e+08       -597916.84 
        0.4597431             -1.7      0.091448588       -4409719.2    2.9125638e+08       -723419.02 
        0.4597431             -1.9      0.091448588       -3900633.6     2.669931e+08       -608200.19 
        0.4597431             -2.1      0.091448588       -3900336.9    2.4451197e+08       -521596.45 
        0.4597431             -2.3      0.091448588       -3630527.5    2.2274507e+08        -334171.7 
        0.4597431             -2.5      0.091448588        -15925562    1.7929041e+08       -1099124.6 
        0.4597431             -2.7      0.091448588        -16653388         90496238        779788.11 
        0.4597431             -2.9      0.091448588       -1970268.6         61983195        4867136.3 
        0.4597431             -3.1      0.091448588         -7988004         54244169          6022789 
        0.4597431             -3.3      0.091448588         -8063224         32324094        6850498.1 
        0.4597431             -3.5      0.091448588       -7054589.9         14774338          6976768 
        0.4597431             -3.7      0.091448588       -7353293.9        -551476.1        6728267.3 
        0.4597431             -3.9      0.091448588        -20281933        -56757441        4603126.5 
        0.4597431             -4.1      0.091448588       -1338151.3   -1.0492339e+08        3060702.3 
        0.4597431             -4.3      0.091448588         121539.9        -97998147        2231757.7 
        0.4597431             -4.5      0.091448588        976839.89        -87276658        1923289.3 
        0.4597431             -4.7      0.091448588        1696716.4        -71733783        1832380.7 
        0.4597431             -4.9      0.091448588        2584904.4        -44698257        1989625.5 
     -0.091448588             -4.9        0.4597431        1991331.5        -45342682        4270749.7 
     -0.091448588             -4.7        0.4597431        2361652.4        -71192229        3581672.5 
     -0.091448588             -4.5        0.4597431        3147174.5        -85869483        3250861.8 
     -0.091448588             -4.3        0.4597431        4544793.3        -94798393        2854331.7 
     -0.091448588             -4.1        0.4597431        7085858.4        -95313521        1676138.1 
     -0.091448588             -3.9        0.4597431         15604162        -48130991       -7656854.8 
     -0.091448588             -3.7        0.4597431         13971582        1290479.1        3306125.7 
     -0.091448588             -3.5        0.4597431         14109449         16280943          3855904 
     -0.091448588             -3.3        0.4597431         14361251         31572418        3738594.8 
     -0.091448588             -3.1        0.4597431         13193076         47896847        3261578.2 
     -0.091448588             -2.9        0.4597431        9174050.4         51765118          5380309 
     -0.091448588             -2.7        0.4597431        9415033.2         81878315        -12888081 
     -0.091448588             -2.5        0.4597431        6555733.9    1.7522323e+08        -13660643 
     -0.091448588             -2.3        0.4597431        2636936.8    2.2111979e+08         -3032808 
     -0.091448588             -2.1        0.4597431        2008392.2    2.4405537e+08       -3481120.8 
     -0.091448588             -1.9        0.4597431        1629354.2    2.6704868e+08       -3588161.2 
     -0.091448588             -1.7        0.4597431        1519820.4    2.9153672e+08       -4138777.6 
     -0.091448588             -1.5        0.4597431        1298085.6    3.1669911e+08       -3625645.1 
     -0.091448588             -1.3        0.4597431        701338.46    3.3171707e+08       -1023072.1 
     -0.091448588             -1.1        0.4597431        358672.37    3.3443268e+08         302998.4 
     -0.091448588             -0.9        0.4597431        203854.29    3.3227325e+08        642276.05 
     -0.091448588             -0.7        0.4597431        116755.25    3.2907425e+08        636086.76 
     -0.091448588             -0.5        0.4597431        59767.085    3.2617544e+08        497835.88 
     -0.091448588             -0.3        0.4597431        18886.851    3.2410039e+08        304516.88 
     -0.091448588             -0.1        0.4597431       -12990.521    3.2307063e+08        88508.077 
     -0.091448588              0.1        0.4597431       -40663.645    3.2317055e+08       -133465.88 
     -0.091448588              0.3        0.4597431       -68255.511    3.2439979e+08       -348604.81 
     -0.091448588              0.5        0.4597431       -100248.28    3.2667299e+08       -540034.76 
     -0.091448588              0.7        0.4597431       -143075.64    3.2976675e+08       -675007.29 
     -0.091448588              0.9        0.4597431       -209661.14    3.3315343e+08       -675717.63 
     -0.091448588              1.1        0.4597431       -336176.35    3.3548296e+08       -326831.75 
     -0.091448588              1.3        0.4597431       -641586.87    3.3289111e+08        1018059.3 
     -0.091448588              1.5        0.4597431       -1191981.8    3.1789321e+08        3651677.3 
     -0.091448588              1.7        0.4597431         -1353708    2.9264527e+08        4186657.8 
     -0.091448588              1.9        0.4597431       -1387879.2    2.6801511e+08        3654756.8 
     -0.091448588              2.1        0.4597431       -1684744.7     2.447767e+08        3572571.8 
     -0.091448588              2.3        0.4597431         -2374328    2.2122991e+08        3067028.9 
     -0.091448588              2.5        0.4597431       -5572142.1     1.694391e+08         16636899 
     -0.091448588              2.7        0.4597431       -8884564.5         47876466         19249719 
     -0.091448588              2.9        0.4597431       -8208892.8         32069414        -13953584 
     -0.091448588              3.1        0.4597431        -12327518         49995957       -2811534.6 
     -0.091448588              3.3        0.4597431        -13314948         31808504       -4003291.9 
     -0.091448588              3.5        0.4597431        -12695607         16502492         -3874239 
     -0.091448588              3.7        0.4597431        -12389844        1321036.3         -3269008 
     -0.091448588              3.9        0.4597431        -14178415        -48248739        7690001.9 
     -0.091448588              4.1        0.4597431       -5748609.8        -95986841       -1409508.5 
     -0.091448588              4.3        0.4597431       -3608103.8        -95741664       -2699294.8 
     -0.091448588              4.5        0.4597431       -2459768.9        -86807662         -3150455 
     -0.091448588              4.7        0.4597431       -1823156.8        -72014510       -3515787.5 
     -0.091448588              4.9        0.4597431       -1522866.9        -45891078       -4227969.5 
      -0.26042355             -4.9       0.38975138          2186349        -45281632        5698595.1 
      -0.26042355             -4.7       0.38975138        2878248.8        -71783066        5196823.3 
      -0.26042355             -4.5       0.38975138        4123749.6        -87106652        5350471.9 
      -0.26042355             -4.3       0.38975138        6270385.9        -97074873        5879433.9 
      -0.26042355             -4.1       0.38975138         10513952        -99568377        6796083.4 
      -0.26042355             -3.9       0.38975138         25110781        -51546037       -549739.33 
      -0.26042355             -3.7       0.38975138         20369933        418878.33         10480716 
      -0.26042355             -3.5       0.38975138         20573284         16029827         11180306 
      -0.26042355             -3.3       0.38975138         21021398         32312439         10685954 
      -0.26042355             -3.1       0.38975138         19278326         50677098        9239410.3 
      -0.26042355             -2.9       0.38975138         12602053         56619740        9651385.2 
      -0.26042355             -2.7       0.38975138         17542191         86695916       -6211296.2 
      -0.26042355             -2.5       0.38975138         13381547    1.7739821e+08         -9088237 
      -0.26042355             -2.3       0.38975138        4450122.1    2.2236546e+08       -1299860.4 
      -0.26042355             -2.1       0.38975138        3616192.4    2.4471629e+08       -2225945.3 
      -0.26042355             -1.9       0.38975138        3164491.1    2.6737463e+08       -2556120.4 
      -0.26042355             -1.7       0.38975138        3238096.1    2.9169089e+08       -3129777.7 
      -0.26042355             -1.5       0.38975138        2859095.7    3.1676662e+08       -2735628.9 
      -0.26042355             -1.3       0.38975138        1344890.3    3.3177732e+08       -551092.96 
      -0.26042355             -1.1       0.38975138        517749.32    3.3452231e+08        545576.38 
      -0.26042355             -0.9       0.38975138        207200.76    3.3238146e+08        787949.59 
      -0.26042355             -0.7       0.38975138        75217.247    3.2918678e+08        727637.04 
      -0.26042355             -0.5       0.38975138        16251.274    3.2628526e+08        552800.23 
      -0.26042355             -0.3       0.38975138       -7492.0623    3.2420571e+08        332014.49 
      -0.26042355             -0.1       0.38975138       -13781.363    3.2317231e+08        93460.443 
      -0.26042355              0.1       0.38975138        -13824.23     3.232704e+08       -149161.46 
      -0.26042355              0.3       0.38975138       -17149.706    3.2449948e+08       -385786.69 
      -0.26042355              0.5       0.38975138       -34756.133    3.2677289e+08       -602478.62 
      -0.26042355              0.7       0.38975138       -83983.018    3.2986422e+08       -770506.19 
      -0.26042355              0.9       0.38975138       -202003.64    3.3324007e+08       -820215.52 
      -0.26042355              1.1       0.38975138       -493835.68     3.355427e+08       -561271.82 
      -0.26042355              1.3       0.38975138       -1298386.8    3.3291162e+08        562693.79 
      -0.26042355              1.5       0.38975138       -2787493.9    3.1791174e+08        2787576.7 
      -0.26042355              1.7       0.38975138         -3128697    2.9274167e+08          3217313 
      -0.26042355              1.9       0.38975138       -3008646.3    2.6827752e+08        2677982.8 
      -0.26042355              2.1       0.38975138       -3423465.6    2.4542165e+08        2380226.1 
      -0.26042355              2.3       0.38975138       -4304744.9    2.2310611e+08        1374669.6 
      -0.26042355              2.5       0.38975138        -13470773    1.7293287e+08         11635451 
      -0.26042355              2.7       0.38975138        -19219294         58060614         10894170 
      -0.26042355              2.9       0.38975138       -9632717.3         39878233        -15328394 
      -0.26042355              3.1       0.38975138        -19462070         52614724         -8621328 
      -0.26042355              3.3       0.38975138        -20883903         32458559        -10539612 
      -0.26042355              3.5       0.38975138        -20122793         16146409        -10859426 
      -0.26042355              3.7       0.38975138        -19718065           487274        -10105713 
      -0.26042355              3.9       0.38975138        -24629549        -51411239        827656.29 
      -0.26042355              4.1       0.38975138       -9761458.4        -99945391       -6300231.6 
      -0.26042355              4.3       0.38975138       -5663403.6        -97774574       -5510323.8 
      -0.26042355              4.5       0.38975138       -3661378.3        -87884679       -5085052.8 
      -0.26042355              4.7       0.38975138       -2507179.8        -72514547       -4998476.6 
      -0.26042355              4.9       0.38975138       -1858351.9        -45797406       -5539806.9 
      -0.38975138             -4.9       0.26042355       -6916.8583        -45139867          5629920 
      -0.38975138             -4.7       0.26042355        839479.66        -72445011        5333963.8 
      -0.38975138             -4.5       0.26042355        1914164.3        -88511739        5762443.5 
      -0.38975138             -4.3       0.26042355        3573244.9        -99748970        6811210.4 
      -0.38975138             -4.1       0.26042355        6874075.7   -1.0647824e+08        9197388.9 
      -0.38975138             -3.9       0.26042355         24626864        -57101094        6937622.9 
      -0.38975138             -3.7       0.26042355         15116896       -181394.43         15107646 
      -0.38975138             -3.5       0.26042355         15033726         15594641         15694965 
      -0.38975138             -3.3       0.26042355         15639927         33202090         15047867 
      -0.38975138             -3.1       0.26042355         14546960         54630875         13061799 
      -0.38975138             -2.9       0.26042355        7919224.6         62191799         11792572 
      -0.38975138             -2.7       0.26042355         18719297         91461908         302437.6 
      -0.38975138             -2.5       0.26042355         16116346    1.8086464e+08       -3609000.6 
      -0.38975138             -2.3       0.26042355        4396754.3    2.2426247e+08        36787.589 
      -0.38975138             -2.1       0.26042355        4107404.5    2.4545106e+08       -927391.58 
      -0.38975138             -1.9       0.26042355        3856587.4     2.677172e+08       -1328352.4 
      -0.38975138             -1.7       0.26042355          4171206     2.918292e+08       -1788730.1 
      -0.38975138             -1.5       0.26042355          3700742    3.1680255e+08       -1547589.2 
      -0.38975138             -1.3       0.26042355        1496018.9    3.3181746e+08       -96575.945 
      -0.38975138             -1.1       0.26042355        318888.35    3.3461557e+08        618946.94 
      -0.38975138             -0.9       0.26042355       -66005.796    3.3250873e+08        744371.47 
      -0.38975138             -0.7       0.26042355       -173294.51     3.293253e+08        656777.96 
      -0.38975138             -0.5       0.26042355        -169940.1    3.2642346e+08        489307.29 
      -0.38975138             -0.3       0.26042355       -116475.41    3.2434003e+08        291207.15 
      -0.38975138             -0.1       0.26042355       -40086.952    3.2330323e+08        82179.748 
      -0.38975138              0.1       0.26042355        43428.429    3.2339998e+08       -128953.55 
      -0.38975138              0.3       0.26042355        121148.11    3.2462964e+08       -336124.55 
      -0.38975138              0.5       0.26042355        177330.14    3.2690376e+08       -530292.95 
      -0.38975138              0.7       0.26042355        184873.11    3.2999152e+08       -691255.63 
      -0.38975138              0.9       0.26042355        83248.304    3.3335112e+08       -768822.32 
      -0.38975138              1.1       0.26042355       -295041.78    3.3561326e+08       -628094.93 
      -0.38975138              1.3       0.26042355       -1467347.4    3.3292141e+08        111418.01 
      -0.38975138              1.5       0.26042355       -3671103.9     3.179108e+08        1596404.5 
      -0.38975138              1.7       0.26042355         -4129211    2.9283791e+08        1869705.7 
      -0.38975138              1.9       0.26042355       -3794535.8    2.6857367e+08          1442776 
      -0.38975138              2.1       0.26042355         -4019624     2.461133e+08        1089115.5 
      -0.38975138              2.3       0.26042355       -4178649.4    2.2474843e+08        245767.82 
      -0.38975138              2.5       0.26042355        -17622810    1.7620874e+08        5176626.7 
      -0.38975138              2.7       0.26042355        -22323363         63469304        2744119.7 
      -0.38975138              2.9       0.26042355       -2285661.8         45681820        -14975662 
      -0.38975138              3.1       0.26042355        -14839323         56308640        -13035388 
      -0.38975138              3.3       0.26042355        -15564856         33359299        -15340046 
      -0.38975138              3.5       0.26042355        -14890250         15588155        -15881391 
      -0.38975138              3.7       0.26042355        -14847170       -179995.67        -15216799 
      -0.38975138              3.9       0.26042355        -24508914        -56769544         -7385477 
      -0.38975138              4.1       0.26042355         -6625141   -1.0669093e+08       -8813744.4 
      -0.38975138              4.3       0.26042355       -3308591.9   -1.0030304e+08       -6469224.2 
      -0.38975138              4.5       0.26042355       -1702059.7        -89184473       -5507607.3 
      -0.38975138              4.7       0.26042355        -661096.2        -73113443       -5138944.8 
      -0.38975138              4.9       0.26042355        172347.52        -45630564       -5470555.9 
       -0.4597431             -4.9      0.091448588       -2431691.1        -45020428        2420143.9 
       -0.4597431             -4.7      0.091448588       -1527113.6        -72858064        2319864.9 
       -0.4597431             -4.5      0.091448588       -772255.58        -89396334        2539024.1 
       -0.4597431             -4.3      0.091448588        138656.09   -1.0150262e+08        3067626.6 
       -0.4597431             -4.1      0.091448588        1700167.7   -1.1043115e+08        4220322.3 
       -0.4597431             -3.9      0.091448588         22376573        -60325478        6169846.6 
       -0.4597431             -3.7      0.091448588        8611892.8       -689712.15        8395196.6 
       -0.4597431             -3.5      0.091448588        8267519.3         15479751          8628309 
       -0.4597431             -3.3      0.091448588        9292345.8         33962981        8397340.8 
       -0.4597431             -3.1      0.091448588          9117406         57000858        7381250.2 
       -0.4597431             -2.9      0.091448588        2688574.3         65104246        6018551.3 
       -0.4597431             -2.7      0.091448588         17236531         93295674        1730268.2 
       -0.4597431             -2.5      0.091448588         16391555    1.8196474e+08       -426978.09 
       -0.4597431             -2.3      0.091448588        3781477.7    2.2481409e+08         117551.4 
       -0.4597431             -2.1      0.091448588        4017839.8    2.4590069e+08       -199241.83 
       -0.4597431             -1.9      0.091448588        3990369.3    2.6793288e+08       -378034.49 
       -0.4597431             -1.7      0.091448588        4482149.3    2.9191055e+08       -556727.17 
       -0.4597431             -1.5      0.091448588        3972881.5    3.1681544e+08       -476231.43 
       -0.4597431             -1.3      0.091448588        1397177.4    3.3183665e+08        32126.768 
       -0.4597431             -1.1      0.091448588        39712.738    3.3467529e+08        279729.18 
       -0.4597431             -0.9      0.091448588        -362183.8     3.325942e+08        315047.09 
       -0.4597431             -0.7      0.091448588       -424742.65    3.2941969e+08        272765.75 
       -0.4597431             -0.5      0.091448588       -353538.86    3.2651824e+08        201548.17 
       -0.4597431             -0.3      0.091448588       -223946.91    3.2443249e+08        119563.05 
       -0.4597431             -0.1      0.091448588       -68951.315    3.2339362e+08        33953.992 
       -0.4597431              0.1      0.091448588        93338.717    3.2348966e+08       -52261.409 
       -0.4597431              0.3      0.091448588        248575.33    3.2471992e+08       -137115.18 
       -0.4597431              0.5      0.091448588        378592.02    3.2699466e+08       -217500.88 
       -0.4597431              0.7      0.091448588        450240.06    3.3007994e+08       -286072.93 
       -0.4597431              0.9      0.091448588        387708.01     3.334279e+08       -324288.45 
       -0.4597431              1.1      0.091448588       -15837.967    3.3566075e+08       -282809.15 
       -0.4597431              1.3      0.091448588       -1380442.9    3.3292422e+08       -25712.115 
       -0.4597431              1.5      0.091448588       -3971042.7    3.1790385e+08        495869.08 
       -0.4597431              1.7      0.091448588       -4484897.5    2.9289643e+08        589258.79 
       -0.4597431              1.9      0.091448588       -3991690.9    2.6875858e+08         425111.8 
       -0.4597431              2.1      0.091448588         -4017744    2.4648659e+08        274805.84 
       -0.4597431              2.3      0.091448588       -3719240.6    2.2500784e+08        46551.007 
       -0.4597431              2.5      0.091448588        -18595291    1.7688791e+08        893615.29 
       -0.4597431              2.7      0.091448588        -22048960         64349155       -714331.66 
       -0.4597431              2.9      0.091448588        4013808.7         48066469       -7000827.4 
       -0.4597431              3.1      0.091448588       -9690165.1         58670155       -7625672.5 
       -0.4597431              3.3      0.091448588       -9558415.9         34108311       -8824714.7 
       -0.4597431              3.5      0.091448588       -8502454.6         15411117       -8971753.6 
       -0.4597431              3.7      0.091448588       -8735833.7       -744492.14       -8684293.7 
       -0.4597431              3.9      0.091448588        -22555663        -59794626       -6725022.4 
       -0.4597431              4.1      0.091448588       -1712827.4   -1.1057735e+08       -4095898.3 
       -0.4597431              4.3      0.091448588       -81482.544    -1.019908e+08       -2929743.8 
       -0.4597431              4.5      0.091448588        827189.16        -90016847       -2435076.8 
       -0.4597431              4.7      0.091448588        1582609.6        -73494179       -2239782.5 
       -0.4597431              4.9      0.091448588        2493556.1        -45497444       -2354389.9 
        0.4597431             -4.9     -0.091448588        2584486.4        -44698114       -1991955.8 
       0.38975138             -4.9      -0.26042355         762526.7        -44864980       -4597962.3 
       0.26042355             -4.9      -0.38975138       -583466.72        -45096418       -4670266.3 
      0.091448588             -4.9       -0.4597431        206955.14        -45277172       -3845883.5 
        0.4597431             -4.7     -0.091448588        1696155.2        -71733205       -1835417.4 
       0.38975138             -4.7      -0.26042355        12818.002        -71488862         -4164801 
       0.26042355             -4.7      -0.38975138       -1062633.4        -71141764       -4029595.9 
      0.091448588             -4.7       -0.4597431        132996.53        -70966164       -3098791.3 
        0.4597431             -4.5     -0.091448588        975876.36        -87275299         -1928195 
       0.38975138             -4.5      -0.26042355       -846277.29        -86704893       -4284990.2 
       0.26042355             -4.5      -0.38975138       -1830604.9        -85890389       -3870613.6 
      0.091448588             -4.5       -0.4597431        14686.638        -85439558       -2637164.6 
        0.4597431             -4.3     -0.091448588        119633.83        -97994277       -2241346.8 
       0.38975138             -4.3      -0.26042355       -2140171.4        -96748079       -4806214.7 
       0.26042355             -4.3      -0.38975138       -3152271.9        -95033968       -3857667.9 
      0.091448588             -4.3       -0.4597431       -212547.77        -94070012       -2010779.8 
        0.4597431             -4.1     -0.091448588       -1343119.1   -1.0491903e+08       -3074330.6 
       0.38975138             -4.1      -0.26042355       -4856144.4   -1.0169828e+08       -6376517.7 
       0.26042355             -4.1      -0.38975138       -6093947.7        -96332216       -3938012.7 
      0.091448588             -4.1       -0.4597431       -791325.02        -93963032       -453780.01 
        0.4597431             -3.9     -0.091448588        -20315866        -56743009       -4675920.7 
       0.38975138             -3.9      -0.26042355        -20864511        -54003040       -3772826.4 
       0.26042355             -3.9      -0.38975138        -18319449        -49438713        3723114.4 
      0.091448588             -3.9       -0.4597431         -6253741        -47270279        9139876.2 
        0.4597431             -3.7     -0.091448588         -7360911        -552563.7       -6784939.8 
       0.38975138             -3.7      -0.26042355        -11727147       -86364.451        -11370636 
       0.26042355             -3.7      -0.38975138        -13583016        506643.51       -6699384.1 
      0.091448588             -3.7       -0.4597431       -4358587.1          1228492       -1610530.5 
        0.4597431             -3.5     -0.091448588       -7057625.5         14767393       -7030517.1 
       0.38975138             -3.5      -0.26042355        -11704318         14970585        -11990087 
       0.26042355             -3.5      -0.38975138        -13896280         15580511       -7430174.6 
      0.091448588             -3.5       -0.4597431       -4690811.8         16107762       -2194600.8 
        0.4597431             -3.3     -0.091448588       -8070047.2         32301546       -6874372.6 
       0.38975138             -3.3      -0.26042355        -12433611         31760697        -11548788 
       0.26042355             -3.3      -0.38975138        -14684253         31302113       -7160724.8 
      0.091448588             -3.3       -0.4597431       -5482207.3         31190479       -2174687.4 
        0.4597431             -3.1     -0.091448588       -8005116.9         54233168       -6006620.8 
       0.38975138             -3.1      -0.26042355        -11671983         52238941       -9925248.5 
       0.26042355             -3.1      -0.38975138        -13643269         49040679       -6096101.5 
      0.091448588             -3.1       -0.4597431       -5356405.2         47255742       -1870898.6 
        0.4597431             -2.9     -0.091448588       -1979310.6         61996169       -4851958.2 
       0.38975138             -2.9      -0.26042355       -5667993.4         59523121       -9075848.6 
       0.26042355             -2.9      -0.38975138       -8025307.5         54805020       -6938592.6 
      0.091448588             -2.9       -0.4597431       -2808514.1         51071317       -4198452.1 
        0.4597431             -2.7     -0.091448588        -16653395         90509368       -770478.94 
       0.38975138             -2.7      -0.26042355        -16887847         89059708        1902107.8 
       0.26042355             -2.7      -0.38975138        -13840487         85093476          8410611 
      0.091448588             -2.7       -0.4597431       -4289982.1         81278030         13841885 
        0.4597431             -2.5     -0.091448588        -15926355    1.7928979e+08        1099546.3 
       0.38975138             -2.5      -0.26042355        -14749751    1.7854166e+08        5185977.6 
       0.26042355             -2.5      -0.38975138        -10686229    1.7589642e+08         10664628 
      0.091448588             -2.5       -0.4597431       -2873226.7    1.7463997e+08         14336022 
        0.4597431             -2.3     -0.091448588       -3630704.4    2.2274429e+08        333226.95 
       0.38975138             -2.3      -0.26042355       -3592012.8    2.2247598e+08        1075872.7 
       0.26042355             -2.3      -0.38975138         -2725001    2.2120749e+08        2411726.8 
      0.091448588             -2.3       -0.4597431       -260902.05    2.2068279e+08        3493095.8 
        0.4597431             -2.1     -0.091448588       -3900460.6    2.4451189e+08        520945.05 
       0.38975138             -2.1      -0.26042355       -3534287.2    2.4427259e+08        1705382.1 
       0.26042355             -2.1      -0.38975138         -2398015    2.4392821e+08        3004397.4 
      0.091448588             -2.1       -0.4597431       -334419.97    2.4377889e+08        3803531.9 
        0.4597431             -1.9     -0.091448588       -3900724.7    2.6699303e+08        607708.83 
       0.38975138             -1.9      -0.26042355       -3441864.7    2.6692008e+08        1883423.3 
       0.26042355             -1.9      -0.38975138       -2290182.7     2.668417e+08        3111135.5 
      0.091448588             -1.9       -0.4597431       -430212.71    2.6686128e+08        3818013.3 
        0.4597431             -1.7     -0.091448588       -4409787.3    2.9125633e+08        723044.55 
       0.38975138             -1.7      -0.26042355       -3863610.8    2.9127429e+08        2190509.6 
       0.26042355             -1.7      -0.38975138       -2598233.6    2.9131982e+08        3531303.3 
      0.091448588             -1.7       -0.4597431        -645291.7     2.914062e+08        4305007.3 
        0.4597431             -1.5     -0.091448588       -3914785.9    3.1633192e+08        597624.02 
       0.38975138             -1.5      -0.26042355       -3471231.6    3.1639231e+08        1840634.1 
       0.26042355             -1.5      -0.38975138       -2387846.5    3.1649217e+08        3028212.2 
      0.091448588             -1.5       -0.4597431       -656371.22    3.1660254e+08        3746693.5 
        0.4597431             -1.3     -0.091448588       -1355335.1    3.3146523e+08        56390.366 
       0.38975138             -1.3      -0.26042355         -1329525    3.3150241e+08        310050.42 
       0.26042355             -1.3      -0.38975138       -1002992.1    3.3156663e+08         763951.5 
      0.091448588             -1.3       -0.4597431       -236021.71    3.3164296e+08        1111056.2 
        0.4597431             -1.1     -0.091448588       -10493.186    3.3438828e+08       -216717.54 
       0.38975138             -1.1      -0.26042355       -201124.42    3.3437233e+08       -467134.89 
       0.26042355             -1.1      -0.38975138       -275681.45    3.3435984e+08       -394410.49 
      0.091448588             -1.1       -0.4597431       -29345.648    3.3437559e+08       -240574.79 
        0.4597431             -0.9     -0.091448588        381762.21    3.3236857e+08       -272035.07 
       0.38975138             -0.9      -0.26042355        145951.58    3.3231764e+08       -640809.74 
       0.26042355             -0.9      -0.38975138       -42645.609    3.3225395e+08       -684926.16 
      0.091448588             -0.9       -0.4597431        19997.395    3.3222849e+08       -599761.36 
        0.4597431             -0.7     -0.091448588        436369.12    3.2923752e+08       -245687.05 
       0.38975138             -0.7      -0.26042355        222900.49    3.2917107e+08       -591599.37 
       0.26042355             -0.7      -0.38975138        27560.084    3.2908393e+08        -662838.8 
      0.091448588             -0.7       -0.4597431        23243.637    3.2903815e+08       -609358.98 
        0.4597431             -0.5     -0.091448588        358343.78    3.2636677e+08       -187491.22 
       0.38975138             -0.5      -0.26042355        194453.68    3.2629526e+08       -455470.78 
       0.26042355             -0.5      -0.38975138        35821.133    3.2619979e+08        -519183.5 
      0.091448588             -0.5       -0.4597431        11573.824    3.2614546e+08       -483976.86 
        0.4597431             -0.3     -0.091448588        222756.11    3.2430282e+08       -116457.08 
       0.38975138             -0.3      -0.26042355        119638.66    3.2423028e+08       -283716.13 
       0.26042355             -0.3      -0.38975138        16706.289    3.2413255e+08       -324596.34 
      0.091448588             -0.3       -0.4597431       -5468.0655    3.2407473e+08       -301466.71 
        0.4597431             -0.1     -0.091448588        62392.978    3.2327938e+08        -40330.76 
       0.38975138             -0.1      -0.26042355        24590.454    3.2320655e+08       -97496.327 
       0.26042355             -0.1      -0.38975138       -14279.161    3.2310785e+08       -108719.72 
      0.091448588             -0.1       -0.4597431       -23900.302    3.2304803e+08       -94813.199 
        0.4597431              0.1     -0.091448588       -104779.45    3.2338601e+08        37424.667 
       0.38975138              0.1      -0.26042355       -75665.582    3.2331226e+08        93291.741 
       0.26042355              0.1      -0.38975138       -47585.807    3.2321192e+08        113671.82 
      0.091448588              0.1       -0.4597431        -41208.11    3.2315005e+08        118814.53 
        0.4597431              0.3     -0.091448588       -264526.72    3.2462278e+08        114485.39 
       0.38975138              0.3      -0.26042355       -168820.83    3.2454742e+08        281722.28 
       0.26042355              0.3      -0.38975138       -75002.926    3.2444466e+08        331658.74 
      0.091448588              0.3       -0.4597431       -55082.354    3.2438058e+08        326262.92 
        0.4597431              0.5     -0.091448588       -398780.56    3.2690004e+08        187422.42 
       0.38975138              0.5      -0.26042355       -239685.02    3.2682366e+08         457978.1 
       0.26042355              0.5      -0.38975138       -86722.222    3.2671949e+08        530529.72 
      0.091448588              0.5       -0.4597431       -62680.276    3.2665427e+08        510337.74 
        0.4597431              0.7     -0.091448588        -474484.1    3.2998325e+08         248547.1 
       0.38975138              0.7      -0.26042355       -261732.44    3.2990966e+08        601028.52 
       0.26042355              0.7      -0.38975138       -66664.416    3.2980962e+08        680725.99 
      0.091448588              0.7       -0.4597431       -59312.808    3.2974762e+08         637947.6 
        0.4597431              0.9     -0.091448588       -415914.06    3.3332303e+08        278889.72 
       0.38975138              0.9      -0.26042355       -175128.91    3.3326229e+08        659649.67 
       0.26042355              0.9      -0.38975138        20781.907    3.3318079e+08         711553.4 
      0.091448588              0.9       -0.4597431        -34238.38    3.3313265e+08        630854.84 
        0.4597431              1.1     -0.091448588       -16309.713    3.3553859e+08        228510.41 
       0.38975138              1.1      -0.26042355        186683.77     3.355097e+08        497478.18 
       0.26042355              1.1      -0.38975138        278439.21    3.3547352e+08        431190.02 
      0.091448588              1.1       -0.4597431        45609.512     3.354587e+08        273102.98 
        0.4597431              1.3     -0.091448588        1344342.3    3.3277018e+08       -39449.901 
       0.38975138              1.3      -0.26042355        1339654.1    3.3279071e+08       -268261.79 
       0.26042355              1.3      -0.38975138        1041821.9    3.3282418e+08       -719056.02 
      0.091448588              1.3       -0.4597431        294357.36    3.3286043e+08       -1082690.6 
        0.4597431              1.5     -0.091448588        3930881.9    3.1769345e+08       -575460.75 
       0.38975138              1.5      -0.26042355        3518828.5    3.1773227e+08       -1788106.4 
       0.26042355              1.5      -0.38975138        2477173.6    3.1779231e+08       -2978901.3 
      0.091448588              1.5       -0.4597431         770263.2     3.178513e+08         -3730823 
        0.4597431              1.7     -0.091448588        4440108.1    2.9258874e+08       -689592.31 
       0.38975138              1.7      -0.26042355        3942905.3    2.9257699e+08       -2111486.8 
       0.26042355              1.7      -0.38975138          2742609    2.9256728e+08       -3458823.5 
      0.091448588              1.7       -0.4597431        826600.82    2.9258411e+08       -4286623.6 
        0.4597431              1.9     -0.091448588        3939486.5    2.6829088e+08       -556525.23 
       0.38975138              1.9      -0.26042355        3556881.6    2.6817716e+08         -1759533 
       0.26042355              1.9      -0.38975138        2508983.5    2.6801261e+08       -2994527.9 
      0.091448588              1.9       -0.4597431        703153.65    2.6792224e+08       -3785817.7 
        0.4597431              2.1     -0.091448588          3952230    2.4577188e+08       -453322.58 
       0.38975138              2.1      -0.26042355        3702092.6    2.4550717e+08       -1519499.1 
       0.26042355              2.1      -0.38975138          2749503    2.4501659e+08       -2810576.7 
      0.091448588              2.1       -0.4597431        759159.07    2.4463515e+08       -3750749.1 
        0.4597431              2.3     -0.091448588        3636896.9    2.2392173e+08       -292847.71 
       0.38975138              2.3      -0.26042355          3740787     2.238124e+08       -851006.31 
       0.26042355              2.3      -0.38975138        3367624.5    2.2250012e+08       -1978527.6 
      0.091448588              2.3       -0.4597431        1083427.5    2.2100071e+08       -3317054.3 
        0.4597431              2.5     -0.091448588         18345637    1.7547224e+08       -1255256.8 
       0.38975138              2.5      -0.26042355         16888347    1.7498141e+08       -6023922.8 
       0.26042355              2.5      -0.38975138         12022829    1.7214116e+08        -12482276 
      0.091448588              2.5       -0.4597431        3599590.5    1.6913113e+08        -17000285 
        0.4597431              2.7     -0.091448588         21750259         62820751        196343.25 
       0.38975138              2.7      -0.26042355         21350631         62160820       -3931262.6 
       0.26042355              2.7      -0.38975138         17237079         57176147        -12081885 
      0.091448588              2.7       -0.4597431        6151439.5         47563368        -19763362 
        0.4597431              2.9     -0.091448588       -4415493.6         46396409        6368580.8 
       0.38975138              2.9      -0.26042355        1065024.6         44253576         13517975 
       0.26042355              2.9      -0.38975138        7151208.3         38899745         13877738 
      0.091448588              2.9       -0.4597431        4791629.4         31711851         13303902 
        0.4597431              3.1     -0.091448588          9097866         57208643        6876867.1 
       0.38975138              3.1      -0.26042355         13300785         55046421         11338366 
       0.26042355              3.1      -0.38975138         16415409         51754532        6924838.5 
      0.091448588              3.1       -0.4597431        8132214.5         49663583        2041161.6 
        0.4597431              3.3     -0.091448588          8893207         33220690        7994804.1 
       0.38975138              3.3      -0.26042355         13839709         32589761         13449787 
       0.26042355              3.3      -0.38975138         17454213         31922308        8641265.1 
      0.091448588              3.3       -0.4597431        8562313.7         31606979        3138951.9 
        0.4597431              3.5     -0.091448588        7847827.8         15038966        8104450.5 
       0.38975138              3.5      -0.26042355         13102956         15261943         13882509 
       0.26042355              3.5      -0.38975138         16520590         15911752        8842789.9 
      0.091448588              3.5       -0.4597431          7664618         16413168        2961739.4 
        0.4597431              3.7     -0.091448588          8062105        -671013.9        7811121.2 
       0.38975138              3.7      -0.26042355         13030050       -130134.49         13200206 
       0.26042355              3.7      -0.38975138         16061168        535141.54        8072498.3 
      0.091448588              3.7       -0.4597431        7261651.7        1291846.7        2340072.8 
        0.4597431              3.9     -0.091448588         21445527        -57921942        5894569.4 
       0.38975138              3.9      -0.26042355         22483884        -55145579        5647033.1 
       0.26042355              3.9      -0.38975138         20951758        -50310416       -2552476.4 
      0.091448588              3.9       -0.4597431        9174893.7        -47802510       -8520196.8 
        0.4597431              4.1     -0.091448588        1519173.5   -1.0766886e+08        3479015.8 
       0.38975138              4.1      -0.26042355        5541293.3   -1.0417087e+08        7299558.4 
       0.26042355              4.1      -0.38975138        7395864.9        -98249725        4771008.3 
      0.091448588              4.1       -0.4597431        2392727.9        -95285970        758001.05 
        0.4597431              4.3     -0.091448588       -58537.464   -1.0015169e+08        2484559.2 
       0.38975138              4.3      -0.26042355        2536908.7        -98731399        5391349.2 
       0.26042355              4.3      -0.38975138          3986748        -96708301        4424377.7 
      0.091448588              4.3       -0.4597431          1280747        -95362976        2246561.3 
        0.4597431              4.5     -0.091448588       -939634.38        -88916891        2103228.2 
       0.38975138              4.5      -0.26042355        1120798.8        -88248079        4706532.1 
       0.26042355              4.5      -0.38975138        2415283.5        -87255115        4282689.1 
      0.091448588              4.5       -0.4597431         742206.3        -86585949        2817694.1 
        0.4597431              4.7     -0.091448588       -1678095.1        -72923446        1973457.2 
       0.38975138              4.7      -0.26042355        190292.57        -72628548        4497152.2 
       0.26042355              4.7      -0.38975138        1506580.4        -72189605        4357401.6 
      0.091448588              4.7       -0.4597431        448662.19        -71900368        3250449.6 
        0.4597431              4.9     -0.091448588         -2582179        -45348897        2116228.1 
       0.38975138              4.9      -0.26042355       -596200.05        -45504040        4897141.2 
       0.26042355              4.9      -0.38975138        962378.24        -45712328        4967819.3 
      0.091448588              4.9       -0.4597431        294453.58        -45861142        3991454.7 
       -0.4597431              4.9     -0.091448588        2493405.6        -45497469        2355403.1 
      -0.38975138              4.9      -0.26042355        172278.04        -45630602        5470918.3 
      -0.26042355              4.9      -0.38975138       -1857601.8        -45797443        5539509.4 
     -0.091448588              4.9       -0.4597431       -1521256.2        -45891159        4227723.4 
       -0.4597431              4.7     -0.091448588        1582459.6        -73494178          2240820 
      -0.38975138              4.7      -0.26042355       -661184.02        -73113297        5139397.3 
      -0.26042355              4.7      -0.38975138       -2506334.7        -72514335        4998212.2 
     -0.091448588              4.7       -0.4597431       -1821247.8        -72014582          3515522 
       -0.4597431              4.5     -0.091448588        827039.97        -90017025        2436133.1 
      -0.38975138              4.5      -0.26042355       -1702319.1        -89184292        5508267.5 
      -0.26042355              4.5      -0.38975138       -3660444.3        -87884207        5084869.3 
     -0.091448588              4.5       -0.4597431       -2457093.2        -86807630        3150106.1 
       -0.4597431              4.3     -0.091448588       -81406.284   -1.0199173e+08        2930440.4 
      -0.38975138              4.3      -0.26042355       -3309587.3   -1.0030306e+08        6470332.1 
      -0.26042355              4.3      -0.38975138       -5662994.7        -97772733        5510657.5 
     -0.091448588              4.3       -0.4597431       -3603446.5        -95740253        2698652.9 
       -0.4597431              4.1     -0.091448588       -1711644.9   -1.1058811e+08        4089400.7 
      -0.38975138              4.1      -0.26042355       -6632755.5   -1.0669723e+08        8821954.2 
      -0.26042355              4.1      -0.38975138       -9766306.4        -99933094        6305850.4 
     -0.091448588              4.1       -0.4597431       -5735244.7        -95976877        1407315.1 
       -0.4597431              3.9     -0.091448588        -22571604        -59790383        6702420.7 
      -0.38975138              3.9      -0.26042355        -24528378        -56756392        7396389.6 
      -0.26042355              3.9      -0.38975138        -24616721        -51399135       -819307.46 
     -0.091448588              3.9       -0.4597431        -14133821        -48242972       -7694022.4 
       -0.4597431              3.7     -0.091448588       -8727099.4       -722558.75        8692576.1 
      -0.38975138              3.7      -0.26042355        -14848758       -155745.28         15217812 
      -0.26042355              3.7      -0.38975138        -19708511        493456.75         10106559 
     -0.091448588              3.7       -0.4597431        -12351517        1319638.8        3264546.4 
       -0.4597431              3.5     -0.091448588       -8493172.5         15408712        9000394.4 
      -0.38975138              3.5      -0.26042355        -14886700         15586188         15887528 
      -0.26042355              3.5      -0.38975138        -20107202         16149174         10858607 
     -0.091448588              3.5       -0.4597431        -12653714         16505299        3869227.3 
       -0.4597431              3.3     -0.091448588       -9560961.8         34087916        8833679.4 
      -0.38975138              3.3      -0.26042355        -15571982         33332065         15353466 
      -0.26042355              3.3      -0.38975138        -20871756         32449202         10544359 
     -0.091448588              3.3       -0.4597431        -13270145         31808564        3999634.4 
       -0.4597431              3.1     -0.091448588       -9702784.5         58659780        7603774.4 
      -0.38975138              3.1      -0.26042355        -14858114         56290749         13048301 
      -0.26042355              3.1      -0.38975138        -19462715         52601414        8630882.7 
     -0.091448588              3.1       -0.4597431        -12292480         49990657        2811296.9 
       -0.4597431              2.9     -0.091448588        3999707.8         48088278        6983484.3 
      -0.38975138              2.9      -0.26042355       -2299779.9         45690020         14986785 
      -0.26042355              2.9      -0.38975138       -9634717.4         39866788         15336762 
     -0.091448588              2.9       -0.4597431       -8188586.9         32057894         13954871 
       -0.4597431              2.7     -0.091448588        -22044856         64378296        701743.83 
      -0.38975138              2.7      -0.26042355        -22328702         63482762       -2735303.5 
      -0.26042355              2.7      -0.38975138        -19224047         58052645        -10889792 
     -0.091448588              2.7       -0.4597431       -8874439.5         47865566        -19252045 
       -0.4597431              2.5     -0.091448588        -18594637    1.7689127e+08       -895110.34 
      -0.38975138              2.5      -0.26042355        -17622875    1.7621147e+08       -5176324.5 
      -0.26042355              2.5      -0.38975138        -13470456    1.7293249e+08        -11634934 
     -0.091448588              2.5       -0.4597431       -5569259.2    1.6943751e+08        -16637444 
       -0.4597431              2.3     -0.091448588       -3719074.8    2.2500933e+08       -47425.988 
      -0.38975138              2.3      -0.26042355       -4178621.6    2.2474888e+08       -245798.57 
      -0.26042355              2.3      -0.38975138       -4304768.6    2.2310642e+08       -1374632.5 
     -0.091448588              2.3       -0.4597431       -2373935.9    2.2122954e+08       -3067098.7 
       -0.4597431              2.1     -0.091448588       -4017662.6    2.4648691e+08       -275201.14 
      -0.38975138              2.1      -0.26042355         -4019528    2.4611358e+08       -1089240.2 
      -0.26042355              2.1      -0.38975138         -3423324    2.4542182e+08       -2380303.5 
     -0.091448588              2.1       -0.4597431       -1684488.3     2.447769e+08       -3572621.6 
       -0.4597431              1.9     -0.091448588       -3991650.3    2.6875864e+08       -425299.54 
      -0.38975138              1.9      -0.26042355       -3794435.8    2.6857382e+08       -1442910.3 
      -0.26042355              1.9      -0.38975138       -3008503.7    2.6827768e+08       -2678068.2 
     -0.091448588              1.9       -0.4597431       -1387730.9    2.6801531e+08       -3654787.5 
       -0.4597431              1.7     -0.091448588         -4484874    2.9289647e+08       -589360.07 
      -0.38975138              1.7      -0.26042355       -4129138.9      2.92838e+08       -1869799.8 
      -0.26042355              1.7      -0.38975138       -3128581.4    2.9274179e+08       -3217382.7 
     -0.091448588              1.7       -0.4597431       -1353589.1    2.9264541e+08       -4186683.1 
       -0.4597431              1.5     -0.091448588       -3971029.5    3.1790387e+08       -495913.85 
      -0.38975138              1.5      -0.26042355       -3671054.4    3.1791086e+08       -1596460.9 
      -0.26042355              1.5      -0.38975138       -2787399.2    3.1791184e+08       -2787629.4 
     -0.091448588              1.5       -0.4597431       -1191872.2    3.1789332e+08       -3651698.9 
       -0.4597431              1.3     -0.091448588       -1380436.4    3.3292423e+08         25706.73 
      -0.38975138              1.3      -0.26042355       -1467313.5    3.3292145e+08       -111445.43 
      -0.26042355              1.3      -0.38975138       -1298307.2    3.3291168e+08        -562731.9 
     -0.091448588              1.3       -0.4597431       -641482.75    3.3289118e+08       -1018076.7 
       -0.4597431              1.1     -0.091448588       -15835.969    3.3566075e+08        282824.52 
      -0.38975138              1.1      -0.26042355       -295019.77    3.3561327e+08        628083.75 
      -0.26042355              1.1      -0.38975138       -493770.83    3.3554273e+08        561242.76 
     -0.091448588              1.1       -0.4597431       -336083.09    3.3548301e+08        326816.94 
       -0.4597431              0.9     -0.091448588        387707.74    3.3342791e+08        324310.56 
      -0.38975138              0.9      -0.26042355         83262.64    3.3335113e+08        768818.52 
      -0.26042355              0.9      -0.38975138       -201952.15    3.3324008e+08        820192.66 
     -0.091448588              0.9       -0.4597431       -209582.53    3.3315346e+08        675705.09 
       -0.4597431              0.7     -0.091448588        450238.94    3.3007994e+08        286095.07 
      -0.38975138              0.7      -0.26042355        184883.05    3.2999152e+08        691254.76 
      -0.26042355              0.7      -0.38975138       -83941.927    3.2986423e+08        770487.83 
     -0.091448588              0.7       -0.4597431       -143010.79    3.2976677e+08        674996.79 
       -0.4597431              0.5     -0.091448588        378590.77    3.2699465e+08        217520.65 
      -0.38975138              0.5      -0.26042355        177337.78    3.2690375e+08        530292.87 
      -0.26042355              0.5      -0.38975138       -34722.274    3.2677289e+08        602463.31 
     -0.091448588              0.5       -0.4597431       -100194.11    3.2667299e+08        540025.84 
       -0.4597431              0.3     -0.091448588        248574.24    3.2471992e+08        137132.13 
      -0.38975138              0.3      -0.26042355        121154.81    3.2462964e+08        336124.19 
      -0.26042355              0.3      -0.38975138       -17120.161    3.2449948e+08        385773.13 
     -0.091448588              0.3       -0.4597431       -68208.336    3.2439979e+08        348596.91 
       -0.4597431              0.1     -0.091448588        93337.947    3.2348966e+08        52275.786 
      -0.38975138              0.1      -0.26042355        43435.189    3.2339998e+08        128952.24 
      -0.26042355              0.1      -0.38975138       -13796.359     3.232704e+08        149148.42 
     -0.091448588              0.1       -0.4597431       -40619.831    3.2317055e+08        133458.44 
       -0.4597431             -0.1     -0.091448588       -68951.662    3.2339362e+08       -33941.859 
      -0.38975138             -0.1      -0.26042355       -40079.219    3.2330323e+08       -82182.626 
      -0.26042355             -0.1      -0.38975138       -13752.633     3.231723e+08       -93474.148 
     -0.091448588             -0.1       -0.4597431       -12946.526    3.2307062e+08       -88515.621 
       -0.4597431             -0.3     -0.091448588       -223946.67    3.2443249e+08       -119553.15 
      -0.38975138             -0.3      -0.26042355       -116465.65    3.2434002e+08       -291212.43 
      -0.26042355             -0.3      -0.38975138       -7459.8146     3.242057e+08       -332030.15 
     -0.091448588             -0.3       -0.4597431        18934.602    3.2410037e+08       -304525.11 
       -0.4597431             -0.5     -0.091448588       -353537.69    3.2651824e+08       -201541.26 
      -0.38975138             -0.5      -0.26042355       -169926.86    3.2642345e+08       -489316.35 
      -0.26042355             -0.5      -0.38975138        16290.085    3.2628525e+08       -552819.36 
     -0.091448588             -0.5       -0.4597431        59822.337    3.2617542e+08       -497845.41 
       -0.4597431             -0.7     -0.091448588       -424739.89    3.2941969e+08       -272764.12 
      -0.38975138             -0.7      -0.26042355       -173275.63    3.2932529e+08       -656793.17 
      -0.26042355             -0.7      -0.38975138         75266.28    3.2918676e+08       -727661.52 
     -0.091448588             -0.7       -0.4597431        116821.86    3.2907421e+08       -636098.23 
       -0.4597431             -0.9     -0.091448588       -362178.18    3.3259419e+08       -315056.16 
      -0.38975138             -0.9      -0.26042355        -65977.85     3.325087e+08       -744397.09 
      -0.26042355             -0.9      -0.38975138        207264.37    3.3238142e+08       -787981.78 
     -0.091448588             -0.9       -0.4597431        203935.65     3.322732e+08       -642290.08 
       -0.4597431             -1.1     -0.091448588        39723.497    3.3467528e+08       -279760.22 
      -0.38975138             -1.1      -0.26042355         318930.6    3.3461553e+08       -618990.62 
      -0.26042355             -1.1      -0.38975138        517832.21    3.3452224e+08       -545619.38 
     -0.091448588             -1.1       -0.4597431        358769.77    3.3443259e+08       -303015.52 
       -0.4597431             -1.3     -0.091448588        1397196.7    3.3183663e+08       -32200.417 
      -0.38975138             -1.3      -0.26042355        1496082.4    3.3181738e+08         96500.62 
      -0.26042355             -1.3      -0.38975138        1344996.3    3.3177721e+08        551034.08 
     -0.091448588             -1.3       -0.4597431         701448.6    3.3171693e+08        1023050.9 
       -0.4597431             -1.5     -0.091448588        3972912.9     3.168154e+08        476088.17 
      -0.38975138             -1.5      -0.26042355        3700833.8    3.1680244e+08        1547463.3 
      -0.26042355             -1.5      -0.38975138          2859228    3.1676646e+08        2735545.6 
     -0.091448588             -1.5       -0.4597431        1298203.5    3.1669892e+08        3625617.4 
       -0.4597431             -1.7     -0.091448588        4482198.6     2.919105e+08        556487.16 
      -0.38975138             -1.7      -0.26042355        4171338.9    2.9182904e+08        1788536.9 
      -0.26042355             -1.7      -0.38975138        3238265.7    2.9169067e+08          3129665 
     -0.091448588             -1.7       -0.4597431        1519949.3    2.9153647e+08        4138744.6 
       -0.4597431             -1.9     -0.091448588        3990444.7     2.679328e+08        377659.35 
      -0.38975138             -1.9      -0.26042355        3856779.6    2.6771698e+08        1328069.3 
      -0.26042355             -1.9      -0.38975138        3164715.9    2.6737431e+08        2555971.4 
     -0.091448588             -1.9       -0.4597431        1629504.3    2.6704832e+08        3588123.3 
       -0.4597431             -2.1     -0.091448588        4017954.6    2.4590056e+08        198656.05 
      -0.38975138             -2.1      -0.26042355        4107684.4    2.4545071e+08        926974.67 
      -0.26042355             -2.1      -0.38975138        3616491.8    2.4471578e+08        2225750.6 
     -0.091448588             -2.1       -0.4597431        2008566.5    2.4405483e+08        3481078.6 
       -0.4597431             -2.3     -0.091448588        3781647.5    2.2481453e+08       -118396.27 
      -0.38975138             -2.3      -0.26042355        4397274.2    2.2426154e+08       -37572.796 
      -0.26042355             -2.3      -0.38975138        4450444.2    2.2236464e+08        1299653.3 
     -0.091448588             -2.3       -0.4597431          2637106    2.2111902e+08        3032767.3 
       -0.4597431             -2.5     -0.091448588         16391270    1.8196489e+08        423675.51 
      -0.38975138             -2.5      -0.26042355         16115672     1.808618e+08        3609663.9 
      -0.26042355             -2.5      -0.38975138         13381211    1.7739797e+08        9089080.6 
     -0.091448588             -2.5       -0.4597431        6558477.4    1.7522306e+08         13660522 
       -0.4597431             -2.7     -0.091448588         17237275         93281838       -1743802.4 
      -0.38975138             -2.7      -0.26042355         18713868         91452864       -295047.57 
      -0.26042355             -2.7      -0.38975138         17537727         86701492        6215580.1 
     -0.091448588             -2.7       -0.4597431        9424472.1         81883878         12887043 
       -0.4597431             -2.9     -0.091448588          2680358         65090560       -6039122.8 
      -0.38975138             -2.9      -0.26042355        7908018.1         62187366        -11784762 
      -0.26042355             -2.9      -0.38975138         12600465         56631153       -9645155.5 
     -0.091448588             -2.9       -0.4597431        9193516.2         51773242       -5380295.9 
       -0.4597431             -3.1     -0.091448588        9101488.9         57012296       -7403782.3 
      -0.38975138             -3.1      -0.26042355         14527250         54653635        -13048184 
      -0.26042355             -3.1      -0.38975138         19281153         50693090       -9232795.2 
     -0.091448588             -3.1       -0.4597431         13227817         47901263       -3262743.7 
       -0.4597431             -3.3     -0.091448588        9288067.8         33986633       -8378295.3 
      -0.38975138             -3.3      -0.26042355         15630819         33237351        -15027084 
      -0.26042355             -3.3      -0.38975138         21035167         32324882        -10683506 
     -0.091448588             -3.3       -0.4597431         14403085         31570801       -3743156.6 
       -0.4597431             -3.5     -0.091448588        8267750.7         15487135       -8578231.1 
      -0.38975138             -3.5      -0.26042355         15029636         15609316        -15672805 
      -0.26042355             -3.5      -0.38975138         20591533         16033465        -11184893 
     -0.091448588             -3.5       -0.4597431         14147786         16277029       -3862649.9 
       -0.4597431             -3.7     -0.091448588        8607579.4       -686794.34       -8341321.9 
      -0.38975138             -3.7      -0.26042355         15105384       -168251.53        -15087169 
      -0.26042355             -3.7      -0.38975138         20384380        434044.42        -10489895 
     -0.091448588             -3.7       -0.4597431         14007457        1296463.9       -3314102.4 
       -0.4597431             -3.9     -0.091448588         22344388        -60340425       -6093917.1 
      -0.38975138             -3.9      -0.26042355         24600957        -57127780       -6848412.5 
      -0.26042355             -3.9      -0.38975138         25140250        -51559802        561653.43 
     -0.091448588             -3.9       -0.4597431         15659040        -48131336        7646026.4 
       -0.4597431             -4.1     -0.091448588        1695516.8   -1.1043677e+08       -4209060.9 
      -0.38975138             -4.1      -0.26042355        6859952.5   -1.0650694e+08       -9185620.7 
      -0.26042355             -4.1      -0.38975138         10516585        -99600568       -6797240.7 
     -0.091448588             -4.1       -0.4597431        7111412.9        -95323637       -1681080.8 
       -0.4597431             -4.3     -0.091448588        137185.31   -1.0150647e+08       -3060246.4 
      -0.38975138             -4.3      -0.26042355        3571054.8        -99758188       -6808800.1 
      -0.26042355             -4.3      -0.38975138        6273782.1        -97083571       -5881273.1 
     -0.091448588             -4.3       -0.4597431        4555364.7        -94801603       -2856201.2 
       -0.4597431             -4.5     -0.091448588       -772875.28        -89397477       -2535871.5 
      -0.38975138             -4.5      -0.26042355        1913431.3        -88514902       -5761254.5 
      -0.26042355             -4.5      -0.38975138        4125641.6        -87109816       -5351381.7 
     -0.091448588             -4.5       -0.4597431        3152181.5        -85870381       -3251700.7 
       -0.4597431             -4.7     -0.091448588       -1527412.8        -72858488       -2318160.4 
      -0.38975138             -4.7      -0.26042355        839253.13        -72446152       -5333372.1 
      -0.26042355             -4.7      -0.38975138          2879475        -71784220       -5197382.8 
     -0.091448588             -4.7       -0.4597431        2364460.8        -71192456       -3582131.4 
       -0.4597431             -4.9     -0.091448588         -2431892        -45020511       -2418915.2 
      -0.38975138             -4.9      -0.26042355        -7013.027        -45140086       -5629550.9 
      -0.26042355             -4.9      -0.38975138          2187299        -45281840       -5699048.2 
     -0.091448588             -4.9       -0.4597431        1993351.6        -45342672         -4271086 

