%    UNITS: X,Y,Z in in;  Magnetic Field Intensity in Amps/meter
%             X (in)              Y (in)              Z (in)        RealScatX        RealScatY        RealScatZ         RealTotX         RealTotY         RealTotZ
                0              -11                0       -1.3701022      -0.98664673   -6.1283256e-05       -1.3180458      -0.92759541   -6.1283256e-05 
                0       -10.777778                0       -1.3562104       -1.0216802   -6.6808973e-05        -1.293187      -0.95925308   -6.6808973e-05 
                0       -10.555556                0       -1.3325647       -1.0585496    -7.303625e-05       -1.2567481      -0.99251083    -7.303625e-05 
                0       -10.333333                0       -1.2971791        -1.097442   -8.0081828e-05       -1.2064166       -1.0275364   -8.0081828e-05 
                0       -10.111111                0       -1.2476822       -1.1385808   -8.8086816e-05       -1.1394294       -1.0645316   -8.8086816e-05 
                0       -9.8888889                0       -1.1812376       -1.1822341   -9.7222891e-05       -1.0524793       -1.1037417   -9.7222891e-05 
                0       -9.6666667                0        -1.094446       -1.2287274   -0.00010770039      -0.94159866       -1.1454665   -0.00010770039 
                0       -9.4444444                0      -0.98322417       -1.2784583   -0.00011977896      -0.80201653       -1.1900757   -0.00011977896 
                0       -9.2222222                0      -0.84265578       -1.3319166   -0.00013378177      -0.62798076       -1.2380284   -0.00013378177 
                0               -9                0      -0.66680573       -1.3897107   -0.00015011456      -0.41253709       -1.2898991   -0.00015011456 
                0       -8.7777778                0      -0.44848882       -1.4526019   -0.00016929177      -0.14725273        -1.346412   -0.00016929177 
                0       -8.5555556                0      -0.17898006       -1.5215516   -0.00019197249       0.17813042       -1.4084878   -0.00019197249 
                0       -8.3333333                0        0.1523491       -1.5977849   -0.00021901107       0.57613233       -1.4773062   -0.00021901107 
                0       -8.1111111                0        0.5584891       -1.6828781   -0.00025152924         1.062086       -1.5543939   -0.00025152924 
                0       -7.8888889                0        1.0553705       -1.7788828   -0.00029102113         1.654834       -1.6417473   -0.00029102113 
                0       -7.6666667                0        1.6625933       -1.8885031   -0.00033950911        2.3776093         -1.74201   -0.00033950911 
                0       -7.4444444                0        2.4043433       -2.0153572   -0.00039978085        3.2591422       -1.8587327   -0.00039978085 
                0       -7.2222222                0        3.3105305       -2.1643716   -0.00047575959        4.3350394       -1.9967672   -0.00047575959 
                0               -7                0        4.4181706       -2.3423944   -0.00057310089        5.6494613       -2.1628792   -0.00057310089 
                0       -6.7777778                0        5.7729748       -2.5591776   -0.00070018936        7.2570656       -2.3667287   -0.00070018936 
                0       -6.5555556                0        7.4309592       -2.8289901   -0.00086987602        9.2250157       -2.6224823   -0.00086987602 
                0       -6.3333333                0        9.4594786       -3.1732905    -0.0011026642        11.634417       -2.9514851    -0.0011026642 
                0       -6.1111111                0        11.936071       -3.6249661    -0.0014329162        14.579465        -3.386498    -0.0014329162 
                0       -5.8888889                0        14.941152       -4.2334273    -0.0019218047        18.160141       -3.9767899    -0.0019218047 
                0       -5.6666667                0        18.536698       -5.0599792    -0.0026859327        22.460204       -4.7835083    -0.0026859327 
                0       -5.4444444                0        22.727996       -6.0961611    -0.0039568739        27.506917       -5.7980166    -0.0039568739 
                0       -5.2222222                0        27.482648        -6.849694    -0.0061209115         33.28582       -6.5278383    -0.0061209115 
                0               -5                0         33.03212       -5.9401878    -0.0092791923        40.034873       -5.5923627    -0.0092791923 
                0       -4.7777778                0        40.861967       -3.8849634      -0.01300204        49.223857       -3.5086628      -0.01300204 
                0       -4.5555556                0        55.218431       -2.7826832     -0.018404654        65.048445        -2.375123     -0.018404654 
                0       -4.3333333                0        80.658341       -2.3593812     -0.027201228         91.97098       -1.9174646     -0.027201228 
                0       -4.1111111                0          117.446       -1.7442171     -0.040127185         130.1194       -1.2644953     -0.040127185 
                0       -3.8888889                0        152.93733       -0.3963108      -0.05544835        166.69057       0.12506109      -0.05544835 
                0       -3.6666667                0        169.28053        1.5918697     -0.065877662         183.6853        2.1591838     -0.065877662 
                0       -3.4444444                0        167.21613        4.0271666     -0.067274904        181.74636        4.6452196     -0.067274904 
                0       -3.2222222                0        153.04474        7.1967167     -0.061426119        167.15328        7.8708755     -0.061426119 
                0               -3                0        130.01743        11.940646     -0.051922952        143.21858        12.676922     -0.051922952 
                0       -2.7777778                0        102.89852        20.075641     -0.041279699        114.83337        20.880777     -0.041279699 
                0       -2.5555556                0        75.082527        31.363032     -0.030458516        85.550139        32.244594     -0.030458516 
                0       -2.3333333                0        49.629762        41.056983     -0.020787149        58.580302        42.023476     -0.020787149 
                0       -2.1111111                0        31.454394        47.713886     -0.013767167        38.954621        48.774871     -0.013767167 
                0       -1.8888889                0        19.997585        53.646317     -0.009214227        26.186088        54.812555     -0.009214227 
                0       -1.6666667                0         12.69391        59.636309    -0.0062421375        17.740913        60.919911    -0.0062421375 
                0       -1.4444444                0        7.8011462        65.256874    -0.0042393853        11.879991        66.671472    -0.0042393853 
                0       -1.2222222                0        4.3689855        69.772313    -0.0028638903        7.6396994        71.333242    -0.0028638903 
                0               -1                0        1.9295576        73.119986    -0.0019332249         4.531587        74.844473    -0.0019332249 
                0      -0.77777778                0       0.19409054        75.844167    -0.0013234034        2.2447566        77.751515    -0.0013234034 
                0      -0.55555556                0       -1.0624523        78.458879   -0.00093637316       0.53350151        80.570628   -0.00093637316 
                0      -0.33333333                0       -2.0083288        81.250788   -0.00070137733      -0.78839555        83.590819   -0.00070137733 
                0      -0.11111111                0       -2.7618639        84.348224    -0.0005731291       -1.8542284        86.942745    -0.0005731291 
                0       0.11111111                0       -3.4062996        87.789392   -0.00052668232       -2.7594078        90.666719   -0.00052668232 
                0       0.33333333                0       -4.0044485        91.544032   -0.00055334982       -3.5764926        94.734012   -0.00055334982 
                0       0.55555556                0       -4.6114719        95.488049   -0.00065898505       -4.3683802        99.020893   -0.00065898505 
                0       0.77777778                0       -5.2875197        99.315315   -0.00086456579       -5.2013323        103.21951   -0.00086456579 
                0                1                0       -6.1137506        102.36098    -0.0012080883       -6.1613253        106.65977    -0.0012080883 
                0        1.2222222                0       -7.2174063        103.42305    -0.0017451015        -7.379398        108.12884    -0.0017451015 
                0        1.4444444                0        -8.813951        101.16183    -0.0025478848       -9.0740119        106.26775    -0.0025478848 
                0        1.6666667                0       -11.272865        95.500468    -0.0037245693        -11.61702        100.96857    -0.0037245693 
                0        1.8888889                0       -15.204128        87.932098    -0.0054781662       -15.620293        93.678212    -0.0054781662 
                0        2.1111111                0       -21.568944        79.625259     -0.008171022       -22.046546        85.502517     -0.008171022 
                0        2.3333333                0       -31.699934        69.577782     -0.012326479       -32.229628        75.363589     -0.012326479 
                0        2.5555556                0       -45.789245        53.782984      -0.01802566       -46.362693        59.177632      -0.01802566 
                0        2.7777778                0       -61.113725         35.02841     -0.024325548       -61.723429        39.674511     -0.024325548 
                0                3                0       -76.013963        21.596246     -0.030620501       -76.653143        25.123454     -0.030620501 
                0        3.2222222                0       -88.626029        12.819647     -0.036226035       -89.288527        14.908289     -0.036226035 
                0        3.4444444                0        -96.33923         4.066011     -0.040442115       -97.019445        4.5120505     -0.040442115 
                0        3.6666667                0       -97.401082       -8.0540796     -0.042393809       -98.093918       -9.2940526     -0.042393809 
                0        3.8888889                0        -88.59095        -25.37622     -0.039535053       -89.291781        -28.17516     -0.039535053 
                0        4.1111111                0       -69.665516        -41.09129     -0.031185235       -70.370156       -45.180325     -0.031185235 
                0        4.3333333                0        -50.08587       -49.317812     -0.021552553       -50.790552       -54.343701     -0.021552553 
                0        4.5555556                0       -36.596043       -58.487541     -0.014499626       -37.297399       -64.079634     -0.014499626 
                0        4.7777778                0       -29.466016       -88.106816     -0.010150827        -30.16106        -93.93282     -0.010150827 
                0                5                0       -27.466577       -144.04284    -0.0071625201        -28.15269        -149.8409    -0.0071625201 
                0        5.2222222                0       -28.292918       -169.56131    -0.0046374999       -28.967827       -175.14803    -0.0046374999 
                0        5.4444444                0       -28.652922        -150.3277    -0.0029340122       -29.314684       -155.58971    -0.0029340122 
                0        5.6666667                0       -27.853238       -123.03224    -0.0019578719       -28.500217       -127.91067    -0.0019578719 
                0        5.8888889                0        -26.48213       -100.90093    -0.0013846843       -27.112979       -105.37515    -0.0013846843 
                0        6.1111111                0       -24.941826       -84.293651     -0.001024557       -25.555464       -88.367747     -0.001024557 
                0        6.3333333                0       -23.404828       -71.689412   -0.00078445965       -24.000417       -75.382087   -0.00078445965 
                0        6.5555556                0       -21.936529       -61.856184   -0.00061683572       -22.513451       -65.193844   -0.00061683572 
                0        6.7777778                0        -20.55848       -53.978182    -0.0004955285       -21.116318       -56.990477    -0.0004955285 
                0                7                0       -19.274603       -47.525492   -0.00040518028       -19.813115       -50.242581   -0.00040518028 
                0        7.2222222                0       -18.081852       -42.145836   -0.00033628262       -18.600951        -44.59682   -0.00033628262 
                0        7.4444444                0       -16.974625       -37.597062   -0.00028269108       -17.474359       -39.809147   -0.00028269108 
                0        7.6666667                0       -15.946619       -33.706984   -0.00024029327       -16.427152       -35.705113   -0.00024029327 
                0        7.8888889                0       -14.991604       -30.349324   -0.00020625499       -15.453199       -32.156076   -0.00020625499 
                0        8.1111111                0       -14.103721        -27.42893   -0.00017857371       -14.546722       -29.064579   -0.00017857371 
                0        8.3333333                0       -13.277583       -24.872418   -0.00015580383       -13.702402       -26.355072   -0.00015580383 
                0        8.5555556                0       -12.508278       -22.622063   -0.00013688205       -12.915379       -23.967844   -0.00013688205 
                0        8.7777778                0       -11.791341       -20.631687   -0.00012101321       -12.181233        -21.85492   -0.00012101321 
                0                9                0       -11.122719       -18.863817   -0.00010759381       -11.495942       -19.977219   -0.00010759381 
                0        9.2222222                0       -10.498722       -17.287673   -9.6159776e-05       -10.855838       -18.302532   -9.6159776e-05 
                0        9.4444444                0       -9.9159866       -15.877705   -8.6349889e-05       -10.257573       -16.804041   -8.6349889e-05 
                0        9.6666667                0       -9.3714416       -14.612511   -7.7879955e-05       -9.6980831       -15.459223   -7.7879955e-05 
                0        9.8888889                0        -8.862275       -13.474024   -7.0524131e-05       -9.1745594       -14.249022   -7.0524131e-05 
                0        10.111111                0       -8.3859078       -12.446885   -6.4101303e-05       -8.6844204       -13.157209   -6.4101303e-05 
                0        10.333333                0       -7.9399712       -11.517958      -5.8465e-05       -8.2252904       -12.169878      -5.8465e-05 
                0        10.555556                0       -7.5222859        -10.67595   -5.3495839e-05       -7.7949805       -11.275056   -5.3495839e-05 
                0        10.777778                0       -7.1308441       -9.9111025   -4.9095811e-05       -7.3914707       -10.462386   -4.9095811e-05 
                0               11                0       -6.7637948        -9.214946   -4.5183913e-05       -7.0128952       -9.7228698   -4.5183913e-05 


